0 0.4891267414203194 0.5156794425087108 0.023445463812436288 0.18118466898954705
1 0.4619435949711179 0.521602787456446 0.021406727828746176 0.17491289198606272
2 0.43577981651376146 0.4975609756097561 0.02820251444104655 0.21742160278745645
3 0.40927624872579 0.5142857142857142 0.0309208290859667 0.18118466898954705
5 0.3688413183826028 0.5275261324041812 0.0472307169554876 0.1588850174216028
6 0.32704723071695546 0.5177700348432056 0.0417940876656473 0.17421602787456447
8 0.517669045191981 0.5073170731707317 0.02616377845735644 0.2034843205574913
9 0.5429833503227999 0.5226480836236934 0.024464831804281346 0.18118466898954705
10 0.5723751274209989 0.5250871080139373 0.032279986408426775 0.1916376306620209
11 0.5959904858987428 0.5139372822299652 0.03669724770642202 0.17770034843205576
13 0.6357458375806999 0.5170731707317073 0.050288820931022764 0.1672473867595819
14 0.6792388718994223 0.5198606271777003 0.045531770302412504 0.17560975609756097
16 0.4954128440366973 0.7024390243902439 0.01766904519198097 0.13937282229965156
17 0.4780835881753313 0.7059233449477352 0.016989466530750934 0.14355400696864112
18 0.4563370710159701 0.713588850174216 0.021066938498131158 0.17979094076655053
19 0.43340129119945636 0.7219512195121951 0.0309208290859667 0.17282229965156795
20 0.409616038056405 0.7177700348432056 0.036357458375807 0.17560975609756097
21 0.3666326877336052 0.7376306620209059 0.048250084947332655 0.13170731707317074
22 0.3211009174311927 0.7 0.04960924226979273 0.16655052264808362
24 0.509683995922528 0.7 0.020387359836901122 0.1372822299651568
25 0.525654094461434 0.705226480836237 0.019707781175671082 0.14494773519163764
26 0.5445124023105674 0.7059233449477352 0.023445463812436288 0.1602787456445993
27 0.5701664967720014 0.713588850174216 0.031940197077811754 0.17421602787456447
28 0.5970098538905878 0.7125435540069687 0.037376826367652057 0.18885017421602787
29 0.6355759429153924 0.721602787456446 0.05470608222901801 0.1902439024390244
31 0.745497791369351 0.6763066202090592 0.07407407407407407 0.12195121951219512
33 0.37138973836221545 0.659581881533101 0.04281345565749235 0.04111498257839721
33 0.635406048250085 0.6519163763066202 0.01766904519198097 0.0397212543554007
