0 0.4824103099965169 0.4768880208333333 0.027864855451062348 0.18424479166666666
1 0.4548937652385928 0.4677734375 0.02229188436084988 0.20247395833333334
2 0.4339951236502961 0.4443359375 0.022988505747126436 0.185546875
3 0.4172762103796587 0.4420572916666667 0.02229188436084988 0.1953125
4 0.39533263671194707 0.4309895833333333 0.024381748519679555 0.1953125
6 0.32897944966910486 0.4309895833333333 0.062347614071752 0.17057291666666666
8 0.5102751654475792 0.470703125 0.024381748519679555 0.1796875
9 0.533611981887844 0.4700520833333333 0.023685127133402994 0.19010416666666666
10 0.5553814002089864 0.4609375 0.02124695228143504 0.19401041666666666
11 0.576105886450714 0.4527994791666667 0.020202020202020204 0.201171875
12 0.5947405085336119 0.4459635416666667 0.018460466736328805 0.21354166666666666
13 0.618425635667015 0.4602864583333333 0.03169627307558342 0.17317708333333334
14 0.6520376175548589 0.4482421875 0.04458376872169976 0.16080729166666666
16 0.4947753396029258 0.6891276041666666 0.017067223963775687 0.17513020833333334
17 0.4735283873214908 0.6852213541666666 0.02055033089515848 0.18294270833333334
18 0.4489724834552421 0.6940104166666666 0.023685127133402994 0.1953125
19 0.4235458028561477 0.6985677083333334 0.025774991292232673 0.17057291666666666
20 0.3963775687913619 0.69140625 0.034134447927551374 0.17578125
23 0.2948450017415535 0.6256510416666666 0.0741901776384535 0.10807291666666667
24 0.5135841170323929 0.6848958333333334 0.017763845350052248 0.17317708333333334
25 0.5337861372344131 0.6770833333333334 0.02055033089515848 0.171875
26 0.5562521769418322 0.6826171875 0.022988505747126436 0.18815104166666666
27 0.5839428770463253 0.6985677083333334 0.024033437826541274 0.15625
28 0.6118077324973876 0.6985677083333334 0.028909787530477186 0.15364583333333334
31 0.7018460466736329 0.62109375 0.07105538140020899 0.109375
33 0.3993382096830373 0.6220703125 0.02612330198537095 0.031901041666666664
33 0.42737722048066873 0.630859375 0.013932427725531174 0.040364583333333336
33 0.39724834552420757 0.5113932291666666 0.02681992337164751 0.030598958333333332
33 0.42023685127133403 0.525390625 0.03239289446185998 0.024739583333333332
33 0.4561128526645768 0.5322265625 0.010101010101010102 0.06575520833333333
33 0.4773598049460118 0.5387369791666666 0.019853709508881923 0.055338541666666664
33 0.5116684082201324 0.5234375 0.011842563566701497 0.0546875
33 0.5358760013932428 0.5436197916666666 0.017067223963775687 0.041666666666666664
33 0.5520724486241727 0.5445963541666666 0.012539184952978056 0.043619791666666664
33 0.5788923719958202 0.52734375 0.018112156043190525 0.045572916666666664
33 0.5949146638801811 0.5159505208333334 0.01532567049808429 0.044921875
33 0.6158133054684779 0.5081380208333334 0.035527690700104496 0.048828125
33 0.6527342389411355 0.5081380208333334 0.03692093347265761 0.029296875
33 0.5863810518982933 0.6256510416666666 0.022640195053988156 0.024739583333333332
33 0.6069313827934517 0.6328125 0.019853709508881923 0.02734375
