0 0.4942235813795447 0.5473867595818815 0.022765885151206252 0.18885017421602787
1 0.4707781175671084 0.5344947735191637 0.021406727828746176 0.1867595818815331
2 0.44835202174651717 0.5275261324041812 0.023445463812436288 0.2048780487804878
3 0.42626571525654094 0.5236933797909408 0.030241250424736663 0.20278745644599303
4 0.40248046211348965 0.5226480836236934 0.023445463812436288 0.1951219512195122
5 0.36986068637444786 0.5184668989547039 0.038396194359497114 0.18257839721254354
6 0.3287461773700306 0.5198606271777003 0.03771661569826707 0.15749128919860628
8 0.5188583078491336 0.5487804878048781 0.02310567448182127 0.18745644599303135
9 0.5416241930003398 0.5421602787456447 0.021066938498131158 0.178397212543554
10 0.5648997621474686 0.537979094076655 0.026843357118586476 0.18257839721254354
11 0.5857968059802923 0.5062717770034844 0.020387359836901122 0.12473867595818815
13 0.6389738362215427 0.5121951219512195 0.039755351681957186 0.09337979094076655
14 0.6761807679238871 0.5296167247386759 0.042133876996262316 0.16585365853658537
16 0.4979612640163099 0.7365853658536585 0.01529051987767584 0.15749128919860628
17 0.481311586816174 0.7358885017421603 0.01529051987767584 0.15609756097560976
18 0.4621134896364254 0.7372822299651568 0.02378525314305131 0.18118466898954705
19 0.43883792048929665 0.7278745644599303 0.0254841997961264 0.17212543554006968
21 0.3919469928644241 0.7149825783972126 0.06557934080869861 0.1421602787456446
22 0.34471627590893644 0.7045296167247387 0.06625891946992865 0.15331010452961671
24 0.5132517838939857 0.7310104529616724 0.016649677200135916 0.14494773519163764
25 0.5275229357798165 0.7418118466898954 0.018688413183826028 0.15958188153310104
26 0.5484199796126402 0.7383275261324042 0.019707781175671082 0.15818815331010452
27 0.5669384981311587 0.7278745644599303 0.022086306489976216 0.16236933797909409
28 0.5970098538905878 0.756794425087108 0.02378525314305131 0.11428571428571428
30 0.6788990825688074 0.724390243902439 0.05504587155963303 0.11358885017421602
32 0.6128100577641862 0.586411149825784 0.08596670064559973 0.06759581881533101
32 0.6345565749235474 0.6689895470383276 0.11518858307849134 0.08222996515679443
33 0.3540604825008495 0.6567944250871081 0.04960924226979273 0.06341463414634146
33 0.4004417261297995 0.6665505226480837 0.047910295616717634 0.06620209059233449
33 0.4957526333673123 0.6268292682926829 0.020387359836901122 0.02857142857142857
33 0.5105334692490656 0.6233449477351917 0.006455997281685355 0.036933797909407665
33 0.3730886850152905 0.5696864111498258 0.03058103975535168 0.07595818815331011
33 0.40553856608902483 0.5916376306620209 0.018008834522595992 0.037630662020905925
