0 0.4888328530259366 0.5114864864864865 0.03314121037463977 0.20405405405405405
1 0.4619956772334294 0.5087837837837837 0.02989913544668588 0.19864864864864865
2 0.43245677233429397 0.48986486486486486 0.027737752161383286 0.21621621621621623
3 0.41912824207492794 0.4983108108108108 0.03926512968299712 0.20337837837837838
4 0.3930115273775216 0.4908783783783784 0.03890489913544669 0.20472972972972972
5 0.3604106628242075 0.5043918918918919 0.05727665706051873 0.14121621621621622
6 0.3159221902017291 0.4847972972972973 0.05475504322766571 0.14797297297297296
7 0.2889048991354467 0.4179054054054054 0.04250720461095101 0.12094594594594595
8 0.524135446685879 0.5047297297297297 0.03602305475504323 0.20675675675675675
9 0.5486311239193083 0.4939189189189189 0.03386167146974063 0.18783783783783783
10 0.5731268011527377 0.46452702702702703 0.024495677233429394 0.1966216216216216
11 0.5873559077809798 0.4814189189189189 0.03422190201729106 0.1885135135135135
12 0.6132925072046109 0.4777027027027027 0.03134005763688761 0.1837837837837838
13 0.6473342939481268 0.4820945945945946 0.04178674351585014 0.15337837837837837
14 0.6838976945244957 0.4614864864864865 0.050072046109510084 0.15
15 0.7073126801152738 0.41081081081081083 0.04646974063400577 0.11486486486486487
16 0.4951368876080692 0.7091216216216216 0.035662824207492796 0.14932432432432433
17 0.47442363112391933 0.7087837837837838 0.03674351585014409 0.17027027027027028
18 0.4495677233429395 0.720945945945946 0.04899135446685879 0.17162162162162162
19 0.41192363112391933 0.7266891891891892 0.03710374639769452 0.17094594594594595
20 0.38418587896253603 0.7 0.060878962536023054 0.15135135135135136
21 0.3451008645533141 0.6827702702702703 0.07708933717579251 0.175
22 0.2908861671469741 0.6581081081081082 0.06736311239193084 0.15945945945945947
23 0.23595100864553314 0.6067567567567568 0.069164265129683 0.10405405405405406
24 0.5178314121037464 0.7070945945945946 0.027737752161383286 0.14797297297297296
25 0.5421469740634006 0.7074324324324325 0.03602305475504323 0.17027027027027028
26 0.5715057636887608 0.7158783783783784 0.032780979827089336 0.19256756756756757
27 0.595821325648415 0.6996621621621621 0.04610951008645533 0.175
28 0.6268011527377522 0.6905405405405406 0.053314121037463975 0.16216216216216217
29 0.6667867435158501 0.6608108108108108 0.06988472622478387 0.16486486486486487
30 0.7173991354466859 0.6222972972972973 0.07744956772334294 0.15675675675675677
31 0.7534221902017291 0.5871621621621622 0.0680835734870317 0.11216216216216217
