0 0.48521916411824667 0.45818815331010454 0.03058103975535168 0.20557491289198607
1 0.46041454298335033 0.45993031358885017 0.02310567448182127 0.2048780487804878
2 0.43187223921168877 0.4515679442508711 0.027862725110431533 0.23275261324041813
3 0.4091063540604825 0.45818815331010454 0.031940197077811754 0.22090592334494774
4 0.37767584097859325 0.4672473867595819 0.032279986408426775 0.1986062717770035
8 0.5174991505266735 0.4616724738675958 0.03126061841658172 0.20557491289198607
9 0.5389058783554196 0.4491289198606272 0.02378525314305131 0.2
10 0.5655793408086986 0.4456445993031359 0.032279986408426775 0.24181184668989547
11 0.5854570166496772 0.46933797909407665 0.03126061841658172 0.2
12 0.618076792388719 0.4355400696864111 0.027183146449201494 0.14076655052264808
13 0.6554536187563711 0.4425087108013937 0.037376826367652057 0.11846689895470383
16 0.4853890587835542 0.6613240418118467 0.019367991845056064 0.1602787456445993
17 0.4673802242609582 0.6696864111498257 0.022086306489976216 0.17421602787456447
18 0.44818212708120964 0.6947735191637631 0.024464831804281346 0.21045296167247388
19 0.42660550458715596 0.6832752613240418 0.02820251444104655 0.20278745644599303
20 0.39058783554196397 0.7073170731707317 0.024125042473666328 0.15191637630662022
21 0.3532110091743119 0.6560975609756098 0.04247366632687734 0.1735191637630662
22 0.3160040774719674 0.640418118466899 0.045531770302412504 0.1672473867595819
24 0.5037376826367652 0.6581881533101045 0.023445463812436288 0.16655052264808362
25 0.5253143051308189 0.6679442508710801 0.02854230377166157 0.18048780487804877
26 0.5497791369351003 0.6825783972125435 0.027862725110431533 0.18885017421602787
27 0.5749235474006116 0.6797909407665506 0.039415562351342165 0.1916376306620209
28 0.6077132178049609 0.6794425087108014 0.043153244988107374 0.1700348432055749
29 0.6472986748216106 0.6888501742160279 0.05164797825348284 0.110801393728223
30 0.6867142371729528 0.6327526132404181 0.059123343527013254 0.16445993031358885
31 0.7208630648997622 0.6087108013937282 0.052667346245327894 0.16236933797909409
32 0.6549439347604485 0.5275261324041812 0.10567448182127082 0.0808362369337979
32 0.3357118586476385 0.5094076655052264 0.059123343527013254 0.05714285714285714
33 0.31855249745158004 0.570383275261324 0.037037037037037035 0.0397212543554007
33 0.39704383282364936 0.6205574912891986 0.039755351681957186 0.06202090592334495
33 0.636765205572545 0.6198606271777003 0.045531770302412504 0.06620209059233449
33 0.6726129799524295 0.5738675958188153 0.0309208290859667 0.0313588850174216
33 0.36289500509684 0.6062717770034843 0.031940197077811754 0.0627177700348432
33 0.5888549099558273 0.6257839721254356 0.0509683995922528 0.0529616724738676
33 0.372918790349983 0.5128919860627178 0.020047570506286104 0.07804878048780488
33 0.40638803941556234 0.5149825783972125 0.024464831804281346 0.08222996515679443
34 0.3255181787291879 0.4181184668989547 0.021066938498131158 0.12822299651567945
34 0.35524974515800206 0.43449477351916377 0.024125042473666328 0.12055749128919861
