0 0.5095461095100865 0.42567567567567566 0.030619596541786743 0.20540540540540542
1 0.4884726224783862 0.4300675675675676 0.032420749279538905 0.18716216216216217
2 0.46235590778097985 0.4280405405405405 0.0335014409221902 0.20608108108108109
3 0.44074207492795386 0.4243243243243243 0.05367435158501441 0.20405405405405405
4 0.41696685878962536 0.43074324324324326 0.050072046109510084 0.1966216216216216
5 0.3728386167146974 0.4503378378378378 0.069164265129683 0.16013513513513514
6 0.3184438040345821 0.44425675675675674 0.05547550432276657 0.18445945945945946
7 0.2732348703170029 0.4418918918918919 0.04430835734870317 0.17162162162162162
8 0.5385446685878963 0.4293918918918919 0.028097982708933718 0.1885135135135135
9 0.5639409221902018 0.43074324324324326 0.022694524495677233 0.1777027027027027
10 0.589157060518732 0.4131756756756757 0.024855907780979826 0.21013513513513513
11 0.6154538904899135 0.4168918918918919 0.026296829971181556 0.1837837837837838
12 0.6379682997118156 0.42162162162162165 0.032420749279538905 0.17297297297297298
13 0.671649855907781 0.43986486486486487 0.042867435158501443 0.16216216216216217
14 0.7089337175792507 0.44054054054054054 0.037463976945244955 0.1554054054054054
15 0.7453170028818443 0.4375 0.035302593659942365 0.15202702702702703
16 0.5163904899135446 0.6239864864864865 0.02197406340057637 0.15337837837837837
17 0.4987391930835735 0.6236486486486487 0.02845821325648415 0.1608108108108108
18 0.4755043227665706 0.6533783783783784 0.03025936599423631 0.20675675675675675
19 0.4542507204610951 0.6554054054054054 0.03602305475504323 0.20405405405405405
20 0.43389769452449567 0.6533783783783784 0.04502881844380403 0.20270270270270271
21 0.3872478386167147 0.6506756756756756 0.059077809798270896 0.17972972972972973
22 0.335014409221902 0.6398648648648648 0.069164265129683 0.16486486486486487
23 0.27089337175792505 0.6256756756756757 0.08645533141210375 0.16216216216216217
24 0.5331412103746398 0.6273648648648649 0.0223342939481268 0.15067567567567566
25 0.551693083573487 0.625 0.024855907780979826 0.1581081081081081
26 0.5760086455331412 0.6310810810810811 0.0345821325648415 0.17297297297297298
28 0.5918587896253602 0.6256756756756757 0.02521613832853026 0.17297297297297298
28 0.6145533141210374 0.6293918918918919 0.03386167146974063 0.1831081081081081
29 0.6485951008645533 0.6331081081081081 0.050072046109510084 0.1837837837837838
30 0.6952449567723343 0.6317567567567568 0.05403458213256484 0.17702702702702702
31 0.739193083573487 0.6010135135135135 0.056195965417867436 0.14932432432432433
33 0.5902377521613833 0.47364864864864864 0.022694524495677233 0.051351351351351354
