0 0.47876316683656134 0.5059233449477352 0.026503567787971458 0.21045296167247388
1 0.4529391777098199 0.5020905923344948 0.022426095820591234 0.20557491289198607
2 0.42830445124023103 0.502787456445993 0.022086306489976216 0.21393728222996516
3 0.40468909276248727 0.4905923344947735 0.029221882432891606 0.21742160278745645
4 0.37767584097859325 0.47177700348432056 0.0309208290859667 0.2048780487804878
5 0.34386680258239893 0.45818815331010454 0.04417261297995243 0.2
6 0.3022426095820591 0.4163763066202091 0.04383282364933741 0.1916376306620209
8 0.5081549439347605 0.5059233449477352 0.02820251444104655 0.19790940766550522
9 0.5361875637104995 0.5034843205574913 0.020387359836901122 0.19303135888501743
10 0.5601427115188583 0.5034843205574913 0.023445463812436288 0.20278745644599303
11 0.5844376486578321 0.4989547038327526 0.0326197757390418 0.2034843205574913
12 0.6121304791029561 0.48501742160278744 0.036357458375807 0.21602787456445993
13 0.6493374108053007 0.4818815331010453 0.04417261297995243 0.19303135888501743
14 0.6919809717974855 0.4554006968641115 0.04043493034318722 0.18745644599303135
15 0.7266394835202175 0.4132404181184669 0.05130818892286782 0.1951219512195122
16 0.4949031600407747 0.7094076655052265 0.017329255861365953 0.15609756097560976
17 0.47332653754672105 0.7104529616724738 0.020387359836901122 0.1735191637630662
18 0.4473326537546721 0.7156794425087109 0.0309208290859667 0.18397212543554006
19 0.41896024464831805 0.705226480836237 0.042133876996262316 0.1686411149825784
20 0.39381583418280663 0.7017421602787457 0.05164797825348284 0.19372822299651568
21 0.35338090383961945 0.6651567944250871 0.06999660210669385 0.18606271777003483
22 0.30428134556574926 0.6250871080139373 0.0764525993883792 0.17282229965156795
23 0.2667346245327897 0.5533101045296167 0.06591913013931362 0.15609756097560976
24 0.5156303092082909 0.7087108013937282 0.018008834522595992 0.15331010452961671
25 0.5356778797145769 0.7111498257839721 0.022765885151206252 0.17212543554006968
26 0.5657492354740061 0.7087108013937282 0.045531770302412504 0.17979094076655053
27 0.5878355419639824 0.7017421602787457 0.042133876996262316 0.16306620209059233
28 0.6187563710499491 0.7059233449477352 0.059123343527013254 0.18815331010452963
29 0.6619096160380564 0.6909407665505226 0.07407407407407407 0.2
30 0.7137274889568468 0.645993031358885 0.07713217804960924 0.17560975609756097
31 0.7521236833163438 0.5947735191637631 0.06829765545361875 0.16236933797909409
33 0.39942235813795446 0.6226480836236934 0.022086306489976216 0.03554006968641115
