0 0.4926945293917771 0.4843205574912892 0.02582398912674142 0.20766550522648083
1 0.46687054026503566 0.47421602787456446 0.019707781175671082 0.20557491289198607
2 0.4451240231056745 0.4672473867595819 0.019707781175671082 0.21672473867595818
3 0.42286782195039074 0.443205574912892 0.024804621134896364 0.18118466898954705
4 0.39398572884811417 0.45121951219512196 0.027522935779816515 0.18466898954703834
5 0.36187563710499493 0.44703832752613243 0.040774719673802244 0.16376306620209058
6 0.3260278627251104 0.42717770034843205 0.043153244988107374 0.17142857142857143
8 0.5198776758409785 0.4867595818815331 0.026503567787971458 0.2097560975609756
9 0.5467210329595651 0.47979094076655054 0.02378525314305131 0.21672473867595818
10 0.5708460754332314 0.4853658536585366 0.025144410465511382 0.2097560975609756
11 0.5937818552497451 0.4818815331010453 0.0254841997961264 0.18466898954703834
12 0.6192660550458715 0.4745644599303136 0.02820251444104655 0.17282229965156795
13 0.6523955147808359 0.4623693379790941 0.04145429833503228 0.16376306620209058
14 0.6901121304791029 0.4456445993031359 0.03533809038396194 0.16097560975609757
16 0.4891267414203194 0.6777003484320557 0.024804621134896364 0.14006968641114984
17 0.4692490655793408 0.6780487804878049 0.02854230377166157 0.13937282229965156
18 0.4447842337750595 0.6853658536585366 0.03397893306150187 0.16097560975609757
19 0.4257560312606184 0.6637630662020906 0.03669724770642202 0.16097560975609757
20 0.4057084607543323 0.6498257839721254 0.04485219164118247 0.16794425087108014
21 0.3696907917091403 0.6282229965156795 0.06795786612300374 0.15818815331010452
22 0.32636765205572543 0.6006968641114983 0.06489976214746856 0.16306620209059233
24 0.5115528372409106 0.6808362369337979 0.018008834522595992 0.13937282229965156
25 0.5329595650696568 0.6794425087108014 0.017329255861365953 0.14773519163763066
26 0.5535168195718655 0.6930313588850174 0.019028202514441046 0.1735191637630662
27 0.5739041794087666 0.6742160278745645 0.027183146449201494 0.16794425087108014
28 0.6031260618416582 0.681184668989547 0.025144410465511382 0.12613240418118468
29 0.6398233095480802 0.6421602787456446 0.06659870880054367 0.16097560975609757
30 0.6860346585117227 0.6219512195121951 0.06931702344546381 0.16097560975609757
33 0.4199796126401631 0.5275261324041812 0.03126061841658172 0.05574912891986063
33 0.6262317363234794 0.6024390243902439 0.04960924226979273 0.07317073170731707
