0 0.4972816853550798 0.5508710801393728 0.021406727828746176 0.18885017421602787
1 0.47944274549779137 0.5452961672473867 0.014271151885830785 0.17770034843205576
2 0.45905538566089027 0.5355400696864111 0.020387359836901122 0.1735191637630662
3 0.4413863404689093 0.5313588850174216 0.02854230377166157 0.1902439024390244
4 0.4221882432891607 0.5257839721254356 0.0254841997961264 0.1735191637630662
5 0.3934760448521916 0.5020905923344948 0.040774719673802244 0.1470383275261324
6 0.3571185864763846 0.4989547038327526 0.039415562351342165 0.17142857142857143
7 0.32959565069656815 0.4752613240418119 0.036017669045191984 0.1240418118466899
8 0.5198776758409785 0.5613240418118467 0.021066938498131158 0.1735191637630662
9 0.5402650356778798 0.5515679442508711 0.013591573224600747 0.17491289198606272
10 0.5574243968739382 0.5435540069686411 0.017329255861365953 0.18118466898954705
11 0.5761128100577642 0.5449477351916376 0.022086306489976216 0.17979094076655053
12 0.5948012232415902 0.5331010452961672 0.024125042473666328 0.19094076655052264
13 0.6223241590214067 0.5365853658536586 0.036357458375807 0.1672473867595819
14 0.6576622494053687 0.5163763066202091 0.032279986408426775 0.1700348432055749
15 0.68144750254842 0.5031358885017422 0.03499830105334693 0.14634146341463414
16 0.5035677879714577 0.7344947735191638 0.014271151885830785 0.13797909407665504
17 0.4877675840978593 0.7341463414634146 0.012572205232755691 0.1470383275261324
18 0.4724770642201835 0.7268292682926829 0.012572205232755691 0.1616724738675958
19 0.4563370710159701 0.729616724738676 0.021066938498131158 0.17560975609756097
20 0.43696907917091404 0.7198606271777004 0.029901461094121645 0.1686411149825784
21 0.39891267414203196 0.6951219512195121 0.06048250084947333 0.156794425087108
22 0.35015290519877673 0.6843205574912892 0.06829765545361875 0.12682926829268293
23 0.3114169215086646 0.6268292682926829 0.07577302072714917 0.13310104529616726
24 0.5191980971797485 0.7376306620209059 0.013591573224600747 0.13170731707317074
25 0.5338090383961943 0.7358885017421603 0.011552837240910635 0.1254355400696864
26 0.5502888209310227 0.7365853658536585 0.017329255861365953 0.1672473867595819
27 0.5671083927964662 0.7310104529616724 0.020387359836901122 0.16306620209059233
28 0.5849473326537546 0.7268292682926829 0.026843357118586476 0.16445993031358885
29 0.6189262657152566 0.7104529616724738 0.052667346245327894 0.154006968641115
30 0.663778457356439 0.6909407665505226 0.06422018348623854 0.156794425087108
33 0.6201155283724091 0.651219512195122 0.025144410465511382 0.03832752613240418
33 0.3727488956846755 0.6334494773519164 0.04960924226979273 0.07247386759581882
33 0.39398572884811417 0.554006968641115 0.04247366632687734 0.07386759581881533
