0 0.49915052667346244 0.5445993031358886 0.02310567448182127 0.16794425087108014
1 0.48029221882432893 0.5236933797909408 0.022086306489976216 0.16655052264808362
2 0.46228338430173294 0.5233449477351917 0.024804621134896364 0.18397212543554006
3 0.4437648657832144 0.5073170731707317 0.03397893306150187 0.1700348432055749
4 0.41743119266055045 0.5031358885017422 0.03160040774719674 0.1616724738675958
6 0.38600067957866124 0.4881533101045296 0.043493034318722396 0.14982578397212543
7 0.3482840638803942 0.46132404181184666 0.043493034318722396 0.15609756097560976
8 0.5239551478083588 0.5473867595818815 0.025144410465511382 0.17491289198606272
9 0.5460414542983351 0.5442508710801394 0.019028202514441046 0.17142857142857143
10 0.5659191301393136 0.5337979094076655 0.024804621134896364 0.17700348432055749
11 0.5880054366292898 0.5337979094076655 0.03295956506965681 0.1588850174216028
12 0.6128100577641862 0.521602787456446 0.028882093102276588 0.156794425087108
13 0.6423717295276928 0.4912891986062718 0.04043493034318722 0.13797909407665504
14 0.6770302412504248 0.48292682926829267 0.03771661569826707 0.14494773519163764
15 0.7247706422018348 0.5860627177700348 0.07067618076792388 0.1337979094076655
16 0.507985049269453 0.7226480836236934 0.01563030920829086 0.14494773519163764
17 0.4926945293917771 0.7233449477351916 0.01766904519198097 0.11986062717770035
18 0.46992864424057085 0.7149825783972126 0.03397893306150187 0.13519163763066203
19 0.44818212708120964 0.7024390243902439 0.043493034318722396 0.13937282229965156
20 0.4303431872239212 0.6878048780487804 0.05198776758409786 0.1505226480836237
21 0.3849813115868162 0.6930313588850174 0.06320081549439348 0.11358885017421602
22 0.3440366972477064 0.6306620209059234 0.06625891946992865 0.14634146341463414
23 0.30818892286782196 0.5756097560975609 0.06931702344546381 0.13658536585365855
24 0.5231056744818213 0.7177700348432056 0.013251783893985729 0.10313588850174216
25 0.5385660890248046 0.7118466898954704 0.020387359836901122 0.11219512195121951
26 0.5570846075433231 0.7205574912891987 0.0254841997961264 0.13658536585365855
27 0.5779816513761468 0.710801393728223 0.031940197077811754 0.1505226480836237
28 0.6032959565069657 0.702787456445993 0.03907577302072715 0.154006968641115
29 0.6381243628950051 0.6763066202090592 0.06252123683316343 0.16794425087108014
30 0.6851851851851852 0.6466898954703832 0.07033639143730887 0.15749128919860628
33 0.36646279306829765 0.5902439024390244 0.03567787971457696 0.05435540069686411
33 0.40061162079510704 0.6296167247386759 0.045531770302412504 0.05505226480836237
33 0.6422018348623854 0.5407665505226481 0.03873598369011213 0.06550522648083623
