0 0.4712878015630309 0.38745644599303136 0.03397893306150187 0.2146341463414634
1 0.4400271831464492 0.3846689895470383 0.027183146449201494 0.2146341463414634
2 0.4126741420319402 0.3885017421602787 0.0254841997961264 0.1986062717770035
3 0.3849813115868162 0.39442508710801394 0.03126061841658172 0.18954703832752615
4 0.35575942915392456 0.38362369337979096 0.02854230377166157 0.17770034843205576
5 0.3233095480801903 0.364808362369338 0.04655113829425756 0.1818815331010453
6 0.2855929323819232 0.33693379790940764 0.04519198097179748 0.17073170731707318
7 0.24481821270812096 0.2951219512195122 0.04655113829425756 0.18745644599303135
8 0.5066258919469928 0.39581881533101043 0.034658511722731905 0.1951219512195122
9 0.5368671423717295 0.38362369337979096 0.027183146449201494 0.19581881533101045
10 0.564050288820931 0.3724738675958188 0.02854230377166157 0.22090592334494774
11 0.5954808019028203 0.38013937282229965 0.03363914373088685 0.18466898954703834
12 0.6265715256540945 0.37386759581881535 0.03126061841658172 0.17630662020905924
13 0.662419300033979 0.3533101045296167 0.04519198097179748 0.17700348432055749
14 0.701495073054706 0.33658536585365856 0.04655113829425756 0.17142857142857143
15 0.7402310567448183 0.30209059233449476 0.04994903160040775 0.18885017421602787
16 0.4950730547060822 0.5881533101045296 0.027862725110431533 0.15331010452961671
17 0.47196738022426094 0.5888501742160279 0.025144410465511382 0.15191637630662022
18 0.4432551817872919 0.6132404181184669 0.026843357118586476 0.18536585365853658
19 0.40791709140332993 0.6156794425087108 0.039755351681957186 0.15261324041811847
20 0.37988447162759087 0.6069686411149826 0.04145429833503228 0.1700348432055749
21 0.3394495412844037 0.5853658536585366 0.05844376486578321 0.17142857142857143
22 0.29510703363914376 0.5439024390243903 0.06557934080869861 0.16655052264808362
23 0.24498810737342847 0.4853658536585366 0.07203533809038397 0.15958188153310104
24 0.5149507305470609 0.5926829268292683 0.032279986408426775 0.14982578397212543
25 0.5334692490655794 0.5961672473867596 0.04009514101257221 0.1651567944250871
26 0.5655793408086986 0.6331010452961673 0.04383282364933741 0.154006968641115
27 0.5822290180088345 0.6013937282229965 0.04111450900441726 0.15749128919860628
28 0.6124702684335712 0.5979094076655053 0.04858987427794767 0.1700348432055749
29 0.6493374108053007 0.5808362369337979 0.0652395514780836 0.18048780487804877
30 0.699116547740401 0.5550522648083623 0.06422018348623854 0.18048780487804877
31 0.7456676860346585 0.5010452961672474 0.06286102616377846 0.13937282229965156
33 0.354570166496772 0.5310104529616725 0.04111450900441726 0.06550522648083623
