0 0.49405368671423716 0.4641114982578397 0.029901461094121645 0.19233449477351916
1 0.46687054026503566 0.4609756097560976 0.019707781175671082 0.18606271777003483
2 0.4395174991505267 0.4508710801393728 0.029561671763506627 0.22439024390243903
3 0.4145429833503228 0.4275261324041812 0.025144410465511382 0.14982578397212543
4 0.39024804621134895 0.4292682926829268 0.021406727828746176 0.14355400696864112
6 0.32483860006795784 0.44529616724738674 0.0326197757390418 0.1240418118466899
7 0.28644240570846075 0.4616724738675958 0.03329935440027183 0.16933797909407666
8 0.5231056744818213 0.4588850174216028 0.0254841997961264 0.20278745644599303
9 0.5509683995922529 0.45714285714285713 0.02072714916751614 0.19372822299651568
10 0.5759429153924567 0.45505226480836236 0.029901461094121645 0.1951219512195122
11 0.5985389058783555 0.4299651567944251 0.0254841997961264 0.1240418118466899
14 0.6834862385321101 0.43275261324041814 0.028882093102276588 0.13937282229965156
15 0.7183146449201495 0.42961672473867596 0.034658511722731905 0.17770034843205576
16 0.4920149507305471 0.6547038327526132 0.021066938498131158 0.14843205574912893
17 0.4731566428814135 0.6515679442508711 0.020047570506286104 0.16445993031358885
18 0.44308528712198436 0.6808362369337979 0.04145429833503228 0.18536585365853658
19 0.42592592592592593 0.6665505226480837 0.044512402310567446 0.17770034843205576
20 0.39891267414203196 0.6885017421602787 0.03329935440027183 0.15191637630662022
21 0.35847774379884473 0.6763066202090592 0.059123343527013254 0.13310104529616726
24 0.5115528372409106 0.659233449477352 0.018688413183826028 0.1602787456445993
25 0.5319401970778117 0.662020905923345 0.018008834522595992 0.1672473867595819
26 0.5528372409106354 0.670383275261324 0.021746517159361198 0.19094076655052264
27 0.5778117567108393 0.6606271777003484 0.026843357118586476 0.17700348432055749
28 0.6065239551478083 0.662369337979094 0.031940197077811754 0.1735191637630662
31 0.7262996941896025 0.6097560975609756 0.07033639143730887 0.13658536585365855
32 0.3696907917091403 0.5229965156794425 0.12844036697247707 0.059233449477351915
32 0.37037037037037035 0.5979094076655053 0.10601427115188583 0.06132404181184669
32 0.6427115188583078 0.5149825783972125 0.12266394835202174 0.05574912891986063
