0 0.48335032279986406 0.46794425087108016 0.0309208290859667 0.243205574912892
1 0.45429833503228 0.46794425087108016 0.027183146449201494 0.22508710801393728
2 0.42473666326877335 0.44529616724738674 0.02854230377166157 0.2480836236933798
3 0.40129119945633707 0.44773519163763065 0.0326197757390418 0.2181184668989547
4 0.373258579680598 0.4498257839721254 0.032279986408426775 0.19721254355400697
5 0.3348623853211009 0.4355400696864111 0.04858987427794767 0.19651567944250872
6 0.291539245667686 0.4097560975609756 0.04757050628610262 0.19233449477351916
7 0.27947672443085286 0.32996515679442506 0.044512402310567446 0.12195121951219512
8 0.5188583078491336 0.47560975609756095 0.03397893306150187 0.23344947735191637
9 0.5494393476044852 0.47317073170731705 0.027183146449201494 0.22020905923344947
10 0.5779816513761468 0.4662020905923345 0.03329935440027183 0.2397212543554007
11 0.6029561671763507 0.4721254355400697 0.03771661569826707 0.22090592334494774
12 0.627760788311247 0.47421602787456446 0.03160040774719674 0.20278745644599303
13 0.6675161399932042 0.4794425087108014 0.044512402310567446 0.17979094076655053
14 0.7110091743119266 0.4560975609756098 0.04383282364933741 0.18606271777003483
15 0.7347944274549779 0.38606271777003487 0.037037037037037035 0.14076655052264808
16 0.49677200135915733 0.7087108013937282 0.029221882432891606 0.18536585365853658
17 0.47179748555895346 0.7125435540069687 0.023445463812436288 0.21533101045296169
18 0.4398572884811417 0.7160278745644599 0.036357458375807 0.22787456445993032
19 0.4145429833503228 0.6860627177700348 0.04281345565749235 0.2097560975609756
20 0.3873598369011213 0.6773519163763067 0.04145429833503228 0.22020905923344947
21 0.34267753992524635 0.6585365853658537 0.07033639143730887 0.19372822299651568
22 0.29221882432891605 0.6236933797909407 0.0672782874617737 0.19233449477351916
23 0.24600747536527354 0.5770034843205575 0.06116207951070336 0.15470383275261324
24 0.5159700985389059 0.6947735191637631 0.022765885151206252 0.15470383275261324
25 0.5409446143391098 0.7118466898954704 0.019707781175671082 0.21114982578397212
26 0.5711858647638464 0.7355400696864112 0.034658511722731905 0.25853658536585367
27 0.5963302752293578 0.7149825783972126 0.0326197757390418 0.22020905923344947
28 0.6258919469928644 0.7149825783972126 0.04281345565749235 0.22996515679442509
29 0.6685355079850492 0.6916376306620209 0.06625891946992865 0.2013937282229965
30 0.7111790689772342 0.6693379790940767 0.05368671423717295 0.20557491289198607
31 0.7633367312266395 0.6104529616724739 0.06557934080869861 0.12264808362369338
33 0.35372069317023447 0.5909407665505226 0.03397893306150187 0.03902439024390244
33 0.3056405028882093 0.5651567944250872 0.03160040774719674 0.041811846689895474
33 0.4969418960244648 0.6289198606271778 0.014610941216445803 0.0313588850174216
33 0.6590214067278287 0.6177700348432056 0.03295956506965681 0.04529616724738676
33 0.7064220183486238 0.6038327526132404 0.025144410465511382 0.032752613240418116
