0 0.49252463472646957 0.4815331010452962 0.0254841997961264 0.1867595818815331
1 0.4716275908936459 0.4881533101045296 0.01766904519198097 0.16236933797909409
2 0.4507305470608223 0.4714285714285714 0.022765885151206252 0.2181184668989547
4 0.4111450900441726 0.47630662020905923 0.034658511722731905 0.17909407665505225
6 0.3834522595990486 0.4801393728222996 0.038396194359497114 0.1602787456445993
7 0.3419979612640163 0.45574912891986064 0.039755351681957186 0.18118466898954705
8 0.518348623853211 0.4912891986062718 0.022765885151206252 0.17979094076655053
9 0.5380564050288821 0.489198606271777 0.019367991845056064 0.16445993031358885
10 0.5589534488617057 0.4777003484320557 0.021066938498131158 0.22090592334494774
11 0.5800203873598369 0.48745644599303134 0.022426095820591234 0.19303135888501743
13 0.6221542643560992 0.48222996515679445 0.04009514101257221 0.16306620209059233
14 0.6627590893645939 0.4682926829268293 0.039755351681957186 0.19233449477351916
16 0.49949031600407745 0.6707317073170732 0.013591573224600747 0.14982578397212543
17 0.4853890587835542 0.6721254355400696 0.014610941216445803 0.16097560975609757
18 0.4692490655793408 0.6794425087108014 0.01766904519198097 0.18118466898954705
19 0.4505606523955148 0.6843205574912892 0.01766904519198097 0.18536585365853658
20 0.427624872579001 0.6954703832752613 0.02616377845735644 0.18954703832752615
21 0.3946653075093442 0.6905923344947735 0.04858987427794767 0.20069686411149826
22 0.3476044852191641 0.6613240418118467 0.07203533809038397 0.18118466898954705
23 0.3039415562351342 0.6059233449477351 0.06422018348623854 0.156794425087108
24 0.5120625212368332 0.6742160278745645 0.012232415902140673 0.14146341463414633
25 0.527353041114509 0.6728222996515679 0.013591573224600747 0.14843205574912893
26 0.5412844036697247 0.705226480836237 0.019707781175671082 0.19930313588850174
27 0.5591233435270132 0.6947735191637631 0.019367991845056064 0.19094076655052264
28 0.5878355419639824 0.7038327526132404 0.037376826367652057 0.18815331010452963
29 0.6224940536867143 0.6954703832752613 0.06320081549439348 0.20069686411149826
30 0.6688752973156643 0.6738675958188153 0.06557934080869861 0.19790940766550522
31 0.7093102276588515 0.6066202090592334 0.06965681277607882 0.15818815331010452
33 0.4123343527013252 0.5282229965156794 0.021406727828746176 0.050174216027874564
33 0.41403329935440025 0.6282229965156795 0.05130818892286782 0.05505226480836237
33 0.4529391777098199 0.6177700348432056 0.016989466530750934 0.04390243902439024
33 0.5854570166496772 0.6292682926829268 0.019707781175671082 0.037630662020905925
