0 0.48487031700288186 0.4608108108108108 0.026657060518731988 0.1891891891891892
1 0.46379682997118155 0.4631756756756757 0.024135446685878963 0.1804054054054054
2 0.4396613832853026 0.44763513513513514 0.03134005763688761 0.18986486486486487
3 0.41660662824207495 0.4489864864864865 0.03926512968299712 0.1831081081081081
4 0.38904899135446686 0.4412162162162162 0.03962536023054755 0.18243243243243243
5 0.34906340057636887 0.4277027027027027 0.04899135446685879 0.1662162162162162
6 0.3076368876080692 0.40675675675675677 0.04610951008645533 0.15945945945945947
8 0.5140489913544669 0.46452702702702703 0.028097982708933718 0.1858108108108108
9 0.5414265129682997 0.46587837837837837 0.023054755043227664 0.16283783783783784
10 0.56664265129683 0.4574324324324324 0.021613832853025938 0.17432432432432432
11 0.5896974063400576 0.4577702702702703 0.032420749279538905 0.1804054054054054
12 0.6176152737752162 0.45878378378378376 0.03134005763688761 0.15405405405405406
13 0.6512968299711815 0.4391891891891892 0.04178674351585014 0.1608108108108108
14 0.6907420749279539 0.4283783783783784 0.03710374639769452 0.13918918918918918
16 0.4787463976945245 0.6527027027027027 0.0223342939481268 0.15135135135135136
18 0.4538904899135447 0.6510135135135136 0.03025936599423631 0.17094594594594595
19 0.430835734870317 0.643581081081081 0.03818443804034582 0.16013513513513514
20 0.3978746397694525 0.6422297297297297 0.05511527377521614 0.17229729729729729
21 0.35680835734870314 0.6239864864864865 0.08753602305475504 0.17364864864864865
22 0.3090778097982709 0.5793918918918919 0.07636887608069164 0.14527027027027026
24 0.5061239193083573 0.6408783783783784 0.025936599423631124 0.1195945945945946
25 0.5226945244956772 0.6554054054054054 0.021613832853025938 0.15135135135135136
26 0.5493515850144092 0.672972972972973 0.029538904899135448 0.15675675675675677
27 0.5745677233429395 0.6577702702702702 0.04394812680115274 0.14932432432432433
28 0.6021253602305475 0.6445945945945946 0.052953890489913544 0.1527027027027027
29 0.6412103746397695 0.6283783783783784 0.07492795389048991 0.15945945945945947
30 0.6822766570605188 0.5922297297297298 0.061239193083573486 0.14527027027027026
