0 0.4920149507305471 0.47665505226480837 0.03669724770642202 0.21045296167247388
1 0.4585457016649677 0.4770034843205575 0.02820251444104655 0.2
2 0.4274549779136935 0.46689895470383275 0.03397893306150187 0.23554006968641114
3 0.39483520217465173 0.47247386759581883 0.037376826367652057 0.19094076655052264
4 0.363234794427455 0.467595818815331 0.025144410465511382 0.19790940766550522
5 0.32466870540265036 0.46132404181184666 0.04655113829425756 0.19651567944250872
6 0.27896704043493037 0.4421602787456446 0.0509683995922528 0.18885017421602787
7 0.2585796805980292 0.35958188153310106 0.06252123683316343 0.1240418118466899
8 0.5310907237512742 0.4839721254355401 0.034658511722731905 0.2013937282229965
9 0.5632008154943935 0.47735191637630664 0.021406727828746176 0.2062717770034843
10 0.5934420659191302 0.46062717770034844 0.030241250424736663 0.24390243902439024
11 0.6269113149847095 0.47630662020905923 0.03533809038396194 0.20418118466898955
12 0.6484879374787632 0.48292682926829267 0.036357458375807 0.18815331010452963
13 0.6731226639483521 0.4857142857142857 0.04485219164118247 0.18397212543554006
14 0.7189942235813795 0.47421602787456446 0.046890927624872576 0.16236933797909409
16 0.5074753652735304 0.7059233449477352 0.024804621134896364 0.20209059233449478
17 0.4780835881753313 0.7066202090592334 0.03126061841658172 0.2118466898954704
18 0.44121644580360175 0.7128919860627178 0.039755351681957186 0.21881533101045297
19 0.4077471967380224 0.7034843205574913 0.031940197077811754 0.19442508710801393
20 0.37189942235813794 0.6888501742160279 0.037037037037037035 0.19303135888501743
21 0.31923207611281007 0.6766550522648084 0.0744138634046891 0.18397212543554006
22 0.2667346245327897 0.6411149825783972 0.07475365273530411 0.18118466898954705
23 0.2161060142711519 0.6156794425087108 0.07067618076792388 0.17212543554006968
24 0.5378865103635746 0.6902439024390243 0.03058103975535168 0.16794425087108014
25 0.5650696568127761 0.697212543554007 0.034658511722731905 0.18466898954703834
26 0.5956506965681277 0.7181184668989548 0.037376826367652057 0.2264808362369338
27 0.6235134216785593 0.7045296167247387 0.029901461094121645 0.18815331010452963
28 0.6488277268093782 0.7222996515679443 0.04858987427794767 0.20557491289198607
29 0.6894325518178729 0.6982578397212543 0.072714916751614 0.19790940766550522
30 0.7290180088345226 0.6731707317073171 0.060142711518858305 0.2048780487804878
31 0.7883112470268434 0.6397212543554007 0.06931702344546381 0.11289198606271778
33 0.32891607203533807 0.6177700348432056 0.03805640502888209 0.04250871080139373
