0 0.49184505606523954 0.4177700348432056 0.024125042473666328 0.19581881533101045
1 0.4704383282364934 0.4101045296167247 0.017329255861365953 0.20836236933797908
2 0.4492014950730547 0.4094076655052265 0.025144410465511382 0.20278745644599303
3 0.4203194019707781 0.39616724738675957 0.03329935440027183 0.09686411149825784
5 0.3724091063540605 0.36689895470383277 0.03397893306150187 0.12195121951219512
6 0.3302752293577982 0.3989547038327526 0.043493034318722396 0.17909407665505225
8 0.5188583078491336 0.42229965156794425 0.021746517159361198 0.19233449477351916
9 0.5390757730207272 0.40662020905923346 0.014610941216445803 0.1916376306620209
10 0.5582738702004757 0.40313588850174215 0.02582398912674142 0.20278745644599303
11 0.582059123343527 0.410801393728223 0.025144410465511382 0.21254355400696864
12 0.6044852191641182 0.3853658536585366 0.014950730547060823 0.1156794425087108
13 0.6365953109072375 0.4292682926829268 0.038396194359497114 0.15609756097560976
14 0.6749915052667346 0.4289198606271777 0.037037037037037035 0.15958188153310104
16 0.5042473666326878 0.621602787456446 0.01291199456337071 0.16445993031358885
17 0.4877675840978593 0.6170731707317073 0.014610941216445803 0.1735191637630662
18 0.4704383282364934 0.6296167247386759 0.015970098538905877 0.1986062717770035
21 0.39024804621134895 0.6198606271777003 0.045871559633027525 0.10662020905923345
22 0.3384301732925586 0.5808362369337979 0.07067618076792388 0.156794425087108
24 0.5191980971797485 0.6177700348432056 0.019707781175671082 0.15958188153310104
25 0.535338090383962 0.616376306620209 0.017329255861365953 0.1470383275261324
26 0.5501189262657152 0.6219512195121951 0.019707781175671082 0.17073170731707318
27 0.5696568127760788 0.640418118466899 0.022765885151206252 0.12682926829268293
29 0.6248725790010193 0.6240418118466899 0.034658511722731905 0.10801393728222997
30 0.6685355079850492 0.5965156794425087 0.05878355419639823 0.1686411149825784
32 0.4198097179748556 0.5662020905923345 0.09616038056405028 0.09268292682926829
32 0.5987088005436629 0.5578397212543554 0.08222901800883452 0.07317073170731707
32 0.4001019367991845 0.4588850174216028 0.08868501529051988 0.07874564459930314
33 0.6046551138294257 0.4745644599303136 0.023445463812436288 0.0627177700348432
33 0.5808698606863745 0.48257839721254353 0.022765885151206252 0.07177700348432056
