0 0.4857288481141692 0.5365853658536586 0.024125042473666328 0.1951219512195122
1 0.463982330954808 0.5296167247386759 0.019367991845056064 0.19372822299651568
2 0.44427454977913694 0.51602787456446 0.022765885151206252 0.21533101045296169
3 0.4238871899422358 0.5132404181184669 0.024804621134896364 0.19442508710801393
4 0.399932042133877 0.5048780487804878 0.024464831804281346 0.19303135888501743
5 0.3659531090723751 0.5048780487804878 0.04485219164118247 0.15958188153310104
6 0.3200815494393476 0.4912891986062718 0.04145429833503228 0.15609756097560976
7 0.2969758749575263 0.4484320557491289 0.027183146449201494 0.08989547038327526
8 0.5122324159021406 0.5327526132404181 0.024125042473666328 0.1902439024390244
9 0.536017669045192 0.5292682926829269 0.018688413183826028 0.18885017421602787
10 0.5584437648657832 0.5181184668989547 0.022765885151206252 0.1916376306620209
11 0.5740740740740741 0.5097560975609756 0.028882093102276588 0.1902439024390244
12 0.5956506965681277 0.5104529616724739 0.027862725110431533 0.1916376306620209
13 0.6311586816173972 0.519163763066202 0.044512402310567446 0.1686411149825784
14 0.672782874617737 0.5034843205574913 0.04009514101257221 0.1651567944250871
15 0.698436969079171 0.46550522648083625 0.0309208290859667 0.08362369337979095
16 0.499660210669385 0.7379790940766551 0.018008834522595992 0.13658536585365855
17 0.47876316683656134 0.7348432055749129 0.020387359836901122 0.13310104529616726
18 0.45344886170574245 0.7303135888501742 0.022765885151206252 0.15191637630662022
19 0.4286442405708461 0.7205574912891987 0.032279986408426775 0.17700348432055749
20 0.4053686714237173 0.7142857142857143 0.03669724770642202 0.17142857142857143
21 0.36357458375807 0.7073170731707317 0.06048250084947333 0.18257839721254354
22 0.31753312945973494 0.6724738675958188 0.06625891946992865 0.1616724738675958
23 0.2786272511043153 0.6289198606271778 0.05368671423717295 0.1289198606271777
24 0.5193679918450561 0.7379790940766551 0.015970098538905877 0.13658536585365855
25 0.5395854570166497 0.7466898954703832 0.019707781175671082 0.1651567944250871
26 0.5632008154943935 0.7439024390243902 0.024804621134896364 0.18606271777003483
27 0.5912334352701325 0.740418118466899 0.03669724770642202 0.16933797909407666
28 0.6151885830784913 0.7282229965156795 0.03907577302072715 0.16585365853658537
29 0.6546041454298335 0.7219512195121951 0.06557934080869861 0.19094076655052264
30 0.7003058103975535 0.6846689895470384 0.07679238871899423 0.17212543554006968
31 0.7410805300713558 0.6480836236933798 0.053007135575942915 0.11149825783972125
33 0.3742779476724431 0.6320557491289198 0.029561671763506627 0.015331010452961672
33 0.6444104655113829 0.6435540069686411 0.02616377845735644 0.02578397212543554
