0 0.48980632008154945 0.4975609756097561 0.023445463812436288 0.19930313588850174
1 0.4677200135915732 0.49337979094076656 0.014610941216445803 0.1951219512195122
2 0.44614339109751955 0.478397212543554 0.021066938498131158 0.21254355400696864
3 0.4291539245667686 0.47874564459930313 0.026503567787971458 0.2034843205574913
4 0.4065579340808699 0.48257839721254353 0.024125042473666328 0.18885017421602787
5 0.3742779476724431 0.4857142857142857 0.03907577302072715 0.17282229965156795
6 0.33554196398233094 0.47874564459930313 0.03771661569826707 0.13101045296167246
7 0.3222901800883452 0.3804878048780488 0.05198776758409786 0.09895470383275261
8 0.5174991505266735 0.4937282229965157 0.02310567448182127 0.18048780487804877
9 0.5414542983350322 0.49825783972125437 0.01529051987767584 0.18815331010452963
10 0.5608222901800883 0.4902439024390244 0.018688413183826028 0.21951219512195122
11 0.5788311247026844 0.4926829268292683 0.028882093102276588 0.20069686411149826
12 0.6031260618416582 0.48222996515679445 0.029901461094121645 0.2062717770034843
14 0.6656472986748216 0.48466898954703835 0.037376826367652057 0.154006968641115
15 0.6884131838260279 0.41986062717770034 0.03873598369011213 0.1289198606271777
16 0.4983010533469249 0.7066202090592334 0.01529051987767584 0.1616724738675958
17 0.4801223241590214 0.7045296167247387 0.014950730547060823 0.16445993031358885
18 0.45769622833843016 0.7156794425087109 0.021066938498131158 0.19372822299651568
19 0.4347604485219164 0.705574912891986 0.032279986408426775 0.1916376306620209
20 0.4125042473666327 0.7066202090592334 0.043493034318722396 0.18954703832752615
21 0.37037037037037035 0.6874564459930314 0.072714916751614 0.17212543554006968
22 0.3253482840638804 0.6567944250871081 0.07033639143730887 0.1651567944250871
23 0.2835541963982331 0.6282229965156795 0.06965681277607882 0.13031358885017422
24 0.5168195718654435 0.7041811846689896 0.013591573224600747 0.154006968641115
25 0.5316004077471967 0.7118466898954704 0.018688413183826028 0.17630662020905924
26 0.553686714237173 0.7229965156794426 0.019367991845056064 0.2013937282229965
27 0.5749235474006116 0.7209059233449477 0.024464831804281346 0.1986062717770035
28 0.6032959565069657 0.7094076655052265 0.03567787971457696 0.18118466898954705
29 0.6406727828746177 0.6961672473867596 0.06965681277607882 0.17979094076655053
30 0.6856948691811077 0.6543554006968642 0.0672782874617737 0.1421602787456446
31 0.7283384301732926 0.6268292682926829 0.06354060482500849 0.1024390243902439
33 0.37682636765205574 0.5229965156794425 0.039415562351342165 0.08153310104529617
