0 0.4954128440366973 0.432404181184669 0.026503567787971458 0.18327526132404182
1 0.4716275908936459 0.43344947735191636 0.019707781175671082 0.17421602787456447
2 0.4471627590893646 0.4292682926829268 0.024464831804281346 0.19372822299651568
3 0.42439687393815834 0.43658536585365854 0.03058103975535168 0.17909407665505225
5 0.36119605844376484 0.42717770034843205 0.03805640502888209 0.12125435540069686
6 0.327556914712878 0.44076655052264807 0.037376826367652057 0.17073170731707318
8 0.526333673122664 0.43101045296167245 0.02854230377166157 0.1986062717770035
9 0.5480801902820251 0.4362369337979094 0.020387359836901122 0.20209059233449478
10 0.5723751274209989 0.4397212543554007 0.02616377845735644 0.2048780487804878
11 0.5965001698946653 0.445993031358885 0.028882093102276588 0.17700348432055749
12 0.6223241590214067 0.45958188153310103 0.0309208290859667 0.15958188153310104
13 0.6561331974176011 0.46376306620209057 0.04009514101257221 0.156794425087108
14 0.6977573904179408 0.454006968641115 0.043153244988107374 0.16376306620209058
16 0.48946653075093444 0.6470383275261324 0.015970098538905877 0.14982578397212543
17 0.47213727488956847 0.6522648083623693 0.017329255861365953 0.15609756097560976
18 0.45191980971797485 0.6519163763066202 0.021746517159361198 0.17073170731707318
19 0.4274549779136935 0.6529616724738676 0.02582398912674142 0.16445993031358885
20 0.4007815154604145 0.6456445993031359 0.029561671763506627 0.16097560975609757
21 0.3637444784233775 0.6452961672473868 0.04926945293917771 0.16445993031358885
22 0.3165137614678899 0.6439024390243903 0.0581039755351682 0.17560975609756097
24 0.5056065239551478 0.6554006968641115 0.01563030920829086 0.16236933797909409
25 0.528032619775739 0.6557491289198606 0.01766904519198097 0.1700348432055749
26 0.5485898742779477 0.6648083623693379 0.020047570506286104 0.18536585365853658
27 0.572714916751614 0.667595818815331 0.024804621134896364 0.1686411149825784
28 0.5970098538905878 0.6710801393728223 0.029901461094121645 0.17560975609756097
29 0.6384641522256201 0.662020905923345 0.053007135575942915 0.17700348432055749
30 0.6845056065239552 0.6564459930313589 0.05946313285762827 0.18257839721254354
33 0.3260278627251104 0.5832752613240418 0.023445463812436288 0.0445993031358885
33 0.36153584777437986 0.5794425087108014 0.031940197077811754 0.02857142857142857
33 0.3647638464152226 0.4993031358885017 0.037037037037037035 0.04390243902439024
33 0.6777098199116548 0.5930313588850175 0.028882093102276588 0.04041811846689895
33 0.6083927964661909 0.6104529616724739 0.012572205232755691 0.03623693379790941
33 0.6330275229357798 0.6041811846689895 0.034658511722731905 0.0529616724738676
33 0.3943255181787292 0.48292682926829267 0.020047570506286104 0.04320557491289199
34 0.3946653075093442 0.41742160278745644 0.018008834522595992 0.10034843205574913
