2 0.43461815561959655 0.44966216216216215 0.027737752161383286 0.10472972972972973
3 0.4196685878962536 0.485472972972973 0.028097982708933718 0.17229729729729729
4 0.3859870317002882 0.43277027027027026 0.03134005763688761 0.10202702702702703
6 0.3125 0.4152027027027027 0.04430835734870317 0.09932432432432432
8 0.5178314121037464 0.4797297297297297 0.02053314121037464 0.1
9 0.5437680115273775 0.48412162162162165 0.019812680115273776 0.10337837837837838
10 0.5709654178674352 0.4702702702702703 0.02377521613832853 0.12162162162162163
11 0.5990634005763689 0.4966216216216216 0.03025936599423631 0.17432432432432432
12 0.6262608069164265 0.49155405405405406 0.027737752161383286 0.16689189189189188
16 0.48739193083573484 0.6824324324324325 0.019452449567723344 0.12972972972972974
17 0.4701008645533141 0.6760135135135135 0.02089337175792507 0.13986486486486485
18 0.44704610951008644 0.7 0.026657060518731988 0.1472972972972973
19 0.42219020172910665 0.6875 0.03386167146974063 0.14256756756756755
20 0.39499279538904897 0.6743243243243243 0.04502881844380403 0.14864864864864866
21 0.3571685878962536 0.6472972972972973 0.07456772334293948 0.17027027027027028
24 0.5045028818443804 0.6871621621621622 0.018371757925072046 0.13513513513513514
25 0.5228746397694525 0.6885135135135135 0.0234149855907781 0.15
26 0.5479106628242075 0.6972972972972973 0.029538904899135448 0.1554054054054054
27 0.5738472622478387 0.6851351351351351 0.0345821325648415 0.1472972972972973
28 0.6012247838616714 0.6827702702702703 0.040345821325648415 0.14662162162162162
32 0.3521253602305475 0.5023648648648649 0.11851585014409222 0.11283783783783784
32 0.5028818443804035 0.5456081081081081 0.16210374639769454 0.09662162162162162
32 0.6505763688760807 0.6456081081081081 0.0670028818443804 0.07364864864864865
33 0.3649135446685879 0.5861486486486487 0.026657060518731988 0.030405405405405407
34 0.6431916426512968 0.40337837837837837 0.024135446685878963 0.08243243243243244
34 0.6806556195965417 0.3783783783783784 0.022694524495677233 0.07027027027027027
34 0.6343659942363112 0.731081081081081 0.024495677233429394 0.10945945945945947
34 0.6774135446685879 0.6969594594594595 0.02701729106628242 0.09121621621621621
