2 0.4417261297995243 0.4662020905923345 0.029221882432891606 0.14355400696864112
4 0.3968739381583418 0.4808362369337979 0.022426095820591234 0.11428571428571428
5 0.3657832144070676 0.47630662020905923 0.03160040774719674 0.10104529616724739
10 0.5861365953109072 0.4801393728222996 0.024464831804281346 0.1254355400696864
11 0.6065239551478083 0.47804878048780486 0.01834862385321101 0.12961672473867597
12 0.636085626911315 0.4658536585365854 0.019707781175671082 0.110801393728223
16 0.519028202514441 0.7264808362369338 0.020047570506286104 0.08153310104529617
17 0.4962623173632348 0.7292682926829268 0.018008834522595992 0.09128919860627177
18 0.4750254841997961 0.7456445993031359 0.031940197077811754 0.1421602787456446
19 0.4417261297995243 0.7146341463414634 0.021746517159361198 0.13170731707317074
23 0.28950050968399593 0.6508710801393728 0.07135575942915393 0.10313588850174216
24 0.5402650356778798 0.7240418118466899 0.019028202514441046 0.08362369337979095
25 0.5599728168535508 0.7170731707317073 0.01834862385321101 0.1059233449477352
26 0.5761128100577642 0.7383275261324042 0.02072714916751614 0.11637630662020906
30 0.6969079170914033 0.6714285714285714 0.04417261297995243 0.11916376306620209
32 0.463642541624193 0.5543554006968641 0.309548080190282 0.12195121951219512
32 0.654434250764526 0.5439024390243903 0.06252123683316343 0.09825783972125436
32 0.4804621134896364 0.6560975609756098 0.045531770302412504 0.07177700348432056
32 0.6345565749235474 0.6299651567944251 0.14169215086646278 0.11846689895470383
32 0.5336391437308868 0.6602787456445993 0.05606523955147808 0.07456445993031359
