0 0.4877675840978593 0.51602787456446 0.030241250424736663 0.17909407665505225
1 0.45769622833843016 0.518815331010453 0.025144410465511382 0.18048780487804877
2 0.4288141352361536 0.5083623693379791 0.027862725110431533 0.19581881533101045
3 0.40638803941556234 0.5034843205574913 0.031940197077811754 0.18606271777003483
4 0.37733605164797823 0.49965156794425086 0.03160040774719674 0.17282229965156795
5 0.3391097519537887 0.5010452961672474 0.04485219164118247 0.17282229965156795
6 0.30275229357798167 0.4759581881533101 0.059123343527013254 0.1588850174216028
7 0.28644240570846075 0.3804878048780488 0.046890927624872576 0.14076655052264808
8 0.5185185185185185 0.519163763066202 0.02854230377166157 0.19094076655052264
9 0.5475705062861026 0.5254355400696864 0.0254841997961264 0.17282229965156795
10 0.5757730207271492 0.5083623693379791 0.02820251444104655 0.19303135888501743
11 0.6012572205232756 0.5142857142857142 0.038396194359497114 0.1700348432055749
12 0.6262317363234794 0.5073170731707317 0.03397893306150187 0.16306620209059233
13 0.6683656133197418 0.49965156794425086 0.050288820931022764 0.16445993031358885
14 0.7072714916751613 0.486411149825784 0.060142711518858305 0.16306620209059233
15 0.7295276928304452 0.3871080139372822 0.0509683995922528 0.15261324041811847
16 0.49592252803261977 0.6940766550522648 0.024125042473666328 0.13240418118466898
17 0.47757390417940876 0.6954703832752613 0.020047570506286104 0.12961672473867597
18 0.44427454977913694 0.7128919860627178 0.038396194359497114 0.18397212543554006
19 0.4191301393136255 0.7139372822299651 0.03771661569826707 0.18885017421602787
20 0.391607203533809 0.697560975609756 0.044512402310567446 0.17560975609756097
21 0.25382262996941896 0.6411149825783972 0.05980292218824329 0.13101045296167246
21 0.3482840638803942 0.6912891986062718 0.07407407407407407 0.178397212543554
22 0.3068297655453619 0.6529616724738676 0.0509683995922528 0.1686411149825784
24 0.5171593611960584 0.7003484320557491 0.021066938498131158 0.13937282229965156
25 0.5351681957186545 0.710801393728223 0.029221882432891606 0.13658536585365855
26 0.5648997621474686 0.7156794425087109 0.030241250424736663 0.17421602787456447
27 0.5905538566089025 0.7031358885017421 0.031940197077811754 0.17282229965156795
28 0.6163778457356439 0.7090592334494773 0.04621134896364254 0.18606271777003483
29 0.6692150866462793 0.7038327526132404 0.08256880733944955 0.2034843205574913
30 0.7099898063200816 0.6689895470383276 0.0689772341148488 0.17979094076655053
31 0.7507645259938838 0.6533101045296167 0.05130818892286782 0.15261324041811847
33 0.5139313625552158 0.6069686411149826 0.019367991845056064 0.016724738675958188
