4 0.37020047570506287 0.5111498257839722 0.023445463812436288 0.09407665505226481
5 0.34318722392116885 0.5031358885017422 0.03329935440027183 0.10174216027874565
11 0.590383961943595 0.5236933797909408 0.018688413183826028 0.09268292682926829
12 0.6145090044172613 0.535191637630662 0.023445463812436288 0.10452961672473868
16 0.4962623173632348 0.6501742160278746 0.018008834522595992 0.1421602787456446
17 0.47366632687733606 0.6571428571428571 0.020387359836901122 0.15749128919860628
18 0.44971117906897723 0.6637630662020906 0.024804621134896364 0.1818815331010453
19 0.41709140332993544 0.6909407665505226 0.02616377845735644 0.11777003484320557
24 0.5195378865103636 0.6463414634146342 0.020387359836901122 0.12613240418118468
25 0.5429833503227999 0.6529616724738676 0.020387359836901122 0.1421602787456446
26 0.5694869181107713 0.6696864111498257 0.02854230377166157 0.15609756097560976
33 0.34437648657832143 0.5895470383275261 0.04655113829425756 0.07386759581881533
33 0.4203194019707781 0.6048780487804878 0.03533809038396194 0.07247386759581882
