0 0.4908256880733945 0.527177700348432 0.026843357118586476 0.16376306620209058
1 0.46415222562011554 0.5240418118466899 0.021066938498131158 0.15609756097560976
2 0.43968739381583416 0.5222996515679442 0.020387359836901122 0.15958188153310104
3 0.417940876656473 0.5365853658536586 0.026503567787971458 0.14773519163763066
4 0.3919469928644241 0.5303135888501742 0.02820251444104655 0.1421602787456446
5 0.3567787971457696 0.5331010452961672 0.037376826367652057 0.14076655052264808
6 0.3171933401291199 0.5341463414634147 0.036357458375807 0.13310104529616726
8 0.5200475705062861 0.524390243902439 0.026843357118586476 0.15818815331010452
9 0.5458715596330275 0.5306620209059233 0.019367991845056064 0.156794425087108
10 0.5722052327556915 0.5317073170731708 0.02378525314305131 0.16306620209059233
11 0.5927624872579002 0.5358885017421603 0.0254841997961264 0.1616724738675958
12 0.6187563710499491 0.5376306620209059 0.024464831804281346 0.1554006968641115
13 0.6510363574583758 0.545993031358885 0.03805640502888209 0.14982578397212543
14 0.6887529731566429 0.5425087108013937 0.034658511722731905 0.156794425087108
15 0.7230716955487597 0.537979094076655 0.03126061841658172 0.1337979094076655
16 0.5049269452939178 0.6993031358885018 0.0163098878695209 0.154006968641115
17 0.48623853211009177 0.7020905923344948 0.019028202514441046 0.156794425087108
18 0.464322120285423 0.7146341463414634 0.024804621134896364 0.19303135888501743
19 0.4378185524974516 0.7156794425087109 0.022765885151206252 0.178397212543554
20 0.41284403669724773 0.7181184668989548 0.027862725110431533 0.17491289198606272
21 0.3720693170234455 0.7202090592334495 0.05504587155963303 0.16933797909407666
22 0.32262996941896027 0.7 0.0581039755351682 0.16376306620209058
23 0.2786272511043153 0.6571428571428571 0.06252123683316343 0.12264808362369338
24 0.5239551478083588 0.7128919860627178 0.0163098878695209 0.17282229965156795
25 0.5426435609921848 0.7118466898954704 0.01563030920829086 0.15818815331010452
26 0.5632008154943935 0.7355400696864112 0.020047570506286104 0.19721254355400697
27 0.5847774379884472 0.7236933797909407 0.024464831804281346 0.16933797909407666
28 0.610431532449881 0.732404181184669 0.027522935779816515 0.1686411149825784
29 0.6462793068297655 0.7292682926829268 0.04621134896364254 0.16655052264808362
30 0.689772341148488 0.7174216027874565 0.0509683995922528 0.1554006968641115
31 0.7322460074753653 0.686411149825784 0.05368671423717295 0.13937282229965156
33 0.6405028882093102 0.6696864111498257 0.027183146449201494 0.0445993031358885
33 0.681787291879035 0.6585365853658537 0.030241250424736663 0.03484320557491289
