0 0.46793948126801155 0.3777027027027027 0.03025936599423631 0.23783783783783785
1 0.4429034582132565 0.36452702702702705 0.029178674351585013 0.2195945945945946
2 0.42237031700288186 0.35 0.030619596541786743 0.20945945945945946
3 0.4099423631123919 0.3635135135135135 0.03314121037463977 0.20945945945945946
4 0.38454610951008644 0.3550675675675676 0.03494236311239193 0.19527027027027027
5 0.3474423631123919 0.3368243243243243 0.0457492795389049 0.18445945945945946
6 0.3070965417867435 0.31385135135135134 0.0457492795389049 0.1966216216216216
7 0.267471181556196 0.3081081081081081 0.04070605187319885 0.1608108108108108
8 0.5028818443804035 0.3689189189189189 0.03386167146974063 0.2418918918918919
9 0.5237752161383286 0.36283783783783785 0.02881844380403458 0.22162162162162163
10 0.5531340057636888 0.3476351351351351 0.027737752161383286 0.2195945945945946
11 0.5761887608069164 0.35135135135135137 0.03998559077809798 0.20945945945945946
12 0.6046469740634006 0.33344594594594595 0.04358789625360231 0.2168918918918919
13 0.634185878962536 0.3287162162162162 0.06159942363112392 0.1885135135135135
14 0.6838976945244957 0.3054054054054054 0.04502881844380403 0.1918918918918919
15 0.778278097982709 0.46655405405405403 0.08609510086455331 0.1222972972972973
16 0.486671469740634 0.5996621621621622 0.02089337175792507 0.175
17 0.46865994236311237 0.6016891891891892 0.019452449567723344 0.18716216216216217
18 0.44056195965417866 0.6074324324324324 0.035302593659942365 0.22432432432432434
19 0.4085014409221902 0.6003378378378378 0.0345821325648415 0.18986486486486487
20 0.3818443804034582 0.5905405405405405 0.035302593659942365 0.19324324324324324
21 0.3353746397694525 0.5675675675675675 0.07420749279538905 0.21891891891891893
22 0.279178674351585 0.5341216216216216 0.07997118155619597 0.19797297297297298
23 0.2390129682997118 0.49966216216216214 0.058717579250720464 0.16554054054054054
24 0.5081051873198847 0.5996621621621622 0.02053314121037464 0.175
25 0.5264769452449568 0.6016891891891892 0.022694524495677233 0.16148648648648647
26 0.5482708933717579 0.6101351351351352 0.03602305475504323 0.24324324324324326
27 0.5734870317002881 0.589527027027027 0.03674351585014409 0.2168918918918919
28 0.6102305475504323 0.5834459459459459 0.06268011527377522 0.2141891891891892
29 0.6619236311239193 0.566554054054054 0.08465417867435159 0.21824324324324323
30 0.7154178674351584 0.5263513513513514 0.08717579250720461 0.20540540540540542
31 0.7271253602305475 0.2925675675675676 0.04430835734870317 0.16891891891891891
