0 0.4891267414203194 0.3846689895470383 0.032279986408426775 0.18815331010452963
1 0.4605844376486578 0.38885017421602786 0.021406727828746176 0.17282229965156795
2 0.43510023785253144 0.34425087108013935 0.027522935779816515 0.13519163763066203
5 0.35151206252123685 0.343205574912892 0.03160040774719674 0.10801393728222997
7 0.2769283044512402 0.3397212543554007 0.036017669045191984 0.10801393728222997
8 0.5224260958205912 0.3867595818815331 0.0309208290859667 0.18954703832752615
9 0.5509683995922529 0.38153310104529614 0.022765885151206252 0.1818815331010453
10 0.5745837580699966 0.37386759581881535 0.027183146449201494 0.19721254355400697
11 0.5998980632008155 0.3554006968641115 0.02072714916751614 0.10313588850174216
15 0.7285083248386001 0.34181184668989545 0.03533809038396194 0.09407665505226481
16 0.49592252803261977 0.5804878048780487 0.019367991845056064 0.13519163763066203
17 0.4777437988447163 0.5822299651567944 0.016989466530750934 0.15958188153310104
18 0.45565749235474007 0.5895470383275261 0.024464831804281346 0.17979094076655053
19 0.4330615018688413 0.5763066202090592 0.024804621134896364 0.17142857142857143
20 0.4060482500849473 0.5843205574912892 0.02854230377166157 0.19721254355400697
21 0.37020047570506287 0.5682926829268292 0.0472307169554876 0.1651567944250871
22 0.32076112810057766 0.5668989547038328 0.057764186204553175 0.17770034843205576
23 0.2765885151206252 0.5264808362369338 0.0652395514780836 0.13449477351916375
24 0.5120625212368332 0.5829268292682926 0.0163098878695209 0.14285714285714285
25 0.5331294597349643 0.5804878048780487 0.02310567448182127 0.15331010452961671
26 0.5552157662249405 0.5843205574912892 0.02582398912674142 0.16655052264808362
27 0.5791709140332993 0.5745644599303136 0.029561671763506627 0.16236933797909409
28 0.6038056405028882 0.5815331010452962 0.03397893306150187 0.18745644599303135
29 0.6413523615358477 0.5651567944250872 0.045871559633027525 0.17421602787456447
30 0.689772341148488 0.5630662020905923 0.05980292218824329 0.178397212543554
31 0.7356439007815154 0.5250871080139373 0.06591913013931362 0.13031358885017422
32 0.35423037716615696 0.4331010452961672 0.19741760108732587 0.09965156794425087
32 0.6653075093442066 0.42160278745644597 0.16106014271151886 0.1073170731707317
33 0.34437648657832143 0.5041811846689895 0.013251783893985729 0.0397212543554007
33 0.4023105674481821 0.5073170731707317 0.02310567448182127 0.05435540069686411
