0 0.481311586816174 0.4951219512195122 0.016649677200135916 0.18606271777003483
1 0.4634726469588855 0.5111498257839722 0.01291199456337071 0.14982578397212543
2 0.4420659191301393 0.4843205574912892 0.019707781175671082 0.1951219512195122
3 0.4216785592932382 0.48501742160278744 0.014950730547060823 0.16585365853658537
4 0.40214067278287463 0.4895470383275261 0.020047570506286104 0.17491289198606272
5 0.3751274209989806 0.48850174216027875 0.03397893306150187 0.16445993031358885
8 0.5047570506286103 0.49965156794425086 0.021406727828746176 0.1672473867595819
9 0.5236153584777438 0.5041811846689895 0.01834862385321101 0.16097560975609757
10 0.5472307169554876 0.5003484320557491 0.022765885151206252 0.178397212543554
11 0.5654094461433911 0.4937282229965157 0.024464831804281346 0.1735191637630662
12 0.5832483860006796 0.49198606271777 0.026843357118586476 0.18954703832752615
13 0.610431532449881 0.49337979094076656 0.04383282364933741 0.1602787456445993
16 0.48097179748555896 0.6857142857142857 0.022086306489976216 0.15470383275261324
17 0.463982330954808 0.6933797909407665 0.018008834522595992 0.1672473867595819
18 0.4473326537546721 0.7080139372822299 0.021406727828746176 0.19651567944250872
19 0.4303431872239212 0.6874564459930314 0.022086306489976216 0.154006968641115
20 0.40587835541963985 0.6822299651567945 0.036357458375807 0.15470383275261324
22 0.3425076452599388 0.6205574912891986 0.0652395514780836 0.14285714285714285
23 0.3171933401291199 0.5763066202090592 0.05198776758409786 0.11986062717770035
24 0.49745158002038736 0.6853658536585366 0.01291199456337071 0.14843205574912893
25 0.5118926265715257 0.6878048780487804 0.018688413183826028 0.15609756097560976
26 0.526673462453279 0.7010452961672474 0.021066938498131158 0.17979094076655053
27 0.5448521916411825 0.6878048780487804 0.018008834522595992 0.1588850174216028
28 0.5669384981311587 0.6846689895470384 0.023445463812436288 0.13170731707317074
30 0.637444784233775 0.6303135888501742 0.07611281005776419 0.17212543554006968
