0 0.4889568467550119 0.4686411149825784 0.027183146449201494 0.21114982578397212
1 0.4624532789670404 0.4623693379790941 0.02854230377166157 0.2264808362369338
2 0.4322120285423038 0.45993031358885017 0.027183146449201494 0.22439024390243903
3 0.4065579340808699 0.464808362369338 0.036357458375807 0.2062717770034843
4 0.37869520897043835 0.464808362369338 0.029561671763506627 0.19651567944250872
5 0.3406388039415562 0.4735191637630662 0.04926945293917771 0.1735191637630662
6 0.2983350322799864 0.4466898954703833 0.0564050288820931 0.15749128919860628
7 0.27539925246347263 0.3557491289198606 0.0417940876656473 0.10522648083623694
8 0.5193679918450561 0.4794425087108014 0.029561671763506627 0.19790940766550522
9 0.5479102956167177 0.46933797909407665 0.024125042473666328 0.21254355400696864
10 0.5767923887189942 0.4623693379790941 0.029561671763506627 0.2264808362369338
11 0.6038056405028882 0.47630662020905923 0.02854230377166157 0.1986062717770035
12 0.6335372069317023 0.47874564459930313 0.02820251444104655 0.19372822299651568
13 0.6719334012911995 0.4867595818815331 0.045871559633027525 0.17212543554006968
14 0.708800543662929 0.456794425087108 0.053007135575942915 0.17491289198606272
15 0.7313965341488278 0.37526132404181184 0.03907577302072715 0.110801393728223
16 0.4972816853550798 0.6797909407665506 0.024125042473666328 0.15958188153310104
17 0.4774040095141013 0.6714285714285714 0.027183146449201494 0.14843205574912893
18 0.45191980971797485 0.7034843205574913 0.02582398912674142 0.2181184668989547
19 0.4240570846075433 0.7003484320557491 0.029901461094121645 0.20905923344947736
20 0.39211688752973156 0.7003484320557491 0.040774719673802244 0.2062717770034843
21 0.34998301053346925 0.6832752613240418 0.06320081549439348 0.2
22 0.2966360856269113 0.6574912891986062 0.06252123683316343 0.18885017421602787
23 0.2475365273530411 0.6466898954703832 0.05198776758409786 0.12125435540069686
24 0.5159700985389059 0.675609756097561 0.016649677200135916 0.14425087108013937
25 0.536017669045192 0.6923344947735192 0.018688413183826028 0.17491289198606272
26 0.5609921848453958 0.7080139372822299 0.025144410465511382 0.2118466898954704
27 0.5878355419639824 0.702787456445993 0.02582398912674142 0.2069686411149826
28 0.6189262657152566 0.7048780487804878 0.0417940876656473 0.20278745644599303
29 0.6610601427115188 0.6885017421602787 0.05606523955147808 0.17700348432055749
30 0.709480122324159 0.6707317073170732 0.06048250084947333 0.17491289198606272
31 0.7585796805980293 0.6731707317073171 0.06489976214746856 0.1240418118466899
33 0.3562691131498471 0.6142857142857143 0.044512402310567446 0.05226480836236934
33 0.6517159361196059 0.6177700348432056 0.01563030920829086 0.04111498257839721
