0 0.4713616714697406 0.5081081081081081 0.03206051873198847 0.1945945945945946
1 0.4436239193083574 0.5054054054054054 0.029178674351585013 0.1918918918918919
2 0.41660662824207495 0.5023648648648649 0.024855907780979826 0.1858108108108108
3 0.3917507204610951 0.5043918918918919 0.03710374639769452 0.16959459459459458
5 0.36203170028818443 0.5050675675675675 0.040345821325648415 0.15202702702702703
6 0.31754322766570603 0.49358108108108106 0.042867435158501443 0.15337837837837837
7 0.2881844380403458 0.4486486486486487 0.04394812680115274 0.13783783783783785
8 0.5050432276657061 0.5118243243243243 0.030979827089337175 0.18986486486486487
9 0.5344020172910663 0.5027027027027027 0.029178674351585013 0.17432432432432432
10 0.5628602305475504 0.4966216216216216 0.026296829971181556 0.17162162162162162
11 0.5878962536023055 0.48412162162162165 0.0345821325648415 0.175
13 0.6217579250720461 0.49898648648648647 0.043227665706051875 0.14797297297297296
14 0.6649855907780979 0.4929054054054054 0.03962536023054755 0.15472972972972973
15 0.6934438040345822 0.43445945945945946 0.04899135446685879 0.13108108108108107
16 0.48180835734870314 0.6875 0.015489913544668587 0.125
17 0.46163544668587897 0.6918918918918919 0.0234149855907781 0.14189189189189189
18 0.43461815561959655 0.6939189189189189 0.029178674351585013 0.1608108108108108
19 0.408321325648415 0.706081081081081 0.04430835734870317 0.17027027027027028
21 0.3728386167146974 0.6854729729729729 0.05763688760806916 0.16283783783783784
22 0.3229466858789625 0.6628378378378378 0.06448126801152737 0.14324324324324325
23 0.2798991354466859 0.6554054054054054 0.05043227665706052 0.13918918918918918
24 0.5021613832853026 0.6898648648648649 0.018731988472622477 0.13243243243243244
25 0.525036023054755 0.6885135135135135 0.024135446685878963 0.13513513513513514
26 0.5542146974063401 0.6895270270270271 0.03926512968299712 0.16283783783783784
28 0.5819524495677233 0.6847972972972973 0.04358789625360231 0.16148648648648647
29 0.6156340057636888 0.6854729729729729 0.06195965417867435 0.1831081081081081
30 0.6664265129682997 0.6658783783783784 0.06556195965417867 0.15202702702702703
31 0.7029899135446686 0.6527027027027027 0.047910662824207494 0.13648648648648648
