0 0.4969418960244648 0.5278745644599303 0.019367991845056064 0.12473867595818815
1 0.4746856948691811 0.535191637630662 0.01766904519198097 0.11428571428571428
8 0.5237852531430514 0.535191637630662 0.021406727828746176 0.1421602787456446
9 0.54706082229018 0.5362369337979094 0.01766904519198097 0.14425087108013937
10 0.5701664967720014 0.5250871080139373 0.020387359836901122 0.14982578397212543
11 0.5936119605844377 0.5181184668989547 0.020387359836901122 0.14285714285714285
13 0.6585117227319062 0.5355400696864111 0.03397893306150187 0.11777003484320557
16 0.48844716275908934 0.7721254355400697 0.014610941216445803 0.07804878048780488
17 0.4716275908936459 0.7689895470383276 0.021066938498131158 0.0843205574912892
18 0.44631328576282703 0.7714285714285715 0.022086306489976216 0.1156794425087108
20 0.3900781515460415 0.7668989547038327 0.03058103975535168 0.13170731707317074
21 0.34471627590893644 0.7390243902439024 0.05878355419639823 0.1289198606271777
24 0.5105334692490656 0.7693379790940766 0.020047570506286104 0.08362369337979095
25 0.5248046211348963 0.7752613240418118 0.015970098538905877 0.08710801393728224
26 0.5507985049269453 0.7961672473867596 0.022426095820591234 0.13170731707317074
27 0.573394495412844 0.7850174216027874 0.022086306489976216 0.14146341463414633
28 0.5998980632008155 0.7815331010452962 0.021406727828746176 0.110801393728223
32 0.509683995922528 0.6062717770034843 0.09174311926605505 0.06829268292682927
32 0.6165477404009514 0.60801393728223 0.11518858307849134 0.07177700348432056
32 0.39534488617057423 0.6853658536585366 0.12810057764186206 0.09268292682926829
32 0.5088345225959905 0.7153310104529617 0.10023785253143051 0.07317073170731707
32 0.6034658511722731 0.7139372822299651 0.08426775399252463 0.07735191637630662
