0 0.4951368876080692 0.5297297297297298 0.027737752161383286 0.17027027027027028
1 0.46721902017291067 0.5158783783783784 0.025936599423631124 0.16959459459459458
2 0.4362391930835735 0.5037162162162162 0.03386167146974063 0.20202702702702702
3 0.4088616714697406 0.5074324324324324 0.035302593659942365 0.18243243243243243
4 0.38220461095100866 0.5152027027027027 0.03314121037463977 0.17229729729729729
5 0.34203890489913547 0.5101351351351351 0.050792507204610954 0.16891891891891891
6 0.29827089337175794 0.5158783783783784 0.04971181556195965 0.16418918918918918
8 0.5237752161383286 0.533445945945946 0.029538904899135448 0.17229729729729729
9 0.5520533141210374 0.533445945945946 0.027737752161383286 0.16689189189189188
10 0.583393371757925 0.5128378378378379 0.032780979827089336 0.20405405405405405
11 0.6059077809798271 0.5179054054054054 0.03674351585014409 0.18716216216216217
12 0.6322046109510087 0.5212837837837838 0.03962536023054755 0.18716216216216217
13 0.670028818443804 0.5239864864864865 0.051152737752161385 0.16283783783783784
14 0.7145172910662824 0.5033783783783784 0.058717579250720464 0.16756756756756758
16 0.48378962536023057 0.7175675675675676 0.018011527377521614 0.15945945945945947
17 0.46397694524495675 0.7277027027027027 0.023054755043227664 0.17702702702702702
18 0.43930115273775217 0.731418918918919 0.024135446685878963 0.1966216216216216
19 0.4140850144092219 0.7266891891891892 0.027737752161383286 0.1885135135135135
20 0.3868876080691643 0.7324324324324324 0.04250720461095101 0.1918918918918919
21 0.34546109510086453 0.7202702702702702 0.07708933717579251 0.17027027027027028
22 0.2979106628242075 0.7138513513513514 0.05403458213256484 0.17094594594594595
23 0.24837896253602307 0.6858108108108109 0.05655619596541787 0.10135135135135136
24 0.5045028818443804 0.7199324324324324 0.02197406340057637 0.16418918918918918
25 0.5237752161383286 0.7222972972972973 0.024495677233429394 0.16216216216216217
26 0.5488112391930836 0.7483108108108109 0.030619596541786743 0.19932432432432431
27 0.5731268011527377 0.7408783783783783 0.02881844380403458 0.1777027027027027
28 0.600864553314121 0.7385135135135135 0.04106628242074928 0.17702702702702702
29 0.6453530259365994 0.7358108108108108 0.08105187319884727 0.1972972972972973
30 0.694164265129683 0.7077702702702703 0.0670028818443804 0.16418918918918918
31 0.7498198847262247 0.6956081081081081 0.06376080691642651 0.12094594594594595
