0 0.5088256484149856 0.40540540540540543 0.029178674351585013 0.16216216216216217
1 0.482528818443804 0.4043918918918919 0.02197406340057637 0.15878378378378377
2 0.4663184438040346 0.3956081081081081 0.03926512968299712 0.18716216216216217
3 0.4364193083573487 0.3915540540540541 0.02989913544668588 0.1804054054054054
4 0.41156340057636887 0.3554054054054054 0.029178674351585013 0.10675675675675676
6 0.3528458213256484 0.36925675675675673 0.035662824207492796 0.0777027027027027
7 0.3090778097982709 0.3935810810810811 0.04106628242074928 0.14391891891891892
8 0.5356628242074928 0.3983108108108108 0.02881844380403458 0.16959459459459458
9 0.5578170028818443 0.3722972972972973 0.02053314121037464 0.10135135135135136
10 0.5882564841498559 0.36317567567567566 0.02377521613832853 0.10472972972972973
13 0.6617435158501441 0.3658783783783784 0.04106628242074928 0.10743243243243243
14 0.6905619596541787 0.39864864864864863 0.03386167146974063 0.15405405405405406
16 0.5109870317002881 0.5841216216216216 0.018371757925072046 0.1777027027027027
17 0.49261527377521613 0.6040540540540541 0.019812680115273776 0.21756756756756757
18 0.46956051873198845 0.6027027027027027 0.02845821325648415 0.22702702702702704
19 0.4438040345821326 0.5787162162162162 0.02881844380403458 0.175
20 0.4196685878962536 0.6239864864864865 0.027377521613832854 0.12364864864864865
22 0.33339337175792505 0.5972972972972973 0.07744956772334294 0.17702702702702702
23 0.29232708933717577 0.5564189189189189 0.0781700288184438 0.17229729729729729
24 0.5304394812680115 0.5956081081081082 0.014769452449567724 0.1966216216216216
25 0.5498919308357348 0.5925675675675676 0.02053314121037464 0.19864864864864865
26 0.573306916426513 0.5989864864864864 0.0234149855907781 0.2277027027027027
27 0.5981628242074928 0.6006756756756757 0.022694524495677233 0.1972972972972973
28 0.6262608069164265 0.6047297297297297 0.03494236311239193 0.19594594594594594
29 0.666606628242075 0.5881756756756756 0.060878962536023054 0.1912162162162162
30 0.7015489913544669 0.5621621621621622 0.04646974063400577 0.17297297297297298
32 0.3805835734870317 0.4358108108108108 0.10842939481268012 0.06756756756756757
32 0.37824207492795386 0.5486486486486486 0.10806916426512968 0.0891891891891892
32 0.611671469740634 0.4304054054054054 0.1260806916426513 0.07972972972972973
