0 0.48162824207492794 0.5459459459459459 0.025936599423631124 0.15135135135135136
1 0.45677233429394815 0.5364864864864864 0.02521613832853026 0.14054054054054055
2 0.42993515850144093 0.510472972972973 0.02989913544668588 0.1858108108108108
3 0.40237752161383283 0.5199324324324325 0.03674351585014409 0.16554054054054054
4 0.37788184438040345 0.518581081081081 0.03386167146974063 0.15608108108108107
5 0.3423991354466859 0.5094594594594595 0.047910662824207494 0.15945945945945947
6 0.3061959654178674 0.4851351351351351 0.05043227665706052 0.16486486486486487
7 0.2890850144092219 0.4195945945945946 0.04863112391930836 0.08513513513513514
8 0.5115273775216138 0.5415540540540541 0.02881844380403458 0.14797297297297296
9 0.5360230547550432 0.525 0.03170028818443804 0.13648648648648648
10 0.5648414985590778 0.5027027027027027 0.03602305475504323 0.17702702702702702
11 0.5911383285302594 0.5155405405405405 0.03602305475504323 0.1581081081081081
12 0.6181556195965417 0.5141891891891892 0.035302593659942365 0.1472972972972973
13 0.6527377521613833 0.5016891891891891 0.043227665706051875 0.16283783783783784
14 0.6853386167146974 0.4864864864864865 0.047910662824207494 0.15135135135135136
15 0.7071325648414986 0.42533783783783785 0.043227665706051875 0.08445945945945946
16 0.49801873198847263 0.7027027027027027 0.024135446685878963 0.12567567567567567
17 0.4783861671469741 0.7121621621621622 0.02521613832853026 0.1445945945945946
18 0.45605187319884727 0.7260135135135135 0.026657060518731988 0.18175675675675676
19 0.430835734870317 0.7162162162162162 0.03386167146974063 0.17972972972972973
20 0.40471902017291067 0.7128378378378378 0.04070605187319885 0.18513513513513513
21 0.3618515850144092 0.7003378378378379 0.0680835734870317 0.175
22 0.3103386167146974 0.6692567567567568 0.06376080691642651 0.15608108108108107
23 0.2710734870317003 0.6510135135135136 0.03926512968299712 0.08851351351351351
24 0.517471181556196 0.7037162162162162 0.0234149855907781 0.1277027027027027
25 0.5389048991354467 0.7148648648648649 0.02377521613832853 0.15405405405405406
26 0.5614193083573487 0.7158783783783784 0.032780979827089336 0.1804054054054054
27 0.5860951008645533 0.7013513513513514 0.03818443804034582 0.1662162162162162
28 0.6138328530259366 0.6945945945945946 0.053314121037463975 0.1635135135135135
29 0.6505763688760807 0.6878378378378378 0.06484149855907781 0.17702702702702702
30 0.6918227665706052 0.652027027027027 0.05367435158501441 0.15675675675675677
31 0.7312680115273775 0.629054054054054 0.03602305475504323 0.08783783783783784
