0 0.5010193679918451 0.4770034843205575 0.029561671763506627 0.2
1 0.47876316683656134 0.4686411149825784 0.02854230377166157 0.2
2 0.45548759768943253 0.47421602787456446 0.03499830105334693 0.17073170731707318
3 0.42847434590553857 0.48292682926829267 0.029221882432891606 0.13937282229965156
4 0.4036697247706422 0.4641114982578397 0.034658511722731905 0.17142857142857143
5 0.3651036357458376 0.4543554006968641 0.044512402310567446 0.1672473867595819
6 0.327217125382263 0.4348432055749129 0.04892966360856269 0.1686411149825784
8 0.528712198436969 0.4808362369337979 0.03533809038396194 0.17979094076655053
9 0.5562351342167856 0.47979094076655054 0.03058103975535168 0.1916376306620209
10 0.5784913353720693 0.4888501742160279 0.02820251444104655 0.18606271777003483
11 0.6004077471967381 0.4986062717770035 0.03533809038396194 0.16794425087108014
12 0.6240231056744818 0.4930313588850174 0.032279986408426775 0.17491289198606272
13 0.6581719334012912 0.49825783972125437 0.039415562351342165 0.1672473867595819
14 0.6924906557934081 0.48362369337979094 0.04281345565749235 0.16585365853658537
16 0.5203873598369011 0.6721254355400696 0.022086306489976216 0.17909407665505225
17 0.5027183146449201 0.6679442508710801 0.023445463812436288 0.1902439024390244
18 0.47706422018348627 0.6878048780487804 0.027183146449201494 0.17979094076655053
19 0.4512402310567448 0.6871080139372823 0.040774719673802244 0.1951219512195122
20 0.4142031940197078 0.6853658536585366 0.046890927624872576 0.1916376306620209
21 0.3759768943255182 0.6714285714285714 0.07169554875976894 0.18466898954703834
22 0.3324838600067958 0.6470383275261324 0.06557934080869861 0.17770034843205576
24 0.5372069317023446 0.6763066202090592 0.01834862385321101 0.1554006968641115
25 0.5565749235474006 0.6930313588850174 0.021066938498131158 0.17909407665505225
26 0.5759429153924567 0.721602787456446 0.027183146449201494 0.21254355400696864
27 0.6015970098538906 0.7128919860627178 0.024804621134896364 0.18118466898954705
28 0.6318382602786272 0.7087108013937282 0.03567787971457696 0.17282229965156795
29 0.6732925586136596 0.7017421602787457 0.06354060482500849 0.17979094076655053
33 0.44665307509344204 0.5167247386759581 0.022765885151206252 0.0397212543554007
33 0.39908256880733944 0.5118466898954703 0.024125042473666328 0.02857142857142857
33 0.5829085966700646 0.651219512195122 0.012572205232755691 0.059233449477351915
33 0.5970098538905878 0.662020905923345 0.01563030920829086 0.06689895470383275
