0 0.481651376146789 0.4132404181184669 0.036357458375807 0.15749128919860628
1 0.4517499150526674 0.4181184668989547 0.0309208290859667 0.15749128919860628
2 0.4252463472646959 0.42473867595818815 0.04111450900441726 0.16794425087108014
3 0.4038396194359497 0.44076655052264807 0.037037037037037035 0.16376306620209058
4 0.37903499830105336 0.4529616724738676 0.028882093102276588 0.15749128919860628
5 0.3406388039415562 0.4466898954703833 0.03771661569826707 0.1337979094076655
6 0.3069996602106694 0.4421602787456446 0.04111450900441726 0.16933797909407666
7 0.27149167516139994 0.4355400696864111 0.0326197757390418 0.14076655052264808
8 0.5149507305470609 0.4132404181184669 0.03295956506965681 0.1602787456445993
9 0.5429833503227999 0.4202090592334495 0.02582398912674142 0.1616724738675958
10 0.5699966021066939 0.4254355400696864 0.032279986408426775 0.17630662020905924
11 0.5949711179068977 0.4337979094076655 0.03397893306150187 0.1651567944250871
12 0.6192660550458715 0.4442508710801394 0.030241250424736663 0.1651567944250871
13 0.6539245667686034 0.4585365853658537 0.04519198097179748 0.15470383275261324
14 0.6940197077811757 0.4442508710801394 0.038396194359497114 0.16236933797909409
15 0.7288481141692151 0.43902439024390244 0.03397893306150187 0.14494773519163764
16 0.4966021066938498 0.5874564459930314 0.020047570506286104 0.15749128919860628
17 0.4762147468569487 0.6069686411149826 0.019367991845056064 0.19094076655052264
18 0.4529391777098199 0.6170731707317073 0.027183146449201494 0.2069686411149826
19 0.43000339789330616 0.6097560975609756 0.0254841997961264 0.17979094076655053
20 0.4053686714237173 0.6101045296167248 0.03533809038396194 0.16376306620209058
22 0.3217804960924227 0.6209059233449478 0.0564050288820931 0.1700348432055749
23 0.27522935779816515 0.5930313588850175 0.06999660210669385 0.1588850174216028
24 0.5152905198776758 0.5912891986062718 0.02072714916751614 0.15958188153310104
25 0.536017669045192 0.6059233449477351 0.02072714916751614 0.1818815331010453
26 0.5592932381923208 0.6334494773519164 0.02582398912674142 0.22020905923344947
27 0.5851172273190621 0.6121951219512195 0.027183146449201494 0.18327526132404182
28 0.6109412164458036 0.6146341463414634 0.031940197077811754 0.16445993031358885
30 0.6851851851851852 0.6139372822299651 0.06625891946992865 0.1616724738675958
31 0.7302072714916752 0.5881533101045296 0.06795786612300374 0.14355400696864112
33 0.34539585457016647 0.4926829268292683 0.019367991845056064 0.03484320557491289
33 0.4930343187223921 0.47317073170731705 0.010193679918450561 0.027874564459930314
33 0.5259938837920489 0.47177700348432056 0.009514101257220523 0.030662020905923345
