0 0.4835202174651716 0.5337979094076655 0.0326197757390418 0.17421602787456447
1 0.4570166496772001 0.5254355400696864 0.025144410465511382 0.1700348432055749
2 0.4325518178729188 0.5020905923344948 0.025144410465511382 0.20418118466898955
3 0.40706761807679237 0.5114982578397212 0.031940197077811754 0.17560975609756097
4 0.38464152225620113 0.5055749128919861 0.03126061841658172 0.16097560975609757
5 0.3513421678559293 0.5059233449477352 0.04281345565749235 0.15470383275261324
6 0.3129459734964322 0.4912891986062718 0.04281345565749235 0.14634146341463414
7 0.281515460414543 0.47630662020905923 0.03907577302072715 0.11637630662020906
8 0.5142711518858308 0.5390243902439025 0.030241250424736663 0.18466898954703834
9 0.5407747196738022 0.5452961672473867 0.028882093102276588 0.16376306620209058
10 0.5672782874617737 0.5236933797909408 0.030241250424736663 0.2097560975609756
11 0.590383961943595 0.5588850174216028 0.03771661569826707 0.12125435540069686
12 0.6179068977234115 0.5505226480836237 0.03295956506965681 0.13519163763066203
13 0.6491675161399932 0.5508710801393728 0.04383282364933741 0.11219512195121951
14 0.6919809717974855 0.5163763066202091 0.039755351681957186 0.15749128919860628
15 0.7261297995242949 0.5003484320557491 0.043493034318722396 0.15609756097560976
16 0.4850492694529392 0.7153310104529617 0.02072714916751614 0.16794425087108014
17 0.46534148827726807 0.7184668989547038 0.021406727828746176 0.17421602787456447
18 0.4422358137954468 0.7034843205574913 0.026843357118586476 0.17073170731707318
19 0.41590214067278286 0.7101045296167248 0.02582398912674142 0.17282229965156795
20 0.39211688752973156 0.7059233449477352 0.03397893306150187 0.17282229965156795
21 0.3532110091743119 0.681184668989547 0.061501868841318384 0.16655052264808362
22 0.3114169215086646 0.6557491289198606 0.05606523955147808 0.15470383275261324
23 0.2726809378185525 0.6153310104529617 0.04655113829425756 0.14076655052264808
24 0.5040774719673802 0.7198606271777004 0.0254841997961264 0.17700348432055749
25 0.5249745158002038 0.7191637630662021 0.025144410465511382 0.15749128919860628
26 0.5511382942575603 0.7261324041811846 0.02310567448182127 0.17700348432055749
27 0.5771321780496093 0.7254355400696864 0.028882093102276588 0.178397212543554
28 0.6026163778457356 0.7306620209059234 0.038396194359497114 0.18048780487804877
29 0.6452599388379205 0.7191637630662021 0.06659870880054367 0.17282229965156795
30 0.690451919809718 0.6912891986062718 0.057764186204553175 0.17142857142857143
31 0.7307169554875977 0.6449477351916376 0.04519198097179748 0.10940766550522649
33 0.4838600067957866 0.5846689895470383 0.02854230377166157 0.06968641114982578
33 0.5147808358817533 0.5902439024390244 0.02854230377166157 0.07247386759581882
