0 0.4938837920489297 0.4832752613240418 0.03499830105334693 0.17491289198606272
1 0.4600747536527353 0.4853658536585366 0.02582398912674142 0.17491289198606272
2 0.42779476724430854 0.4930313588850174 0.03397893306150187 0.18048780487804877
3 0.3982330954808019 0.502787456445993 0.03329935440027183 0.16655052264808362
7 0.2643560992184845 0.4665505226480836 0.04892966360856269 0.18885017421602787
8 0.5310907237512742 0.4808362369337979 0.034658511722731905 0.17979094076655053
9 0.564050288820931 0.4926829268292683 0.03329935440027183 0.17979094076655053
10 0.5908936459395175 0.50801393728223 0.036017669045191984 0.1867595818815331
11 0.6163778457356439 0.5202090592334495 0.03126061841658172 0.16655052264808362
13 0.6805980292218824 0.5362369337979094 0.042133876996262316 0.15121951219512195
15 0.7468569486918111 0.5118466898954703 0.03873598369011213 0.16097560975609757
16 0.5001698946653075 0.6714285714285714 0.019707781175671082 0.14982578397212543
17 0.4765545361875637 0.6721254355400696 0.024125042473666328 0.15818815331010452
18 0.45039075773020726 0.6804878048780488 0.024804621134896364 0.16794425087108014
19 0.42201834862385323 0.6933797909407665 0.02582398912674142 0.17700348432055749
20 0.391607203533809 0.6926829268292682 0.039755351681957186 0.16445993031358885
21 0.35423037716615696 0.686411149825784 0.0689772341148488 0.15609756097560976
22 0.30139313625552155 0.6662020905923345 0.06116207951070336 0.16306620209059233
23 0.25756031260618417 0.6411149825783972 0.0652395514780836 0.14494773519163764
24 0.5231056744818213 0.6724738675958188 0.02072714916751614 0.15470383275261324
25 0.54706082229018 0.6874564459930314 0.02378525314305131 0.16794425087108014
26 0.5718654434250765 0.702787456445993 0.03058103975535168 0.1916376306620209
27 0.5975195378865104 0.697560975609756 0.028882093102276588 0.15470383275261324
28 0.6236833163438668 0.7139372822299651 0.03295956506965681 0.18048780487804877
29 0.6651376146788991 0.7128919860627178 0.05946313285762827 0.1686411149825784
30 0.7072714916751613 0.7003484320557491 0.061501868841318384 0.16306620209059233
31 0.745837580699966 0.6763066202090592 0.06048250084947333 0.14982578397212543
33 0.26418620455317704 0.5902439024390244 0.036357458375807 0.03902439024390244
33 0.26469588854909953 0.5411149825783972 0.04145429833503228 0.029965156794425088
33 0.7480462113489637 0.5609756097560976 0.030241250424736663 0.027874564459930314
33 0.7407407407407407 0.6219512195121951 0.03058103975535168 0.03554006968641115
