0 0.49167516139993206 0.4867595818815331 0.0326197757390418 0.20418118466898955
1 0.46839959225280325 0.4770034843205575 0.022765885151206252 0.19442508710801393
2 0.4444444444444444 0.4634146341463415 0.025144410465511382 0.2062717770034843
3 0.42456676860346587 0.4397212543554007 0.0309208290859667 0.19233449477351916
4 0.4023105674481821 0.4240418118466899 0.03533809038396194 0.2
5 0.3647638464152226 0.4146341463414634 0.045871559633027525 0.18815331010452963
6 0.3233095480801903 0.4073170731707317 0.044512402310567446 0.156794425087108
7 0.30818892286782196 0.3195121951219512 0.0509683995922528 0.1456445993031359
8 0.5217465171593612 0.4937282229965157 0.028882093102276588 0.2
9 0.5423037716615698 0.4895470383275261 0.03058103975535168 0.1651567944250871
10 0.5645599728168536 0.4662020905923345 0.030241250424736663 0.19651567944250872
12 0.5851172273190621 0.4519163763066202 0.034658511722731905 0.18327526132404182
12 0.6128100577641862 0.43344947735191636 0.038396194359497114 0.10452961672473868
13 0.6479782534828407 0.43902439024390244 0.042133876996262316 0.15470383275261324
14 0.6841658171933401 0.3996515679442509 0.04383282364933741 0.19721254355400697
15 0.6969079170914033 0.3278745644599303 0.04281345565749235 0.110801393728223
16 0.49014610941216447 0.6958188153310104 0.022086306489976216 0.15958188153310104
17 0.46873938158341827 0.6951219512195121 0.02072714916751614 0.16933797909407666
18 0.44954128440366975 0.7170731707317073 0.0326197757390418 0.2313588850174216
19 0.41777098199116547 0.6940766550522648 0.037037037037037035 0.18954703832752615
20 0.3871899422358138 0.6777003484320557 0.047910295616717634 0.19581881533101045
21 0.34437648657832143 0.6557491289198606 0.08053007135575943 0.2034843205574913
22 0.2985049269452939 0.6132404181184669 0.0744138634046891 0.19372822299651568
23 0.2471967380224261 0.5630662020905923 0.07373428474345906 0.15470383275261324
24 0.5108732585796806 0.705574912891986 0.019367991845056064 0.16933797909407666
25 0.5331294597349643 0.7062717770034843 0.026503567787971458 0.18327526132404182
26 0.5577641862045531 0.7146341463414634 0.030241250424736663 0.23902439024390243
27 0.5795107033639144 0.6958188153310104 0.0309208290859667 0.18885017421602787
28 0.6160380564050288 0.6853658536585366 0.0509683995922528 0.2348432055749129
29 0.6583418280665987 0.6662020905923345 0.08053007135575943 0.2062717770034843
30 0.7050628610261638 0.6299651567944251 0.07543323139653414 0.2034843205574913
31 0.7553516819571865 0.5693379790940767 0.0781515460414543 0.12961672473867597
