0 0.4949031600407747 0.44529616724738674 0.03160040774719674 0.18954703832752615
1 0.4651715936119606 0.4442508710801394 0.024464831804281346 0.16933797909407666
2 0.43170234454638123 0.43832752613240417 0.03160040774719674 0.19372822299651568
3 0.4050288820931023 0.43902439024390244 0.02854230377166157 0.18257839721254354
4 0.3766564729867482 0.43797909407665503 0.028882093102276588 0.16794425087108014
5 0.34267753992524635 0.4456445993031359 0.04043493034318722 0.1554006968641115
6 0.25569147128780156 0.4125435540069686 0.0417940876656473 0.18397212543554006
8 0.5288820931022766 0.4505226480836237 0.028882093102276588 0.18327526132404182
9 0.5569147128780156 0.4554006968641115 0.02310567448182127 0.1735191637630662
10 0.5852871219843697 0.4623693379790941 0.03295956506965681 0.17770034843205576
11 0.6128100577641862 0.45331010452961673 0.026843357118586476 0.16794425087108014
12 0.636765205572545 0.44773519163763065 0.027183146449201494 0.16933797909407666
13 0.671423717295277 0.4491289198606272 0.03873598369011213 0.1456445993031359
14 0.7132178049609242 0.43205574912891986 0.042133876996262316 0.1672473867595819
16 0.5008494733265375 0.6439024390243903 0.013591573224600747 0.17142857142857143
17 0.481651376146789 0.6480836236933798 0.017329255861365953 0.1867595818815331
18 0.45956506965681276 0.6547038327526132 0.021406727828746176 0.20418118466898955
19 0.4291539245667686 0.6473867595818815 0.02378525314305131 0.18815331010452963
20 0.4018008834522596 0.6581881533101045 0.0254841997961264 0.21114982578397212
21 0.3566089024804621 0.6452961672473868 0.06354060482500849 0.19094076655052264
22 0.3119266055045872 0.624390243902439 0.06252123683316343 0.17560975609756097
24 0.5195378865103636 0.6477351916376307 0.014271151885830785 0.18048780487804877
25 0.5383961943594971 0.6470383275261324 0.017329255861365953 0.18466898954703834
26 0.5613319741760109 0.6641114982578398 0.022426095820591234 0.2132404181184669
27 0.5874957526333673 0.6578397212543554 0.02378525314305131 0.18954703832752615
28 0.6124702684335712 0.6651567944250871 0.0254841997961264 0.19581881533101045
29 0.6561331974176011 0.651219512195122 0.06320081549439348 0.1902439024390244
30 0.2985049269452939 0.42613240418118464 0.043153244988107374 0.15958188153310104
30 0.6975874957526333 0.632404181184669 0.05436629289840299 0.17491289198606272
31 0.7478763166836562 0.6003484320557492 0.0618416581719334 0.16236933797909409
33 0.29901461094121645 0.48257839721254353 0.039415562351342165 0.05226480836236934
33 0.34114848793747876 0.4965156794425087 0.04009514101257221 0.032752613240418116
33 0.6690451919809718 0.49965156794425086 0.03873598369011213 0.03902439024390244
