0 0.48402990146109415 0.48606271777003485 0.022765885151206252 0.20557491289198607
8 0.5054366292898403 0.478397212543554 0.021406727828746176 0.22369337979094076
10 0.5592932381923208 0.4466898954703833 0.03058103975535168 0.1240418118466899
16 0.48606863744478424 0.6668989547038328 0.020047570506286104 0.15331010452961671
17 0.4667006455997282 0.6672473867595818 0.02072714916751614 0.16794425087108014
18 0.44427454977913694 0.6564459930313589 0.029561671763506627 0.16445993031358885
19 0.417940876656473 0.6679442508710801 0.03533809038396194 0.16655052264808362
20 0.39755351681957185 0.6759581881533101 0.04485219164118247 0.17142857142857143
21 0.3579680598029222 0.6588850174216028 0.06625891946992865 0.17909407665505225
22 0.308868501529052 0.6526132404181184 0.06116207951070336 0.17212543554006968
23 0.26639483520217466 0.6094076655052265 0.059123343527013254 0.1470383275261324
24 0.49983010533469246 0.6836236933797909 0.01766904519198097 0.1073170731707317
25 0.5168195718654435 0.7010452961672474 0.020387359836901122 0.15191637630662022
26 0.5397553516819572 0.6905923344947735 0.037037037037037035 0.15191637630662022
27 0.5643900781515461 0.6679442508710801 0.03329935440027183 0.14843205574912893
28 0.589704383282365 0.678397212543554 0.03907577302072715 0.17212543554006968
29 0.6316683656133197 0.6885017421602787 0.0672782874617737 0.17421602787456447
30 0.6775399252463473 0.667595818815331 0.06591913013931362 0.17282229965156795
33 0.34964322120285424 0.6031358885017422 0.016989466530750934 0.04390243902439024
33 0.5558953448861705 0.5236933797909408 0.026503567787971458 0.06341463414634146
