0 0.4870880054366293 0.5275261324041812 0.029561671763506627 0.21045296167247388
1 0.4582059123343527 0.5236933797909408 0.023445463812436288 0.20278745644599303
2 0.4306829765545362 0.5184668989547039 0.028882093102276588 0.21045296167247388
3 0.4016309887869521 0.5195121951219512 0.03126061841658172 0.19442508710801393
4 0.3742779476724431 0.5198606271777003 0.029561671763506627 0.17700348432055749
5 0.3386000679578661 0.5128919860627178 0.04383282364933741 0.16306620209059233
6 0.30054366292898405 0.4888501742160279 0.044512402310567446 0.15818815331010452
7 0.28491335372069315 0.3780487804878049 0.04519198097179748 0.11637630662020906
8 0.5181787291879035 0.5219512195121951 0.0326197757390418 0.2146341463414634
9 0.5399252463472647 0.5101045296167247 0.04009514101257221 0.21045296167247388
10 0.5676180767923887 0.4770034843205575 0.032279986408426775 0.22369337979094076
11 0.5849473326537546 0.49825783972125437 0.039755351681957186 0.2132404181184669
12 0.6141692150866462 0.5087108013937283 0.03295956506965681 0.20069686411149826
13 0.6539245667686034 0.5181184668989547 0.045871559633027525 0.15818815331010452
14 0.6958885490995583 0.4902439024390244 0.04281345565749235 0.1735191637630662
15 0.7130479102956168 0.40557491289198605 0.04994903160040775 0.10034843205574913
16 0.4957526333673123 0.729616724738676 0.019707781175671082 0.16585365853658537
17 0.47519537886510366 0.7341463414634146 0.018008834522595992 0.156794425087108
18 0.45039075773020726 0.7376306620209059 0.03295956506965681 0.20278745644599303
19 0.42269792728508326 0.7317073170731707 0.029901461094121645 0.18257839721254354
20 0.38651036357458374 0.7334494773519163 0.043153244988107374 0.18885017421602787
21 0.34624532789670404 0.7080139372822299 0.07135575942915393 0.18257839721254354
22 0.29289840299014613 0.6641114982578398 0.07475365273530411 0.1672473867595819
23 0.24872579001019368 0.6585365853658537 0.059123343527013254 0.12264808362369338
24 0.5156303092082909 0.7275261324041812 0.018688413183826028 0.15191637630662022
25 0.536357458375807 0.7285714285714285 0.018008834522595992 0.16097560975609757
26 0.5562351342167856 0.7397212543554007 0.03126061841658172 0.21951219512195122
27 0.5876656472986749 0.7264808362369338 0.030241250424736663 0.18466898954703834
28 0.6196058443764866 0.7310104529616724 0.03907577302072715 0.19372822299651568
29 0.6632687733605165 0.7160278745644599 0.06048250084947333 0.19303135888501743
30 0.7120285423037717 0.6658536585365854 0.0689772341148488 0.1470383275261324
31 0.7516139993204214 0.6578397212543554 0.045531770302412504 0.1059233449477352
