0 0.47757390417940876 0.4480836236933798 0.02820251444104655 0.14355400696864112
1 0.44801223241590216 0.45993031358885017 0.024804621134896364 0.13797909407665504
2 0.4221882432891607 0.4641114982578397 0.02820251444104655 0.15470383275261324
3 0.39908256880733944 0.4770034843205575 0.026843357118586476 0.1289198606271777
4 0.37104994903160043 0.5170731707317073 0.029221882432891606 0.17142857142857143
6 0.3348623853211009 0.5156794425087108 0.0417940876656473 0.16585365853658537
7 0.2966360856269113 0.5184668989547039 0.04009514101257221 0.14355400696864112
8 0.5139313625552158 0.4547038327526132 0.028882093102276588 0.156794425087108
9 0.5433231396534148 0.45017421602787455 0.02854230377166157 0.16306620209059233
10 0.573394495412844 0.45121951219512196 0.03160040774719674 0.16097560975609757
11 0.6009174311926605 0.464808362369338 0.024804621134896364 0.15749128919860628
12 0.6279306829765545 0.47804878048780486 0.027862725110431533 0.14773519163763066
13 0.6607203533809038 0.5111498257839722 0.04247366632687734 0.19442508710801393
16 0.4857288481141692 0.7247386759581882 0.024804621134896364 0.16585365853658537
17 0.4600747536527353 0.7254355400696864 0.03058103975535168 0.1672473867595819
18 0.4322120285423038 0.7282229965156795 0.03397893306150187 0.17560975609756097
19 0.4053686714237173 0.7250871080139373 0.0326197757390418 0.15818815331010452
20 0.3763166836561332 0.7104529616724738 0.04111450900441726 0.15958188153310104
21 0.3309548080190282 0.6986062717770035 0.06659870880054367 0.18327526132404182
22 0.29714576962283384 0.678397212543554 0.05402650356778797 0.17212543554006968
22 0.6726129799524295 0.7087108013937282 0.06422018348623854 0.16585365853658537
23 0.24260958205912334 0.6759581881533101 0.06795786612300374 0.14076655052264808
24 0.5105334692490656 0.7226480836236934 0.024804621134896364 0.1700348432055749
25 0.5377166156982671 0.7282229965156795 0.024125042473666328 0.17282229965156795
26 0.5691471287801563 0.721602787456446 0.03329935440027183 0.18327526132404182
27 0.5925925925925926 0.7101045296167248 0.03329935440027183 0.14494773519163764
31 0.7334352701325179 0.6581881533101045 0.07985049269452939 0.12473867595818815
32 0.5125722052327557 0.5599303135888501 0.2558613659531091 0.1024390243902439
33 0.6673462453278967 0.662369337979094 0.042133876996262316 0.059233449477351915
33 0.33350322799864085 0.556794425087108 0.03499830105334693 0.07526132404181185
33 0.3419979612640163 0.6515679442508711 0.045871559633027525 0.0627177700348432
33 0.31005776418620457 0.6289198606271778 0.024804621134896364 0.04111498257839721
33 0.30513081889228677 0.5519163763066202 0.020387359836901122 0.0529616724738676
33 0.6445803601766904 0.5787456445993031 0.019707781175671082 0.0397212543554007
34 0.6231736323479443 0.756794425087108 0.01563030920829086 0.08501742160278745
