0 0.48980632008154945 0.5439024390243903 0.023445463812436288 0.17770034843205576
1 0.46636085626911317 0.5414634146341464 0.022765885151206252 0.19094076655052264
2 0.44699286442405706 0.5428571428571428 0.024125042473666328 0.20069686411149826
3 0.42626571525654094 0.5435540069686411 0.028882093102276588 0.18397212543554006
4 0.40095141012572205 0.537979094076655 0.027183146449201494 0.1686411149825784
5 0.36952089704383284 0.5404181184668989 0.044512402310567446 0.1651567944250871
6 0.3328236493374108 0.5407665505226481 0.03907577302072715 0.13658536585365855
8 0.5125722052327557 0.5466898954703833 0.022086306489976216 0.18327526132404182
9 0.5338090383961943 0.5411149825783972 0.01766904519198097 0.17491289198606272
10 0.5523275569147129 0.5452961672473867 0.022086306489976216 0.18327526132404182
11 0.5722052327556915 0.5439024390243903 0.027183146449201494 0.18048780487804877
12 0.5941216445803602 0.5473867595818815 0.028882093102276588 0.18048780487804877
13 0.6272511043153245 0.5494773519163763 0.03805640502888209 0.154006968641115
16 0.49592252803261977 0.7439024390243902 0.018688413183826028 0.15261324041811847
17 0.47910295616717635 0.7456445993031359 0.01834862385321101 0.15609756097560976
18 0.45769622833843016 0.7494773519163763 0.021066938498131158 0.17630662020905924
19 0.43696907917091404 0.7393728222996516 0.02582398912674142 0.14634146341463414
20 0.4053686714237173 0.7376306620209059 0.039415562351342165 0.16097560975609757
21 0.3690112130479103 0.7202090592334495 0.06252123683316343 0.17630662020905924
22 0.3326537546721033 0.7024390243902439 0.057764186204553175 0.17142857142857143
23 0.2796466190961604 0.697212543554007 0.06455997281685355 0.12613240418118468
24 0.5137614678899083 0.748432055749129 0.016989466530750934 0.15749128919860628
25 0.5324498810737343 0.7445993031358885 0.01834862385321101 0.15818815331010452
26 0.5526673462453279 0.7334494773519163 0.022765885151206252 0.156794425087108
27 0.5737342847434591 0.7369337979094077 0.026843357118586476 0.14285714285714285
29 0.6428814135236154 0.721602787456446 0.06048250084947333 0.16236933797909409
30 0.6936799184505607 0.6721254355400696 0.07509344206591913 0.110801393728223
32 0.5159700985389059 0.5857142857142857 0.2089704383282365 0.09268292682926829
33 0.34114848793747876 0.5777003484320558 0.021746517159361198 0.059930313588850176
33 0.34624532789670404 0.6519163763066202 0.02310567448182127 0.04529616724738676
33 0.3759768943255182 0.6763066202090592 0.04247366632687734 0.05505226480836237
33 0.3666326877336052 0.5763066202090592 0.02378525314305131 0.06550522648083623
33 0.6371049949031601 0.6770034843205575 0.03873598369011213 0.05365853658536585
34 0.5990485898742779 0.7428571428571429 0.027183146449201494 0.14773519163763066
