0 0.49279538904899134 0.4966216216216216 0.028097982708933718 0.19324324324324324
1 0.46884005763688763 0.48445945945945945 0.02989913544668588 0.18783783783783783
2 0.4396613832853026 0.47871621621621624 0.03494236311239193 0.21824324324324323
3 0.4148054755043228 0.47331081081081083 0.04214697406340057 0.20472972972972972
4 0.3854466858789625 0.4726351351351351 0.04106628242074928 0.18445945945945946
5 0.3423991354466859 0.47533783783783784 0.04430835734870317 0.16689189189189188
6 0.299171469740634 0.45135135135135135 0.050072046109510084 0.1837837837837838
8 0.5237752161383286 0.4983108108108108 0.028097982708933718 0.18175675675675676
9 0.5524135446685879 0.4851351351351351 0.025576368876080693 0.18513513513513513
10 0.5790706051873199 0.49155405405405406 0.027737752161383286 0.19932432432432431
11 0.6069884726224783 0.4847972972972973 0.029538904899135448 0.1777027027027027
12 0.6327449567723343 0.4820945945945946 0.02989913544668588 0.17635135135135135
13 0.6667867435158501 0.4668918918918919 0.040345821325648415 0.18243243243243243
14 0.7078530259365994 0.4560810810810811 0.040345821325648415 0.17702702702702702
16 0.5009005763688761 0.6783783783783783 0.0234149855907781 0.13918918918918918
17 0.4783861671469741 0.6841216216216216 0.02377521613832853 0.16689189189189188
18 0.45172910662824206 0.6807432432432432 0.028097982708933718 0.17905405405405406
19 0.4194884726224784 0.677027027027027 0.03494236311239193 0.1864864864864865
20 0.38940922190201727 0.6652027027027027 0.0468299711815562 0.1831081081081081
21 0.3341138328530259 0.6493243243243243 0.09762247838616715 0.1810810810810811
22 0.2770172910662824 0.6182432432432432 0.09077809798270893 0.16216216216216217
24 0.5201729106628242 0.6800675675675676 0.023054755043227664 0.14391891891891892
25 0.5421469740634006 0.6800675675675676 0.02521613832853026 0.15472972972972973
26 0.5720461095100865 0.6793918918918919 0.0345821325648415 0.175
27 0.5997838616714697 0.6733108108108108 0.025936599423631124 0.175
28 0.6277017291066282 0.6682432432432432 0.0335014409221902 0.18513513513513513
29 0.6736311239193083 0.654054054054054 0.06484149855907781 0.18243243243243243
30 0.7215417867435159 0.6229729729729729 0.07204610951008646 0.17162162162162162
33 0.34329971181556196 0.5432432432432432 0.03602305475504323 0.022972972972972974
33 0.6604827089337176 0.581081081081081 0.03206051873198847 0.032432432432432434
33 0.6698487031700289 0.5381756756756757 0.0234149855907781 0.016891891891891893
