0 0.47553516819571867 0.43066202090592337 0.029561671763506627 0.2048780487804878
1 0.445973496432212 0.43658536585365854 0.02820251444104655 0.1986062717770035
2 0.42439687393815834 0.4369337979094077 0.026503567787971458 0.20766550522648083
3 0.3941556235134217 0.4397212543554007 0.04417261297995243 0.18954703832752615
5 0.34318722392116885 0.44878048780487806 0.04281345565749235 0.17700348432055749
8 0.5042473666326878 0.4236933797909408 0.0326197757390418 0.20905923344947736
9 0.5338090383961943 0.43588850174216026 0.02378525314305131 0.18745644599303135
10 0.5589534488617057 0.43449477351916377 0.0326197757390418 0.21533101045296169
11 0.581039755351682 0.445993031358885 0.0326197757390418 0.18954703832752615
13 0.6527353041114509 0.4445993031358885 0.0652395514780836 0.18954703832752615
15 0.7229018008834522 0.42334494773519166 0.04994903160040775 0.21672473867595818
16 0.4784233775059463 0.6275261324041812 0.019028202514441046 0.16794425087108014
17 0.46075433231396534 0.6383275261324042 0.02378525314305131 0.17700348432055749
18 0.4386680258239891 0.662020905923345 0.025144410465511382 0.22717770034843204
19 0.41182466870540263 0.6487804878048781 0.025144410465511382 0.19233449477351916
21 0.3550798504926945 0.654006968641115 0.07407407407407407 0.20278745644599303
22 0.31549439347604485 0.6278745644599303 0.07033639143730887 0.19233449477351916
23 0.27607883112470266 0.5777003484320558 0.06218144750254842 0.17142857142857143
24 0.4960924226979273 0.6344947735191637 0.019028202514441046 0.17212543554006968
25 0.517669045191981 0.6494773519163763 0.022086306489976216 0.20905923344947736
26 0.5390757730207272 0.6641114982578398 0.02820251444104655 0.22857142857142856
27 0.5643900781515461 0.6627177700348432 0.027183146449201494 0.19233449477351916
28 0.5898742779476724 0.6700348432055749 0.04281345565749235 0.22229965156794426
29 0.6372748895684676 0.659233449477352 0.07985049269452939 0.20766550522648083
30 0.6770302412504248 0.6254355400696864 0.06354060482500849 0.16933797909407666
31 0.7285083248386001 0.6048780487804878 0.06863744478423378 0.17142857142857143
