0 0.46992864424057085 0.49965156794425086 0.03329935440027183 0.2313588850174216
1 0.4381583418280666 0.5045296167247387 0.02616377845735644 0.20209059233449478
2 0.4065579340808699 0.47979094076655054 0.029561671763506627 0.22926829268292684
3 0.37682636765205574 0.48989547038327524 0.029901461094121645 0.1951219512195122
4 0.34420659191301395 0.4710801393728223 0.029901461094121645 0.2062717770034843
5 0.3069996602106694 0.45574912891986064 0.044512402310567446 0.19790940766550522
6 0.2619775739041794 0.4372822299651568 0.045531770302412504 0.17212543554006968
7 0.22069317023445464 0.41289198606271776 0.04519198097179748 0.1554006968641115
8 0.5042473666326878 0.5031358885017422 0.03126061841658172 0.22996515679442509
9 0.5355079850492694 0.4989547038327526 0.029901461094121645 0.221602787456446
10 0.5671083927964662 0.4818815331010453 0.03058103975535168 0.23623693379790942
11 0.600067957866123 0.4839721254355401 0.0326197757390418 0.21533101045296169
12 0.6337071015970098 0.4710801393728223 0.027862725110431533 0.20905923344947736
13 0.6726129799524295 0.46202090592334494 0.04858987427794767 0.19651567944250872
14 0.7161060142711518 0.4498257839721254 0.04858987427794767 0.16933797909407666
16 0.4782534828406388 0.7059233449477352 0.023445463812436288 0.14912891986062718
17 0.4529391777098199 0.7101045296167248 0.02854230377166157 0.1602787456445993
18 0.42116887529731567 0.7191637630662021 0.04247366632687734 0.2048780487804878
19 0.3934760448521916 0.702787456445993 0.039415562351342165 0.17491289198606272
20 0.36306489976214745 0.6916376306620209 0.04994903160040775 0.17212543554006968
21 0.3216106014271152 0.6766550522648084 0.07373428474345906 0.18815331010452963
22 0.27302072714916753 0.6397212543554007 0.07373428474345906 0.1700348432055749
23 0.22426095820591233 0.572822299651568 0.072714916751614 0.14494773519163764
24 0.5015290519877675 0.7195121951219512 0.020387359836901122 0.1651567944250871
25 0.5248046211348963 0.7181184668989548 0.022086306489976216 0.17073170731707318
26 0.5575942915392457 0.7317073170731707 0.03805640502888209 0.2118466898954704
27 0.5878355419639824 0.7142857142857143 0.037376826367652057 0.19233449477351916
28 0.6236833163438668 0.7087108013937282 0.050628610261637785 0.2034843205574913
29 0.665477404009514 0.6794425087108014 0.07781175671083929 0.19930313588850174
30 0.7152565409446143 0.632404181184669 0.06591913013931362 0.16236933797909409
