0 0.4858987427794767 0.4857142857142857 0.036017669045191984 0.22020905923344947
1 0.46279306829765543 0.48745644599303134 0.026503567787971458 0.21393728222996516
2 0.4352701325178389 0.4867595818815331 0.029901461094121645 0.21533101045296169
3 0.4145429833503228 0.4871080139372822 0.026503567787971458 0.1951219512195122
4 0.39177709819911655 0.49337979094076656 0.0326197757390418 0.17700348432055749
5 0.3577981651376147 0.4857142857142857 0.04145429833503228 0.17282229965156795
6 0.31396534148827726 0.47247386759581883 0.04145429833503228 0.1686411149825784
8 0.5288820931022766 0.49198606271777 0.03771661569826707 0.2229965156794425
9 0.5513081889228678 0.49198606271777 0.0309208290859667 0.21045296167247388
10 0.5776418620455318 0.4912891986062718 0.03397893306150187 0.2118466898954704
11 0.5998980632008155 0.4926829268292683 0.030241250424736663 0.2062717770034843
12 0.6214746856948692 0.49825783972125437 0.026503567787971458 0.18257839721254354
13 0.6542643560992185 0.5041811846689895 0.03771661569826707 0.16097560975609757
14 0.6980971797485559 0.48501742160278744 0.03907577302072715 0.178397212543554
16 0.5066258919469928 0.7212543554006968 0.01563030920829086 0.19790940766550522
17 0.4874277947672443 0.7073170731707317 0.016649677200135916 0.1672473867595819
18 0.4648318042813456 0.7271777003484321 0.019707781175671082 0.2264808362369338
19 0.43934760448521915 0.7142857142857143 0.020387359836901122 0.19372822299651568
20 0.4133537206931702 0.7219512195121951 0.030241250424736663 0.2118466898954704
21 0.3744478423377506 0.697212543554007 0.05980292218824329 0.18466898954703834
22 0.32585796805980294 0.6700348432055749 0.06048250084947333 0.1735191637630662
23 0.28270472307169553 0.6442508710801393 0.05436629289840299 0.13449477351916375
24 0.5244648318042814 0.7195121951219512 0.016649677200135916 0.1916376306620209
25 0.5436629289840299 0.7205574912891987 0.01563030920829086 0.19651567944250872
26 0.564050288820931 0.7344947735191638 0.020387359836901122 0.221602787456446
27 0.5919130139313625 0.7240418118466899 0.027862725110431533 0.1951219512195122
28 0.6163778457356439 0.7320557491289199 0.040774719673802244 0.2013937282229965
29 0.6512062521236833 0.7094076655052265 0.060142711518858305 0.18397212543554006
30 0.6974176010873259 0.6752613240418118 0.06489976214746856 0.16585365853658537
31 0.7414203194019707 0.6466898954703832 0.06116207951070336 0.12961672473867597
33 0.6331974176010873 0.6505226480836237 0.030241250424736663 0.050871080139372825
33 0.6862045531770302 0.627177700348432 0.0309208290859667 0.05435540069686411
33 0.3379204892966361 0.6073170731707317 0.03160040774719674 0.032752613240418116
33 0.40129119945633707 0.6358885017421603 0.019707781175671082 0.0397212543554007
