0 0.48980632008154945 0.48118466898954704 0.027522935779816515 0.20278745644599303
1 0.46381243628950053 0.49477351916376305 0.02378525314305131 0.1616724738675958
1 0.5142711518858308 0.4895470383275261 0.03295956506965681 0.1916376306620209
2 0.4378185524974516 0.4735191637630662 0.026843357118586476 0.21393728222996516
3 0.4187903499830105 0.4930313588850174 0.032279986408426775 0.15818815331010452
4 0.3931362555215766 0.4808362369337979 0.029901461094121645 0.17282229965156795
6 0.3171933401291199 0.4686411149825784 0.038396194359497114 0.15121951219512195
7 0.2793068297655454 0.43066202090592337 0.042133876996262316 0.17560975609756097
9 0.5424736663268773 0.4902439024390244 0.024804621134896364 0.1986062717770035
10 0.5693170234454639 0.478397212543554 0.02820251444104655 0.24181184668989547
11 0.5900441726129799 0.5010452961672474 0.032279986408426775 0.17700348432055749
12 0.6211348963642541 0.49547038327526133 0.03126061841658172 0.18536585365853658
14 0.6853550798504927 0.48292682926829267 0.04417261297995243 0.17282229965156795
15 0.7246007475365274 0.48362369337979094 0.03771661569826707 0.12822299651567945
16 0.49252463472646957 0.6822299651567945 0.015970098538905877 0.1602787456445993
17 0.47536527353041114 0.6829268292682927 0.019707781175671082 0.17282229965156795
18 0.45378865103635746 0.697212543554007 0.023445463812436288 0.2013937282229965
19 0.42847434590553857 0.6895470383275262 0.03329935440027183 0.1735191637630662
20 0.39738362215426437 0.6947735191637631 0.05402650356778797 0.19651567944250872
21 0.36408426775399255 0.6763066202090592 0.06693849813115868 0.19303135888501743
22 0.31906218144750254 0.6320557491289198 0.06388039415562351 0.1421602787456446
23 0.27217125382262997 0.5986062717770034 0.0672782874617737 0.15470383275261324
24 0.508664627930683 0.6815331010452962 0.01563030920829086 0.15331010452961671
25 0.5265035677879715 0.678397212543554 0.021406727828746176 0.15121951219512195
26 0.544002718314645 0.7003484320557491 0.024464831804281346 0.19651567944250872
27 0.5694869181107713 0.7031358885017421 0.027183146449201494 0.18954703832752615
28 0.5968399592252803 0.7094076655052265 0.04111450900441726 0.2034843205574913
29 0.637444784233775 0.7 0.07203533809038397 0.21114982578397212
30 0.6863744478423377 0.6815331010452962 0.07067618076792388 0.18397212543554006
31 0.7288481141692151 0.6348432055749129 0.06863744478423378 0.14634146341463414
33 0.59072375127421 0.5383275261324042 0.028882093102276588 0.06759581881533101
33 0.38566089024804623 0.5372822299651568 0.01563030920829086 0.04320557491289199
33 0.5971797485558954 0.627177700348432 0.018688413183826028 0.030662020905923345
