0 0.48631123919308356 0.41824324324324325 0.03170028818443804 0.22027027027027027
1 0.4589337175792507 0.4114864864864865 0.024495677233429394 0.21081081081081082
2 0.43479827089337175 0.40337837837837837 0.026657060518731988 0.21216216216216216
3 0.408321325648415 0.4006756756756757 0.029178674351585013 0.19594594594594594
4 0.38238472622478387 0.3891891891891892 0.02845821325648415 0.20540540540540542
5 0.34780259365994237 0.3804054054054054 0.0457492795389049 0.21486486486486486
6 0.30313400576368876 0.36655405405405406 0.04646974063400577 0.21283783783783783
8 0.5194524495677233 0.4222972972972973 0.03314121037463977 0.21216216216216216
9 0.5473703170028819 0.42162162162162165 0.024855907780979826 0.20810810810810812
10 0.5752881844380403 0.4246621621621622 0.035302593659942365 0.19527027027027027
11 0.6005043227665706 0.435472972972973 0.029538904899135448 0.19932432432432431
12 0.6259005763688761 0.43074324324324326 0.026296829971181556 0.1831081081081081
13 0.6595821325648416 0.41993243243243245 0.04178674351585014 0.20608108108108109
14 0.7035302593659942 0.4135135135135135 0.04394812680115274 0.20810810810810812
16 0.4922550432276657 0.6317567567567568 0.021253602305475506 0.17162162162162162
17 0.4731628242074928 0.6300675675675675 0.02053314121037464 0.1831081081081081
18 0.44506484149855907 0.6554054054054054 0.0335014409221902 0.22432432432432434
19 0.42255043227665706 0.6337837837837837 0.0345821325648415 0.1918918918918919
20 0.39445244956772335 0.6192567567567567 0.03818443804034582 0.18445945945945946
21 0.3577089337175792 0.6138513513513514 0.0670028818443804 0.18986486486486487
22 0.305835734870317 0.5976351351351351 0.07420749279538905 0.20472972972972972
24 0.5120677233429395 0.6266891891891891 0.025576368876080693 0.16554054054054054
25 0.5311599423631124 0.6327702702702702 0.027737752161383286 0.1831081081081081
26 0.555835734870317 0.6452702702702703 0.026657060518731988 0.19864864864864865
27 0.5821325648414986 0.6506756756756756 0.024495677233429394 0.1810810810810811
28 0.6068083573487032 0.6371621621621621 0.03134005763688761 0.17162162162162162
29 0.6484149855907781 0.6486486486486487 0.05187319884726225 0.22432432432432434
30 0.6970461095100865 0.6185810810810811 0.0670028818443804 0.18716216216216217
