0 0.4853890587835542 0.4801393728222996 0.029561671763506627 0.13519163763066203
1 0.4563370710159701 0.4853658536585366 0.02582398912674142 0.13310104529616726
2 0.42847434590553857 0.489198606271777 0.03126061841658172 0.13519163763066203
4 0.3769962623173632 0.4905923344947735 0.02820251444104655 0.13240418118466898
5 0.3406388039415562 0.4696864111498258 0.0417940876656473 0.17282229965156795
6 0.2976554536187564 0.44878048780487806 0.042133876996262316 0.18954703832752615
8 0.5147808358817533 0.48222996515679445 0.027183146449201494 0.12961672473867597
9 0.5426435609921848 0.48118466898954704 0.026503567787971458 0.13031358885017422
10 0.5716955487597689 0.4721254355400697 0.028882093102276588 0.17909407665505225
11 0.5951410125722052 0.4508710801393728 0.018688413183826028 0.11149825783972125
12 0.6202854230377166 0.4480836236933798 0.021406727828746176 0.10034843205574913
14 0.6928304451240231 0.43066202090592337 0.03397893306150187 0.1240418118466899
15 0.7290180088345226 0.4658536585365854 0.03499830105334693 0.1554006968641115
16 0.4923547400611621 0.6529616724738676 0.016989466530750934 0.16445993031358885
17 0.47213727488956847 0.6501742160278746 0.022086306489976216 0.1686411149825784
18 0.45039075773020726 0.6477351916376307 0.0254841997961264 0.16097560975609757
19 0.427285083248386 0.6425087108013937 0.02616377845735644 0.15470383275261324
20 0.4034998301053347 0.6397212543554007 0.03431872239211689 0.14912891986062718
21 0.36306489976214745 0.6480836236933798 0.05402650356778797 0.17282229965156795
22 0.31209650016989465 0.6376306620209059 0.07033639143730887 0.1616724738675958
24 0.509683995922528 0.6466898954703832 0.0163098878695209 0.15609756097560976
25 0.5293917770981991 0.6491289198606272 0.019707781175671082 0.15818815331010452
26 0.5526673462453279 0.6693379790940767 0.0309208290859667 0.20278745644599303
27 0.5769622833843018 0.6574912891986062 0.025144410465511382 0.16655052264808362
28 0.6049949031600408 0.6860627177700348 0.02616377845735644 0.11916376306620209
31 0.7251104315324499 0.6167247386759582 0.06591913013931362 0.13937282229965156
33 0.6026163778457356 0.6146341463414634 0.022765885151206252 0.0529616724738676
33 0.3824328916072035 0.5885017421602787 0.012572205232755691 0.0313588850174216
33 0.6452599388379205 0.5181184668989547 0.1291199456337071 0.06480836236933799
34 0.4019707781175671 0.45261324041811846 0.03126061841658172 0.18606271777003483
34 0.646449201495073 0.7181184668989548 0.02820251444104655 0.09268292682926829
34 0.6792388718994223 0.6885017421602787 0.021746517159361198 0.08780487804878048
