0 0.4942235813795447 0.5452961672473867 0.024125042473666328 0.2097560975609756
1 0.4740061162079511 0.5404181184668989 0.02310567448182127 0.2013937282229965
2 0.454638124362895 0.5310104529616725 0.02854230377166157 0.21045296167247388
3 0.4332313965341488 0.5289198606271777 0.037376826367652057 0.1686411149825784
4 0.40638803941556234 0.5097560975609756 0.03533809038396194 0.16933797909407666
5 0.3744478423377506 0.4888501742160279 0.053007135575942915 0.15818815331010452
6 0.3384301732925586 0.45017421602787455 0.05232755691471288 0.13797909407665504
7 0.31362555215766225 0.39547038327526135 0.06320081549439348 0.13588850174216027
8 0.5202174651715936 0.5456445993031359 0.024464831804281346 0.2146341463414634
9 0.5433231396534148 0.5397212543554007 0.019028202514441046 0.1902439024390244
10 0.563710499490316 0.5205574912891986 0.02582398912674142 0.2313588850174216
11 0.5847774379884472 0.5128919860627178 0.03329935440027183 0.20069686411149826
12 0.609412164458036 0.5034843205574913 0.03431872239211689 0.1818815331010453
13 0.6399932042133877 0.47804878048780486 0.04247366632687734 0.17560975609756097
14 0.6709140332993544 0.4623693379790941 0.045871559633027525 0.14982578397212543
15 0.6957186544342507 0.4212543554006969 0.050628610261637785 0.13310104529616726
16 0.5008494733265375 0.7282229965156795 0.020387359836901122 0.12125435540069686
17 0.48436969079170916 0.7268292682926829 0.02820251444104655 0.11986062717770035
18 0.45803601766904517 0.735191637630662 0.027183146449201494 0.16306620209059233
19 0.4381583418280666 0.7188153310104529 0.03771661569826707 0.1651567944250871
20 0.40859667006455996 0.705226480836237 0.05742439687393816 0.1867595818815331
21 0.3666326877336052 0.6689895470383276 0.0856269113149847 0.18954703832752615
22 0.32246007475365274 0.6156794425087108 0.09582059123343527 0.17909407665505225
23 0.2871219843696908 0.5585365853658537 0.07475365273530411 0.16236933797909409
24 0.5166496772001359 0.7313588850174216 0.020047570506286104 0.1289198606271777
25 0.5327896704043493 0.7254355400696864 0.019707781175671082 0.1421602787456446
26 0.5586136595310908 0.748432055749129 0.040774719673802244 0.15331010452961671
27 0.5767923887189942 0.7226480836236934 0.052667346245327894 0.16445993031358885
28 0.5956506965681277 0.7121951219512195 0.05164797825348284 0.18954703832752615
29 0.6347264695888549 0.6871080139372823 0.07135575942915393 0.1951219512195122
30 0.6753312945973496 0.6400696864111498 0.0744138634046891 0.1818815331010453
31 0.709140332993544 0.5905923344947736 0.06116207951070336 0.16376306620209058
33 0.6308188922867822 0.5229965156794425 0.024804621134896364 0.08292682926829269
