0 0.48301053346924905 0.4975609756097561 0.03295956506965681 0.18536585365853658
1 0.4655113829425756 0.49581881533101047 0.036017669045191984 0.18327526132404182
2 0.4352701325178389 0.47317073170731705 0.0326197757390418 0.2048780487804878
3 0.41199456337071017 0.48362369337979094 0.036357458375807 0.19233449477351916
4 0.381583418280666 0.47317073170731705 0.031940197077811754 0.19790940766550522
5 0.3402990146109412 0.47247386759581883 0.04655113829425756 0.178397212543554
6 0.30088345225959906 0.4508710801393728 0.05402650356778797 0.17560975609756097
7 0.27675840978593275 0.37700348432055747 0.047910295616717634 0.11149825783972125
8 0.5137614678899083 0.5 0.03329935440027183 0.18745644599303135
9 0.5448521916411825 0.4993031358885017 0.03160040774719674 0.18606271777003483
10 0.5762827047230717 0.48466898954703835 0.03669724770642202 0.22090592334494774
11 0.5987088005436629 0.5114982578397212 0.042133876996262316 0.19651567944250872
12 0.628100577641862 0.5132404181184669 0.0309208290859667 0.17909407665505225
13 0.6681957186544343 0.50801393728223 0.04383282364933741 0.1616724738675958
14 0.7093102276588515 0.4843205574912892 0.044512402310567446 0.1700348432055749
15 0.7310567448182127 0.4132404181184669 0.04383282364933741 0.1240418118466899
16 0.4966021066938498 0.6958188153310104 0.019367991845056064 0.1735191637630662
17 0.4758749575263337 0.6982578397212543 0.018008834522595992 0.18815331010452963
18 0.4514101257220523 0.7041811846689896 0.02820251444104655 0.2264808362369338
19 0.4252463472646959 0.6919860627177701 0.030241250424736663 0.19094076655052264
20 0.39058783554196397 0.6871080139372823 0.04519198097179748 0.19233449477351916
21 0.3413183826027863 0.6731707317073171 0.07237512742099898 0.19233449477351916
22 0.291539245667686 0.635191637630662 0.06999660210669385 0.17770034843205576
24 0.5171593611960584 0.6979094076655052 0.01766904519198097 0.17909407665505225
25 0.535338090383962 0.6996515679442509 0.027522935779816515 0.18397212543554006
26 0.5601427115188583 0.7257839721254356 0.0309208290859667 0.2264808362369338
27 0.5871559633027523 0.7160278745644599 0.0326197757390418 0.20278745644599303
28 0.6209650016989466 0.7191637630662021 0.03907577302072715 0.2062717770034843
29 0.6675161399932042 0.7020905923344948 0.06557934080869861 0.18327526132404182
30 0.719164118246687 0.6731707317073171 0.06286102616377846 0.17979094076655053
