0 0.4874277947672443 0.41916376306620207 0.03295956506965681 0.16933797909407666
1 0.46075433231396534 0.4212543554006969 0.026503567787971458 0.16376306620209058
2 0.4361196058443765 0.4139372822299652 0.028882093102276588 0.18954703832752615
3 0.41590214067278286 0.4292682926829268 0.0326197757390418 0.17421602787456447
4 0.390927624872579 0.43588850174216026 0.032279986408426775 0.16097560975609757
5 0.3566089024804621 0.44041811846689893 0.04926945293917771 0.15331010452961671
6 0.3202514441046551 0.47665505226480837 0.04247366632687734 0.1616724738675958
7 0.27539925246347263 0.44529616724738674 0.04383282364933741 0.17282229965156795
8 0.5186884131838261 0.42857142857142855 0.03431872239211689 0.15749128919860628
9 0.5462113489636425 0.43066202090592337 0.026843357118586476 0.16445993031358885
10 0.571355759429154 0.43832752613240417 0.02820251444104655 0.15470383275261324
11 0.5929323819232076 0.4445993031358885 0.0326197757390418 0.1602787456445993
12 0.6160380564050288 0.4515679442508711 0.027183146449201494 0.15331010452961671
13 0.645090044172613 0.4759581881533101 0.039755351681957186 0.15331010452961671
14 0.6809378185524975 0.45749128919860627 0.03873598369011213 0.15261324041811847
15 0.7155963302752294 0.44634146341463415 0.037376826367652057 0.14285714285714285
16 0.5008494733265375 0.5979094076655053 0.019028202514441046 0.14634146341463414
17 0.48453958545701664 0.6027874564459931 0.02310567448182127 0.1700348432055749
18 0.4616038056405029 0.6181184668989547 0.022086306489976216 0.1951219512195122
19 0.43917770981991167 0.6226480836236934 0.0254841997961264 0.19303135888501743
20 0.41930003397893306 0.6303135888501742 0.029901461094121645 0.19721254355400697
21 0.38447162759089365 0.6156794425087108 0.056744818212708124 0.15818815331010452
24 0.518348623853211 0.5975609756097561 0.018688413183826028 0.1470383275261324
25 0.5380564050288821 0.6114982578397212 0.021406727828746176 0.17491289198606272
26 0.5565749235474006 0.6240418118466899 0.021746517159361198 0.1735191637630662
27 0.580699966021067 0.6344947735191637 0.02310567448182127 0.18048780487804877
28 0.6002378525314305 0.6428571428571429 0.027522935779816515 0.18466898954703834
30 0.6688752973156643 0.6257839721254356 0.06354060482500849 0.1505226480836237
31 0.7072714916751613 0.5944250871080139 0.06354060482500849 0.1254355400696864
