0 0.4841997961264016 0.5020905923344948 0.03126061841658172 0.154006968641115
1 0.453958545701665 0.49825783972125437 0.02378525314305131 0.13797909407665504
2 0.42252803261977573 0.4965156794425087 0.02820251444104655 0.22090592334494774
4 0.37138973836221545 0.4721254355400697 0.021746517159361198 0.12473867595818815
5 0.33724091063540607 0.4930313588850174 0.04111450900441726 0.16097560975609757
6 0.29544682296975877 0.47491289198606274 0.04247366632687734 0.16376306620209058
8 0.5193679918450561 0.5052264808362369 0.0309208290859667 0.14773519163763066
9 0.5494393476044852 0.5226480836236934 0.031940197077811754 0.16445993031358885
10 0.5796805980292219 0.49790940766550523 0.029221882432891606 0.21393728222996516
11 0.6072035338090384 0.5038327526132405 0.03329935440027183 0.1867595818815331
12 0.6326877336051648 0.5020905923344948 0.029221882432891606 0.1735191637630662
13 0.6656472986748216 0.5083623693379791 0.03873598369011213 0.1735191637630662
14 0.7038735983690112 0.49581881533101047 0.038396194359497114 0.154006968641115
16 0.4926945293917771 0.6773519163763067 0.026503567787971458 0.15191637630662022
17 0.46602106693849815 0.6825783972125435 0.028882093102276588 0.17073170731707318
18 0.4367991845056065 0.6853658536585366 0.032279986408426775 0.21254355400696864
19 0.40468909276248727 0.6717770034843206 0.02854230377166157 0.178397212543554
20 0.3744478423377506 0.6578397212543554 0.034658511722731905 0.17560975609756097
21 0.3324838600067958 0.6662020905923345 0.05742439687393816 0.13658536585365855
22 0.2881413523615359 0.632404181184669 0.05232755691471288 0.16376306620209058
24 0.5202174651715936 0.6717770034843206 0.02378525314305131 0.1421602787456446
25 0.5434930343187224 0.6940766550522648 0.027522935779816515 0.17979094076655053
26 0.573394495412844 0.7013937282229965 0.03431872239211689 0.2
27 0.6056744818212708 0.6885017421602787 0.027522935779816515 0.17700348432055749
28 0.6347264695888549 0.6878048780487804 0.029221882432891606 0.178397212543554
30 0.7133876996262317 0.6599303135888501 0.06422018348623854 0.1672473867595819
33 0.3382602786272511 0.6041811846689895 0.045871559633027525 0.06550522648083623
