0 0.48402990146109415 0.4456445993031359 0.03499830105334693 0.2069686411149826
1 0.4536187563710499 0.45365853658536587 0.031940197077811754 0.2118466898954704
2 0.42269792728508326 0.45017421602787455 0.03873598369011213 0.2480836236933798
3 0.39483520217465173 0.4721254355400697 0.03533809038396194 0.18327526132404182
4 0.36306489976214745 0.4700348432055749 0.0309208290859667 0.18466898954703834
5 0.32262996941896027 0.4435540069686411 0.047910295616717634 0.13031358885017422
6 0.2793068297655454 0.4578397212543554 0.043493034318722396 0.1951219512195122
7 0.23615358477743797 0.45365853658536587 0.04417261297995243 0.15191637630662022
8 0.5168195718654435 0.44773519163763065 0.031940197077811754 0.2069686411149826
9 0.5499490316004078 0.4505226480836237 0.036357458375807 0.20278745644599303
10 0.5800203873598369 0.4560975609756098 0.046890927624872576 0.23205574912891985
11 0.6111111111111112 0.47491289198606274 0.04519198097179748 0.19442508710801393
12 0.6435609921848454 0.47491289198606274 0.03126061841658172 0.18327526132404182
14 0.6996262317363234 0.4672473867595819 0.04892966360856269 0.17909407665505225
15 0.7449881073734285 0.45958188153310103 0.04043493034318722 0.15958188153310104
16 0.49354400271831467 0.6484320557491289 0.02072714916751614 0.16376306620209058
17 0.4694189602446483 0.6613240418118467 0.022765885151206252 0.18954703832752615
18 0.4422358137954468 0.6797909407665506 0.030241250424736663 0.24878048780487805
19 0.40927624872579 0.6648083623693379 0.0309208290859667 0.2034843205574913
20 0.37835541963982333 0.6780487804878049 0.036357458375807 0.2132404181184669
21 0.3318042813455658 0.6857142857142857 0.05198776758409786 0.14494773519163764
22 0.28525314305130817 0.6522648083623693 0.05878355419639823 0.18954703832752615
23 0.2402310567448182 0.6062717770034843 0.05980292218824329 0.14076655052264808
24 0.5154604145429833 0.6435540069686411 0.021066938498131158 0.16097560975609757
25 0.5380564050288821 0.6655052264808362 0.022765885151206252 0.20209059233449478
26 0.5672782874617737 0.6878048780487804 0.02820251444104655 0.26062717770034843
27 0.5983690112130479 0.670383275261324 0.03058103975535168 0.20905923344947736
28 0.6267414203194019 0.6773519163763067 0.03295956506965681 0.20905923344947736
29 0.6651376146788991 0.6574912891986062 0.06829765545361875 0.19581881533101045
30 0.7098199116547741 0.6547038327526132 0.06320081549439348 0.1902439024390244
31 0.7487257900101937 0.6104529616724739 0.050628610261637785 0.14773519163763066
33 0.33961943594971117 0.5940766550522648 0.056744818212708124 0.050871080139372825
33 0.3238192320761128 0.5278745644599303 0.046890927624872576 0.050871080139372825
