3 0.3987752161383285 0.39256756756756755 0.03170028818443804 0.18513513513513513
4 0.368335734870317 0.4006756756756757 0.03134005763688761 0.17297297297297298
5 0.3294308357348703 0.3777027027027027 0.0335014409221902 0.1864864864864865
6 0.2802593659942363 0.35405405405405405 0.04755043227665706 0.18783783783783783
7 0.27485590778097985 0.25033783783783786 0.06628242074927954 0.15337837837837837
10 0.5653818443804035 0.3929054054054054 0.029178674351585013 0.1885135135135135
12 0.6161743515850144 0.38141891891891894 0.030619596541786743 0.19527027027027027
14 0.702449567723343 0.3530405405405405 0.043227665706051875 0.1966216216216216
15 0.7282060518731989 0.26587837837837835 0.04935158501440922 0.16283783783783784
17 0.47370317002881845 0.6682432432432432 0.015129682997118156 0.1472972972972973
18 0.4475864553314121 0.683445945945946 0.02845821325648415 0.17905405405405406
19 0.42345100864553314 0.6736486486486486 0.02197406340057637 0.1581081081081081
22 0.29394812680115273 0.6172297297297298 0.0792507204610951 0.16013513513513514
23 0.2411743515850144 0.5871621621621622 0.07024495677233429 0.13108108108108107
25 0.5344020172910663 0.6628378378378378 0.018371757925072046 0.15
26 0.55835734870317 0.6692567567567568 0.02521613832853026 0.16554054054054054
27 0.5871757925072046 0.6682432432432432 0.024495677233429394 0.15945945945945947
29 0.6574207492795389 0.647972972972973 0.0569164265129683 0.17297297297297298
31 0.7626080691642652 0.6091216216216216 0.07348703170028818 0.10067567567567567
34 0.35446685878962536 0.6918918918918919 0.0223342939481268 0.10135135135135136
34 0.3926512968299712 0.7054054054054054 0.0223342939481268 0.10810810810810811
34 0.42813400576368876 0.38006756756756754 0.026296829971181556 0.18175675675675676
34 0.5050432276657061 0.3733108108108108 0.018731988472622477 0.1804054054054054
34 0.5318804034582133 0.3716216216216216 0.01909221902017291 0.1810810810810811
34 0.651657060518732 0.3570945945945946 0.02881844380403458 0.19797297297297298
34 0.6963256484149856 0.635472972972973 0.030979827089337175 0.11689189189189189
34 0.6138328530259366 0.6902027027027027 0.021613832853025938 0.09932432432432432
