0 0.4774040095141013 0.467595818815331 0.029221882432891606 0.21881533101045297
1 0.45191980971797485 0.46550522648083625 0.021066938498131158 0.20905923344947736
2 0.42932381923207613 0.4560975609756098 0.0309208290859667 0.23066202090592333
3 0.4031600407747197 0.4466898954703833 0.03295956506965681 0.19651567944250872
4 0.3744478423377506 0.43902439024390244 0.031940197077811754 0.18397212543554006
5 0.3406388039415562 0.43519163763066204 0.04519198097179748 0.16655052264808362
6 0.3030920829085967 0.3996515679442509 0.04281345565749235 0.17909407665505225
8 0.5039075773020727 0.46445993031358884 0.0326197757390418 0.22090592334494774
9 0.5316004077471967 0.47560975609756095 0.024125042473666328 0.2013937282229965
10 0.5558953448861705 0.45818815331010454 0.03397893306150187 0.22508710801393728
11 0.5902140672782875 0.38989547038327527 0.03533809038396194 0.12334494773519164
14 0.6909616038056405 0.3637630662020906 0.0472307169554876 0.11707317073170732
15 0.7273190621814475 0.527177700348432 0.08256880733944955 0.15261324041811847
18 0.4203194019707781 0.678397212543554 0.0652395514780836 0.1902439024390244
19 0.40061162079510704 0.6473867595818815 0.0509683995922528 0.1700348432055749
20 0.3724091063540605 0.6526132404181184 0.05708460754332314 0.2013937282229965
21 0.3375806999660211 0.6174216027874564 0.07781175671083929 0.18815331010452963
22 0.2896704043493034 0.5717770034843206 0.08936459395174992 0.15958188153310104
23 0.2511043153244988 0.5153310104529617 0.08154943934760449 0.1651567944250871
26 0.5628610261637784 0.7226480836236934 0.03363914373088685 0.08641114982578398
27 0.5767923887189942 0.6445993031358885 0.06082229018008835 0.17979094076655053
28 0.6043153244988108 0.6435540069686411 0.05878355419639823 0.17073170731707318
29 0.6398233095480802 0.6202090592334495 0.09582059123343527 0.19094076655052264
30 0.6836561331974176 0.5832752613240418 0.08154943934760449 0.15609756097560976
32 0.5040774719673802 0.6456445993031359 0.12266394835202174 0.10522648083623694
32 0.636765205572545 0.4672473867595819 0.13863404689092762 0.11637630662020906
33 0.2961264016309888 0.4397212543554007 0.02820251444104655 0.06689895470383275
33 0.33741080530071355 0.4961672473867596 0.02582398912674142 0.01951219512195122
