0 0.47570506286102615 0.5104529616724739 0.026503567787971458 0.16097560975609757
1 0.44767244308528714 0.5048780487804878 0.024804621134896364 0.156794425087108
2 0.418280665987088 0.49477351916376305 0.029221882432891606 0.18257839721254354
3 0.3919469928644241 0.49825783972125437 0.027522935779816515 0.16445993031358885
4 0.3673122663948352 0.4853658536585366 0.027862725110431533 0.16933797909407666
5 0.3345225959904859 0.48501742160278744 0.038396194359497114 0.14355400696864112
6 0.29442745497791367 0.4794425087108014 0.044512402310567446 0.1700348432055749
8 0.5100237852531431 0.5048780487804878 0.03126061841658172 0.17770034843205576
9 0.5399252463472647 0.5006968641114983 0.026503567787971458 0.17491289198606272
10 0.573054706082229 0.5010452961672474 0.0309208290859667 0.17979094076655053
11 0.5992184845395855 0.49965156794425086 0.03431872239211689 0.18257839721254354
12 0.6282704723071696 0.49965156794425086 0.03058103975535168 0.1700348432055749
13 0.661739721372749 0.49581881533101047 0.04247366632687734 0.156794425087108
14 0.7026843357118586 0.5062717770034844 0.037376826367652057 0.15261324041811847
16 0.481651376146789 0.6871080139372823 0.023445463812436288 0.15470383275261324
17 0.45871559633027525 0.6860627177700348 0.021066938498131158 0.15958188153310104
18 0.4330615018688413 0.6885017421602787 0.028882093102276588 0.1672473867595819
19 0.40859667006455996 0.6822299651567945 0.023445463812436288 0.17979094076655053
20 0.3827726809378186 0.6637630662020906 0.0309208290859667 0.15818815331010452
21 0.34658511722731905 0.6470383275261324 0.05844376486578321 0.156794425087108
24 0.5047570506286103 0.6968641114982579 0.021406727828746176 0.1686411149825784
25 0.5300713557594292 0.7017421602787457 0.019028202514441046 0.17142857142857143
26 0.5531770302412504 0.7024390243902439 0.025144410465511382 0.18257839721254354
27 0.5825688073394495 0.689198606271777 0.028882093102276588 0.16585365853658537
28 0.6085626911314985 0.6749128919860627 0.03397893306150187 0.16097560975609757
29 0.6489976214746856 0.6616724738675959 0.05572545022086307 0.15958188153310104
33 0.35117227319062183 0.5846689895470383 0.019367991845056064 0.013937282229965157
33 0.6556235134216786 0.5986062717770034 0.006455997281685355 0.016724738675958188
33 0.7077811756710839 0.5602787456445993 0.012232415902140673 0.020905923344947737
