0 0.49167516139993206 0.518815331010453 0.027862725110431533 0.18048780487804877
1 0.4685694869181108 0.5167247386759581 0.019707781175671082 0.1818815331010453
2 0.4444444444444444 0.5062717770034844 0.027183146449201494 0.21114982578397212
3 0.4233775059463133 0.5034843205574913 0.03533809038396194 0.18606271777003483
4 0.3961943594971118 0.4968641114982578 0.03058103975535168 0.19094076655052264
5 0.36221542643560994 0.4986062717770035 0.04621134896364254 0.1916376306620209
6 0.31923207611281007 0.48048780487804876 0.04383282364933741 0.17909407665505225
8 0.5191980971797485 0.5226480836236934 0.027183146449201494 0.1700348432055749
9 0.5429833503227999 0.5278745644599303 0.019707781175671082 0.17491289198606272
10 0.5665987088005436 0.5250871080139373 0.024804621134896364 0.17770034843205576
11 0.5842677539925246 0.518815331010453 0.03160040774719674 0.17630662020905924
12 0.6114509004417261 0.5097560975609756 0.029561671763506627 0.18745644599303135
16 0.4960924226979273 0.6933797909407665 0.014950730547060823 0.14634146341463414
17 0.4797825348284064 0.7090592334494773 0.021066938498131158 0.18745644599303135
18 0.4624532789670404 0.7142857142857143 0.021066938498131158 0.19790940766550522
19 0.43934760448521915 0.7048780487804878 0.025144410465511382 0.1554006968641115
20 0.4147128780156303 0.7118466898954704 0.03499830105334693 0.19303135888501743
24 0.5124023105674482 0.6951219512195121 0.014950730547060823 0.1470383275261324
25 0.5302412504247367 0.7121951219512195 0.017329255861365953 0.18118466898954705
26 0.5475705062861026 0.7240418118466899 0.022086306489976216 0.2062717770034843
27 0.5686374447842337 0.7306620209059234 0.026843357118586476 0.1916376306620209
28 0.5931022765885151 0.7240418118466899 0.04383282364933741 0.19233449477351916
33 0.3470948012232416 0.5477351916376306 0.01529051987767584 0.059930313588850176
33 0.4930343187223921 0.5923344947735192 0.026503567787971458 0.0264808362369338
33 0.5195378865103636 0.5916376306620209 0.024464831804281346 0.023693379790940768
