0 0.4911654774040095 0.4508710801393728 0.027522935779816515 0.1672473867595819
1 0.46534148827726807 0.4484320557491289 0.019367991845056064 0.16655052264808362
2 0.43577981651376146 0.4331010452961672 0.0254841997961264 0.18885017421602787
3 0.41131498470948014 0.40905923344947737 0.017329255861365953 0.1156794425087108
4 0.3861705742439687 0.40418118466898956 0.019367991845056064 0.1073170731707317
6 0.31056744818212706 0.378397212543554 0.03669724770642202 0.13519163763066203
8 0.5253143051308189 0.4547038327526132 0.027862725110431533 0.15818815331010452
9 0.5479102956167177 0.4445993031358885 0.021406727828746176 0.17282229965156795
10 0.5747536527353041 0.4362369337979094 0.027522935779816515 0.18257839721254354
11 0.5978593272171254 0.44076655052264807 0.02820251444104655 0.16933797909407666
12 0.6231736323479443 0.402787456445993 0.016989466530750934 0.11149825783972125
13 0.6563030920829086 0.38745644599303136 0.03431872239211689 0.1156794425087108
14 0.6948691811077132 0.37282229965156793 0.029221882432891606 0.12682926829268293
16 0.49915052667346244 0.6317073170731707 0.01834862385321101 0.154006968641115
17 0.4777437988447163 0.6268292682926829 0.019707781175671082 0.154006968641115
18 0.45616717635066256 0.6411149825783972 0.023445463812436288 0.1867595818815331
19 0.42626571525654094 0.6564459930313589 0.02072714916751614 0.10313588850174216
20 0.40451919809717973 0.6526132404181184 0.02072714916751614 0.11916376306620209
21 0.36459395174991505 0.6445993031358885 0.04281345565749235 0.10174216027874565
24 0.5188583078491336 0.6306620209059234 0.021066938498131158 0.1616724738675958
25 0.5409446143391098 0.6306620209059234 0.019707781175671082 0.1602787456445993
26 0.5638803941556235 0.640418118466899 0.022765885151206252 0.19372822299651568
27 0.5934420659191302 0.6480836236933798 0.024125042473666328 0.11428571428571428
28 0.6162079510703364 0.6428571428571429 0.024125042473666328 0.11219512195121951
29 0.6500169894665307 0.6439024390243903 0.04757050628610262 0.13240418118466898
30 0.6933401291199456 0.5923344947735192 0.04655113829425756 0.09477351916376307
32 0.345565749235474 0.4710801393728223 0.10397553516819572 0.07247386759581882
32 0.3708800543662929 0.5665505226480836 0.09412164458036018 0.0794425087108014
33 0.4106354060482501 0.4857142857142857 0.024125042473666328 0.05853658536585366
33 0.43153244988107375 0.5836236933797909 0.022426095820591234 0.06898954703832752
33 0.6231736323479443 0.4853658536585366 0.02378525314305131 0.06062717770034843
33 0.6539245667686034 0.4682926829268293 0.039755351681957186 0.059930313588850176
33 0.6943594971117907 0.45505226480836236 0.03567787971457696 0.05574912891986063
33 0.6856948691811077 0.5358885017421603 0.04145429833503228 0.059930313588850176
33 0.6435609921848454 0.5588850174216028 0.042133876996262316 0.0627177700348432
33 0.610431532449881 0.5714285714285714 0.024804621134896364 0.05574912891986063
33 0.5864763846415223 0.5742160278745645 0.02378525314305131 0.06132404181184669
