0 0.4785932721712538 0.572822299651568 0.023445463812436288 0.14912891986062718
1 0.45548759768943253 0.5651567944250872 0.024125042473666328 0.15331010452961671
2 0.4294937138973836 0.545993031358885 0.03126061841658172 0.19303135888501743
3 0.4053686714237173 0.5195121951219512 0.02582398912674142 0.11916376306620209
6 0.33656133197417604 0.5313588850174216 0.04247366632687734 0.1651567944250871
8 0.5101936799184505 0.5759581881533101 0.0254841997961264 0.14843205574912893
9 0.5341488277268094 0.5651567944250872 0.021066938498131158 0.15470383275261324
10 0.5587835541963982 0.5404181184668989 0.029561671763506627 0.1986062717770035
11 0.5829085966700646 0.5425087108013937 0.03431872239211689 0.15261324041811847
12 0.6085626911314985 0.5299651567944251 0.03397893306150187 0.16655052264808362
14 0.6697247706422018 0.48222996515679445 0.04892966360856269 0.16445993031358885
16 0.48114169215086644 0.7282229965156795 0.021746517159361198 0.13658536585365855
17 0.46143391097519537 0.7358885017421603 0.027862725110431533 0.14912891986062718
18 0.43849813115868164 0.7306620209059234 0.032279986408426775 0.14146341463414633
19 0.41216445803601764 0.7226480836236934 0.02854230377166157 0.14355400696864112
21 0.36187563710499493 0.6951219512195121 0.06795786612300374 0.16794425087108014
24 0.5016989466530751 0.7275261324041812 0.018688413183826028 0.12264808362369338
25 0.5225959904858988 0.7313588850174216 0.019028202514441046 0.14146341463414633
26 0.5455317703024125 0.7390243902439024 0.0254841997961264 0.16236933797909409
27 0.571355759429154 0.7226480836236934 0.03567787971457696 0.16445993031358885
30 0.6625891946992865 0.6449477351916376 0.0835881753312946 0.15121951219512195
33 0.4835202174651716 0.6177700348432056 0.020387359836901122 0.06480836236933799
33 0.3885490995582739 0.6613240418118467 0.011213047910295617 0.023693379790940768
33 0.3674821610601427 0.6452961672473868 0.029561671763506627 0.06829268292682927
33 0.5054366292898403 0.6125435540069687 0.013251783893985729 0.03484320557491289
33 0.4023105674481821 0.5937282229965157 0.02582398912674142 0.0529616724738676
