0 0.49031600407747195 0.467595818815331 0.02582398912674142 0.18954703832752615
1 0.4648318042813456 0.4738675958188153 0.019707781175671082 0.19372822299651568
2 0.44087665647298674 0.4752613240418119 0.026843357118586476 0.1867595818815331
3 0.417601087325858 0.4735191637630662 0.027862725110431533 0.18885017421602787
4 0.3934760448521916 0.4710801393728223 0.025144410465511382 0.16585365853658537
5 0.36034658511722734 0.47491289198606274 0.04043493034318722 0.15818815331010452
6 0.3216106014271152 0.44041811846689893 0.030241250424736663 0.09198606271777003
7 0.2981651376146789 0.4205574912891986 0.043153244988107374 0.10801393728222997
8 0.5208970438328236 0.47735191637630664 0.026503567787971458 0.18397212543554006
9 0.5467210329595651 0.48501742160278744 0.020387359836901122 0.178397212543554
10 0.582398912674142 0.45261324041811846 0.03329935440027183 0.14425087108013937
11 0.599388379204893 0.489198606271777 0.04485219164118247 0.18397212543554006
12 0.6197757390417941 0.4905923344947735 0.03329935440027183 0.1700348432055749
13 0.6513761467889908 0.49407665505226483 0.040774719673802244 0.14076655052264808
14 0.6906218144750255 0.47909407665505227 0.03771661569826707 0.16376306620209058
15 0.7127081209650017 0.4059233449477352 0.044512402310567446 0.1289198606271777
16 0.4938837920489297 0.6829268292682927 0.018688413183826028 0.1686411149825784
17 0.47383622154264354 0.6885017421602787 0.016649677200135916 0.1700348432055749
18 0.45378865103635746 0.6968641114982579 0.023445463812436288 0.19651567944250872
19 0.42660550458715596 0.6836236933797909 0.0309208290859667 0.1672473867595819
20 0.399592252803262 0.6839721254355401 0.042133876996262316 0.16655052264808362
21 0.363234794427455 0.678397212543554 0.06116207951070336 0.17491289198606272
22 0.31940197077811755 0.6578397212543554 0.0672782874617737 0.1672473867595819
23 0.281515460414543 0.6202090592334495 0.050628610261637785 0.14912891986062718
24 0.5118926265715257 0.686411149825784 0.017329255861365953 0.16585365853658537
25 0.5299014610941216 0.6815331010452962 0.023445463812436288 0.15331010452961671
26 0.5501189262657152 0.6860627177700348 0.019707781175671082 0.16236933797909409
27 0.5750934420659192 0.6871080139372823 0.0254841997961264 0.1700348432055749
28 0.6055045871559633 0.7125435540069687 0.026503567787971458 0.1470383275261324
29 0.6428814135236154 0.6916376306620209 0.0618416581719334 0.17909407665505225
30 0.6907917091403329 0.6644599303135889 0.0672782874617737 0.15958188153310104
33 0.6342167855929324 0.6313588850174217 0.044512402310567446 0.04041811846689895
33 0.6775399252463473 0.6041811846689895 0.027183146449201494 0.0264808362369338
33 0.3688413183826028 0.6073170731707317 0.028882093102276588 0.032752613240418116
33 0.46958885490995583 0.5418118466898955 0.011552837240910635 0.0313588850174216
33 0.4792728508324839 0.5466898954703833 0.004417261297995243 0.022996515679442508
33 0.3513421678559293 0.5390243902439025 0.011552837240910635 0.018815331010452963
33 0.6209650016989466 0.5581881533101045 0.014610941216445803 0.015331010452961672
33 0.6608902480462113 0.5554006968641115 0.011552837240910635 0.011149825783972125
33 0.6923207611281006 0.5393728222996516 0.019367991845056064 0.013937282229965157
