0 0.4835202174651716 0.45331010452961673 0.029221882432891606 0.19581881533101045
1 0.45922528032619775 0.4456445993031359 0.024125042473666328 0.2
2 0.4337410805300714 0.43902439024390244 0.02616377845735644 0.2118466898954704
3 0.4034998301053347 0.4372822299651568 0.0309208290859667 0.2069686411149826
4 0.3797145769622834 0.43205574912891986 0.029561671763506627 0.2146341463414634
5 0.34777437988447163 0.4331010452961672 0.04111450900441726 0.1986062717770035
6 0.309208290859667 0.4177700348432056 0.03873598369011213 0.18885017421602787
7 0.27488956846755014 0.3979094076655052 0.034658511722731905 0.17560975609756097
8 0.5141012572205232 0.45574912891986064 0.03329935440027183 0.18954703832752615
9 0.5433231396534148 0.4564459930313589 0.024464831804281346 0.20209059233449478
10 0.5684675501189262 0.4547038327526132 0.02854230377166157 0.21254355400696864
11 0.5942915392456677 0.4554006968641115 0.03126061841658172 0.18745644599303135
12 0.6199456337071017 0.4519163763066202 0.029561671763506627 0.17212543554006968
13 0.6515460414542983 0.4435540069686411 0.04111450900441726 0.18466898954703834
14 0.6880733944954128 0.44285714285714284 0.03329935440027183 0.15818815331010452
15 0.7266394835202175 0.4445993031358885 0.03431872239211689 0.1700348432055749
16 0.48946653075093444 0.6191637630662021 0.022086306489976216 0.12613240418118468
17 0.4694189602446483 0.6285714285714286 0.022086306489976216 0.15331010452961671
18 0.44087665647298674 0.6574912891986062 0.0309208290859667 0.20278745644599303
19 0.40299014610941214 0.6407665505226481 0.027862725110431533 0.18048780487804877
20 0.3759768943255182 0.6439024390243903 0.03363914373088685 0.19372822299651568
22 0.3137954468229698 0.6094076655052265 0.07985049269452939 0.16794425087108014
23 0.2798165137614679 0.551219512195122 0.06218144750254842 0.1254355400696864
24 0.5115528372409106 0.6229965156794425 0.018008834522595992 0.13240418118466898
25 0.5321100917431193 0.6250871080139373 0.021066938498131158 0.13240418118466898
26 0.5565749235474006 0.6487804878048781 0.02582398912674142 0.1686411149825784
27 0.5844376486578321 0.6515679442508711 0.03329935440027183 0.17282229965156795
28 0.618416581719334 0.6456445993031359 0.05164797825348284 0.19303135888501743
29 0.6563030920829086 0.6327526132404181 0.0764525993883792 0.20209059233449478
33 0.6933401291199456 0.4888501742160279 0.02820251444104655 0.07317073170731707
