0 0.477485590778098 0.4081081081081081 0.025576368876080693 0.13513513513513514
1 0.45136887608069165 0.41283783783783784 0.016570605187319884 0.13378378378378378
2 0.41912824207492794 0.3929054054054054 0.030619596541786743 0.17905405405405406
3 0.3978746397694525 0.40574324324324323 0.02845821325648415 0.15743243243243243
4 0.3715778097982709 0.4114864864864865 0.0335014409221902 0.15
7 0.2732348703170029 0.41081081081081083 0.03854466858789626 0.13243243243243244
8 0.5059438040345822 0.40202702702702703 0.022694524495677233 0.1472972972972973
9 0.5298991354466859 0.3969594594594595 0.018011527377521614 0.12094594594594595
10 0.5661023054755043 0.3587837837837838 0.024855907780979826 0.1810810810810811
11 0.5914985590778098 0.36858108108108106 0.025936599423631124 0.17364864864864865
12 0.6197766570605188 0.372972972972973 0.02845821325648415 0.14864864864864866
13 0.6617435158501441 0.3918918918918919 0.05187319884726225 0.21621621621621623
14 0.6932636887608069 0.3902027027027027 0.04646974063400577 0.18986486486486487
16 0.4778458213256484 0.6591216216216216 0.02197406340057637 0.1831081081081081
17 0.45731268011527376 0.6672297297297297 0.024855907780979826 0.19932432432432431
18 0.4371397694524496 0.6797297297297298 0.03206051873198847 0.22972972972972974
19 0.4095821325648415 0.6918918918918919 0.025936599423631124 0.2
20 0.3814841498559078 0.664527027027027 0.02521613832853026 0.16148648648648647
21 0.3355547550432277 0.6831081081081081 0.06304034582132564 0.17702702702702702
22 0.29268731988472624 0.6614864864864864 0.06592219020172911 0.1918918918918919
24 0.4956772334293948 0.6523648648648649 0.027377521613832854 0.18175675675675676
25 0.5153097982708934 0.652027027027027 0.02701729106628242 0.1864864864864865
26 0.5412463976945245 0.6675675675675675 0.030619596541786743 0.22972972972972974
27 0.5689841498559077 0.660472972972973 0.03998559077809798 0.2222972972972973
28 0.5945605187319885 0.6564189189189189 0.04502881844380403 0.22094594594594594
29 0.6469740634005764 0.6347972972972973 0.10014409221902017 0.20472972972972972
30 0.6851585014409222 0.6125 0.08069164265129683 0.2114864864864865
31 0.7327089337175793 0.5621621621621622 0.07492795389048991 0.17702702702702702
32 0.5088256484149856 0.49155405405405406 0.07744956772334294 0.07905405405405405
32 0.3562680115273775 0.5054054054054054 0.21253602305475505 0.06486486486486487
32 0.5925792507204611 0.4756756756756757 0.0893371757925072 0.06756756756756757
33 0.6930835734870316 0.4543918918918919 0.01585014409221902 0.0222972972972973
33 0.30853746397694526 0.5925675675675676 0.03710374639769452 0.04594594594594595
33 0.35104466858789624 0.5925675675675676 0.04863112391930836 0.032432432432432434
33 0.38004322766570603 0.6 0.023054755043227664 0.03648648648648649
33 0.40471902017291067 0.6030405405405406 0.019812680115273776 0.026351351351351353
33 0.7204610951008645 0.5030405405405406 0.03602305475504323 0.047972972972972976
33 0.6696685878962536 0.5324324324324324 0.028097982708933718 0.02972972972972973
33 0.6222982708933718 0.5564189189189189 0.025576368876080693 0.01418918918918919
