0 0.48054755043227665 0.40844594594594597 0.03314121037463977 0.20067567567567568
1 0.45172910662824206 0.3966216216216216 0.02881844380403458 0.19594594594594594
2 0.4205691642651297 0.38344594594594594 0.035662824207492796 0.21013513513513513
3 0.3940922190201729 0.39797297297297296 0.040345821325648415 0.18513513513513513
4 0.3638328530259366 0.3939189189189189 0.035302593659942365 0.1635135135135135
5 0.32744956772334294 0.3864864864864865 0.04971181556195965 0.16216216216216217
6 0.28152017291066284 0.37533783783783786 0.04358789625360231 0.15202702702702703
7 0.2577449567723343 0.30033783783783785 0.04719020172910663 0.1195945945945946
8 0.515850144092219 0.40844594594594597 0.037463976945244955 0.19932432432432431
9 0.549171469740634 0.3945945945945946 0.02989913544668588 0.1945945945945946
10 0.5797910662824207 0.3783783783783784 0.03710374639769452 0.20675675675675675
11 0.6057276657060519 0.37905405405405407 0.04142651296829971 0.1783783783783784
12 0.6367074927953891 0.37533783783783786 0.03854466858789626 0.15878378378378377
13 0.672550432276657 0.3618243243243243 0.04755043227665706 0.16554054054054054
14 0.7164985590778098 0.33885135135135136 0.04250720461095101 0.175
15 0.7561239193083573 0.33783783783783783 0.04610951008645533 0.12297297297297298
16 0.47820605187319887 0.595945945945946 0.02053314121037464 0.13513513513513514
17 0.45839337175792505 0.6037162162162162 0.024135446685878963 0.16418918918918918
18 0.4315561959654179 0.6057432432432432 0.03386167146974063 0.1912162162162162
19 0.4030979827089337 0.6023648648648648 0.037463976945244955 0.15337837837837837
20 0.37680115273775217 0.6057432432432432 0.043227665706051875 0.16959459459459458
21 0.3339337175792507 0.5929054054054054 0.06484149855907781 0.16824324324324325
22 0.28710374639769454 0.5685810810810811 0.06412103746397695 0.15472972972972973
23 0.24009365994236312 0.5483108108108108 0.055835734870317004 0.15472972972972973
24 0.4978386167146974 0.595945945945946 0.021613832853025938 0.1445945945945946
25 0.5230547550432276 0.5962837837837838 0.030979827089337175 0.16824324324324325
26 0.5534942363112392 0.6030405405405406 0.04502881844380403 0.1804054054054054
27 0.5808717579250721 0.5935810810810811 0.042867435158501443 0.16554054054054054
28 0.6111311239193083 0.5905405405405405 0.05439481268011527 0.17567567567567569
29 0.6494956772334294 0.5706081081081081 0.07276657060518732 0.17229729729729729
29 0.7516210374639769 0.5027027027027027 0.07024495677233429 0.14054054054054055
30 0.7026296829971181 0.5361486486486486 0.06952449567723343 0.14932432432432433
