0 0.4865783214407068 0.5498257839721254 0.019707781175671082 0.18118466898954705
1 0.4673802242609582 0.5508710801393728 0.014610941216445803 0.1735191637630662
2 0.44818212708120964 0.5383275261324042 0.019707781175671082 0.17909407665505225
3 0.4288141352361536 0.521602787456446 0.021746517159361198 0.18885017421602787
4 0.40400951410125724 0.5174216027874564 0.026503567787971458 0.1651567944250871
6 0.3559293238192321 0.4857142857142857 0.03771661569826707 0.17700348432055749
7 0.32059123343527013 0.47177700348432056 0.03771661569826707 0.15470383275261324
8 0.509683995922528 0.5543554006968641 0.019028202514441046 0.17491289198606272
9 0.5295616717635067 0.5574912891986062 0.016649677200135916 0.1686411149825784
10 0.5477404009514101 0.5400696864111498 0.019707781175671082 0.19233449477351916
11 0.5684675501189262 0.5275261324041812 0.019028202514441046 0.1951219512195122
12 0.5869860686374447 0.5059233449477352 0.024125042473666328 0.19790940766550522
13 0.6165477404009514 0.5059233449477352 0.04519198097179748 0.1672473867595819
14 0.6515460414542983 0.5010452961672474 0.04926945293917771 0.13658536585365855
15 0.6697247706422018 0.43832752613240417 0.06116207951070336 0.13797909407665504
16 0.4896364254162419 0.748432055749129 0.010873258579680599 0.16585365853658537
17 0.47604485219164117 0.7442508710801393 0.013591573224600747 0.16445993031358885
18 0.45565749235474007 0.735191637630662 0.024464831804281346 0.1672473867595819
19 0.4371389738362215 0.7209059233449477 0.022086306489976216 0.15818815331010452
20 0.4114848793747876 0.7167247386759582 0.029221882432891606 0.1735191637630662
21 0.37869520897043835 0.686411149825784 0.04994903160040775 0.15331010452961671
22 0.33741080530071355 0.6554006968641115 0.05368671423717295 0.14982578397212543
23 0.29442745497791367 0.6498257839721254 0.044512402310567446 0.13588850174216027
24 0.5050968399592253 0.7498257839721254 0.012572205232755691 0.16306620209059233
25 0.518348623853211 0.7473867595818815 0.011892626571525655 0.1554006968641115
26 0.5382262996941896 0.7425087108013937 0.020387359836901122 0.16097560975609757
27 0.5587835541963982 0.7313588850174216 0.022086306489976216 0.16236933797909409
28 0.5825688073394495 0.7233449477351916 0.028882093102276588 0.16585365853658537
29 0.6163778457356439 0.6905923344947735 0.06048250084947333 0.15331010452961671
30 0.6598708800543663 0.6543554006968642 0.06252123683316343 0.15470383275261324
33 0.6194359497111791 0.5554006968641115 0.046890927624872576 0.0710801393728223
33 0.6235134216785593 0.6303135888501742 0.02310567448182127 0.04250871080139373
