0 0.49558273870200475 0.51602787456446 0.021406727828746176 0.16097560975609757
1 0.4731566428814135 0.5149825783972125 0.015970098538905877 0.1686411149825784
2 0.4544682296975875 0.5139372822299652 0.019367991845056064 0.16236933797909409
3 0.4347604485219164 0.5055749128919861 0.02072714916751614 0.16655052264808362
4 0.4133537206931702 0.5045296167247387 0.020047570506286104 0.15331010452961671
5 0.382262996941896 0.49790940766550523 0.040774719673802244 0.15121951219512195
6 0.34641522256201157 0.4815331010452962 0.03907577302072715 0.14912891986062718
8 0.5197077811756711 0.5146341463414634 0.022765885151206252 0.16097560975609757
9 0.5399252463472647 0.5233449477351917 0.01766904519198097 0.14355400696864112
10 0.5587835541963982 0.5017421602787456 0.018008834522595992 0.18118466898954705
11 0.5771321780496093 0.4989547038327526 0.02072714916751614 0.17142857142857143
12 0.5956506965681277 0.48745644599303134 0.019707781175671082 0.16933797909407666
13 0.6262317363234794 0.4930313588850174 0.039415562351342165 0.16097560975609757
14 0.663438668025824 0.47491289198606274 0.037037037037037035 0.15121951219512195
16 0.4981311586816174 0.6888501742160279 0.014950730547060823 0.13310104529616726
17 0.48335032279986406 0.6919860627177701 0.013931362555215767 0.14494773519163764
18 0.46500169894665305 0.6919860627177701 0.018688413183826028 0.13937282229965156
19 0.4422358137954468 0.6926829268292682 0.02820251444104655 0.15191637630662022
20 0.4215086646279307 0.6871080139372823 0.036357458375807 0.15331010452961671
21 0.3854909955827387 0.6679442508710801 0.06218144750254842 0.1470383275261324
22 0.3440366972477064 0.6379790940766551 0.06625891946992865 0.14146341463414633
24 0.5139313625552158 0.6850174216027874 0.014610941216445803 0.13658536585365855
25 0.528032619775739 0.6954703832752613 0.014950730547060823 0.14634146341463414
26 0.5484199796126402 0.7121951219512195 0.02310567448182127 0.18815331010452963
27 0.5672782874617737 0.6965156794425087 0.024125042473666328 0.15958188153310104
28 0.5895344886170574 0.6836236933797909 0.03058103975535168 0.14773519163763066
30 0.6583418280665987 0.6425087108013937 0.07781175671083929 0.1337979094076655
31 0.6933401291199456 0.5885017421602787 0.06625891946992865 0.12195121951219512
33 0.6333673122663949 0.613588850174216 0.03058103975535168 0.07038327526132404
33 0.40553856608902483 0.5376306620209059 0.029561671763506627 0.06620209059233449
33 0.427624872579001 0.6310104529616725 0.030241250424736663 0.050871080139372825
33 0.6681957186544343 0.5278745644599303 0.018688413183826028 0.0313588850174216
33 0.3927964661909616 0.6188153310104529 0.039415562351342165 0.045993031358885016
33 0.36357458375807 0.5993031358885017 0.027183146449201494 0.05714285714285714
33 0.33724091063540607 0.5344947735191637 0.022086306489976216 0.025087108013937282
33 0.6194359497111791 0.5445993031358886 0.024464831804281346 0.05226480836236934
