0 0.48640842677539925 0.5595818815331011 0.030241250424736663 0.1867595818815331
1 0.4616038056405029 0.5574912891986062 0.03295956506965681 0.19233449477351916
2 0.4322120285423038 0.551219512195122 0.02854230377166157 0.20069686411149826
3 0.40621814475025486 0.5588850174216028 0.0309208290859667 0.17560975609756097
4 0.3824328916072035 0.5466898954703833 0.0309208290859667 0.17909407665505225
5 0.3472646958885491 0.5498257839721254 0.04145429833503228 0.1505226480836237
6 0.30750934420659193 0.562369337979094 0.040774719673802244 0.16585365853658537
8 0.5144410465511383 0.5637630662020906 0.0326197757390418 0.17979094076655053
9 0.5387359836901121 0.556794425087108 0.03499830105334693 0.17142857142857143
10 0.5665987088005436 0.5445993031358886 0.030241250424736663 0.20418118466898955
11 0.5885151206252124 0.5445993031358886 0.03533809038396194 0.1818815331010453
12 0.6126401630988787 0.5369337979094077 0.03397893306150187 0.18466898954703834
13 0.6483180428134556 0.5348432055749129 0.050288820931022764 0.18048780487804877
14 0.6941896024464832 0.5637630662020906 0.040774719673802244 0.1686411149825784
16 0.4972816853550798 0.7334494773519163 0.016649677200135916 0.12752613240418118
17 0.4763846415222562 0.7306620209059234 0.021746517159361198 0.13310104529616726
18 0.45531770302412505 0.7533101045296168 0.02378525314305131 0.17421602787456447
19 0.4294937138973836 0.7445993031358885 0.029221882432891606 0.17909407665505225
20 0.40468909276248727 0.7435540069686412 0.03397893306150187 0.18118466898954705
21 0.363234794427455 0.7282229965156795 0.05368671423717295 0.15331010452961671
24 0.5115528372409106 0.7390243902439024 0.018008834522595992 0.13449477351916375
25 0.5293917770981991 0.7428571428571429 0.026503567787971458 0.1421602787456446
26 0.5564050288820931 0.748780487804878 0.024804621134896364 0.16097560975609757
27 0.5778117567108393 0.7386759581881533 0.027522935779816515 0.18118466898954705
28 0.5985389058783555 0.7480836236933798 0.032279986408426775 0.19303135888501743
29 0.6388039415562351 0.7362369337979094 0.05708460754332314 0.1818815331010453
33 0.36680258239891267 0.6759581881533101 0.020047570506286104 0.045993031358885016
33 0.6940197077811757 0.6073170731707317 0.036357458375807 0.07317073170731707
33 0.6388039415562351 0.6700348432055749 0.029221882432891606 0.027177700348432057
