0 0.4954128440366973 0.5101045296167247 0.025144410465511382 0.18536585365853658
1 0.47417601087325856 0.5003484320557491 0.02072714916751614 0.18536585365853658
2 0.4505606523955148 0.49094076655052266 0.03058103975535168 0.2013937282229965
3 0.4286442405708461 0.4930313588850174 0.03160040774719674 0.18048780487804877
4 0.40299014610941214 0.4961672473867596 0.029901461094121645 0.18257839721254354
5 0.3712198436969079 0.4989547038327526 0.03160040774719674 0.07386759581881533
6 0.33707101597009853 0.4895470383275261 0.03669724770642202 0.16376306620209058
7 0.30598029221882433 0.4665505226480836 0.04043493034318722 0.1470383275261324
8 0.5232755691471288 0.5121951219512195 0.024464831804281346 0.1867595818815331
9 0.5429833503227999 0.5031358885017422 0.021066938498131158 0.17979094076655053
10 0.5620115528372409 0.4853658536585366 0.02378525314305131 0.22090592334494774
11 0.5846075433231397 0.510801393728223 0.03567787971457696 0.17421602787456447
12 0.6051647978253483 0.5114982578397212 0.03329935440027183 0.17282229965156795
13 0.6365953109072375 0.48501742160278744 0.04383282364933741 0.1254355400696864
14 0.6753312945973496 0.4965156794425087 0.04043493034318722 0.15958188153310104
15 0.7079510703363915 0.47560975609756095 0.0417940876656473 0.16376306620209058
16 0.4954128440366973 0.6871080139372823 0.022426095820591234 0.15331010452961671
17 0.4779136935100238 0.6902439024390243 0.020047570506286104 0.156794425087108
18 0.4520897043832824 0.6958188153310104 0.03295956506965681 0.18048780487804877
19 0.4332313965341488 0.7013937282229965 0.02582398912674142 0.17909407665505225
20 0.40248046211348965 0.6958188153310104 0.043153244988107374 0.16097560975609757
22 0.3382602786272511 0.6717770034843206 0.0744138634046891 0.15191637630662022
23 0.30598029221882433 0.6205574912891986 0.0581039755351682 0.13170731707317074
24 0.5117227319062182 0.6832752613240418 0.025144410465511382 0.14425087108013937
25 0.5297315664288141 0.6874564459930314 0.029901461094121645 0.1456445993031359
26 0.5507985049269453 0.6968641114982579 0.027183146449201494 0.1672473867595819
27 0.5749235474006116 0.710801393728223 0.02854230377166157 0.1588850174216028
28 0.6021066938498131 0.7250871080139373 0.03669724770642202 0.18048780487804877
30 0.6704043493034318 0.6965156794425087 0.07951070336391437 0.17770034843205576
31 0.7064220183486238 0.6445993031358885 0.0672782874617737 0.14076655052264808
33 0.3746177370030581 0.5414634146341464 0.0472307169554876 0.09477351916376307
33 0.37495752633367313 0.4710801393728223 0.01529051987767584 0.020905923344947737
33 0.636085626911315 0.5456445993031359 0.04757050628610262 0.1073170731707317
