0 0.4972881355932203 0.4445993031358885 0.031864406779661014 0.2118466898954704
1 0.47016949152542376 0.4480836236933798 0.027796610169491524 0.19094076655052264
2 0.4405084745762712 0.44773519163763065 0.03491525423728813 0.20418118466898955
3 0.4130508474576271 0.45017421602787455 0.025423728813559324 0.19930313588850174
4 0.39152542372881355 0.4515679442508711 0.03593220338983051 0.18397212543554006
5 0.3454237288135593 0.445993031358885 0.06440677966101695 0.19094076655052264
6 0.29779661016949155 0.43031358885017423 0.05728813559322034 0.2097560975609756
8 0.5288135593220339 0.4547038327526132 0.031864406779661014 0.2069686411149826
9 0.5564406779661017 0.46062717770034844 0.028135593220338984 0.1867595818815331
10 0.5879661016949153 0.4268292682926829 0.029491525423728814 0.12055749128919861
11 0.6115254237288136 0.42578397212543556 0.016271186440677966 0.11149825783972125
16 0.511864406779661 0.670383275261324 0.025084745762711864 0.19094076655052264
17 0.49135593220338986 0.6689895470383276 0.026779661016949154 0.2062717770034843
18 0.46779661016949153 0.6710801393728223 0.029152542372881354 0.2132404181184669
19 0.4442372881355932 0.6721254355400696 0.026779661016949154 0.21254355400696864
22 0.3106779661016949 0.6494773519163763 0.09525423728813559 0.20209059233449478
24 0.5318644067796611 0.6529616724738676 0.023728813559322035 0.17142857142857143
25 0.5516949152542373 0.6515679442508711 0.020677966101694915 0.17979094076655053
26 0.5716949152542373 0.6878048780487804 0.023389830508474575 0.2313588850174216
28 0.6140677966101695 0.6905923344947735 0.03016949152542373 0.22578397212543555
29 0.6576271186440678 0.6721254355400696 0.0671186440677966 0.2
30 0.7032203389830508 0.6554006968641115 0.07423728813559322 0.20836236933797908
32 0.6755932203389831 0.48745644599303134 0.1023728813559322 0.08153310104529617
32 0.594406779661017 0.5083623693379791 0.05254237288135593 0.07038327526132404
32 0.42254237288135593 0.6637630662020906 0.03491525423728813 0.1986062717770035
33 0.4166101694915254 0.5898954703832753 0.01830508474576271 0.04529616724738676
33 0.5983050847457627 0.621602787456446 0.05288135593220339 0.0710801393728223
34 0.6366101694915254 0.40557491289198605 0.018983050847457626 0.1073170731707317
34 0.7172881355932204 0.3996515679442509 0.029152542372881354 0.11637630662020906
