0 0.4896364254162419 0.47317073170731705 0.027183146449201494 0.2229965156794425
1 0.4689092762487258 0.46689895470383275 0.03533809038396194 0.20766550522648083
2 0.44155623513421677 0.4623693379790941 0.02616377845735644 0.21672473867595818
3 0.41352361535847776 0.45017421602787455 0.03533809038396194 0.20905923344947736
4 0.39177709819911655 0.43066202090592337 0.029221882432891606 0.221602787456446
5 0.3532110091743119 0.42229965156794425 0.044512402310567446 0.20766550522648083
6 0.3073394495412844 0.4121951219512195 0.044512402310567446 0.20278745644599303
7 0.2670744138634047 0.40487804878048783 0.04485219164118247 0.17142857142857143
8 0.5217465171593612 0.47560975609756095 0.02820251444104655 0.22508710801393728
9 0.5482500849473326 0.4710801393728223 0.024804621134896364 0.2118466898954704
10 0.5737342847434591 0.456794425087108 0.02820251444104655 0.23066202090592333
11 0.5973496432212029 0.4547038327526132 0.029221882432891606 0.21672473867595818
12 0.6240231056744818 0.4456445993031359 0.0254841997961264 0.20418118466898955
13 0.6598708800543663 0.4435540069686411 0.04145429833503228 0.1916376306620209
14 0.7025144410465511 0.4317073170731707 0.03907577302072715 0.18606271777003483
15 0.7315664288141353 0.3766550522648084 0.03873598369011213 0.16236933797909409
16 0.48844716275908934 0.6787456445993031 0.018688413183826028 0.16585365853658537
17 0.4707781175671084 0.6954703832752613 0.019367991845056064 0.178397212543554
18 0.44631328576282703 0.6804878048780488 0.0309208290859667 0.2013937282229965
19 0.41284403669724773 0.6916376306620209 0.04145429833503228 0.2013937282229965
20 0.391267414203194 0.6853658536585366 0.050628610261637785 0.21393728222996516
21 0.3494733265375467 0.6613240418118467 0.07305470608222901 0.2062717770034843
22 0.29561671763506625 0.635191637630662 0.07543323139653414 0.20278745644599303
23 0.24125042473666328 0.5804878048780487 0.08154943934760449 0.1672473867595819
24 0.5066258919469928 0.6731707317073171 0.01563030920829086 0.13658536585365855
25 0.5251444104655114 0.6902439024390243 0.018008834522595992 0.17630662020905924
26 0.5560652395514781 0.6916376306620209 0.03907577302072715 0.20418118466898955
27 0.5839279646619097 0.6850174216027874 0.04383282364933741 0.20209059233449478
28 0.6109412164458036 0.6989547038327526 0.05164797825348284 0.23275261324041813
29 0.6527353041114509 0.6668989547038328 0.06795786612300374 0.2048780487804878
30 0.7035338090383962 0.645993031358885 0.07237512742099898 0.19651567944250872
31 0.7478763166836562 0.6128919860627178 0.05436629289840299 0.16097560975609757
