0 0.49014610941216447 0.47909407665505227 0.030241250424736663 0.22090592334494774
1 0.4634726469588855 0.4818815331010453 0.021066938498131158 0.18885017421602787
2 0.435609921848454 0.4508710801393728 0.031940197077811754 0.25365853658536586
3 0.41012572205232756 0.4641114982578397 0.029221882432891606 0.2034843205574913
4 0.38328236493374107 0.4609756097560976 0.026503567787971458 0.1902439024390244
5 0.3474345905538566 0.4547038327526132 0.04383282364933741 0.17212543554006968
6 0.3046211348963643 0.4236933797909408 0.038396194359497114 0.18397212543554006
8 0.5193679918450561 0.4832752613240418 0.028882093102276588 0.2013937282229965
9 0.54706082229018 0.4888501742160279 0.021746517159361198 0.18745644599303135
10 0.5705062861026163 0.4578397212543554 0.027862725110431533 0.2397212543554007
11 0.5983690112130479 0.4745644599303136 0.029901461094121645 0.19233449477351916
12 0.6253822629969419 0.46794425087108016 0.02616377845735644 0.17630662020905924
13 0.6595310907237513 0.4592334494773519 0.04485219164118247 0.18954703832752615
14 0.7006455997281685 0.4425087108013937 0.040774719673802244 0.18397212543554006
16 0.49337410805300713 0.6919860627177701 0.019028202514441046 0.18118466898954705
17 0.47570506286102615 0.6919860627177701 0.019707781175671082 0.20905923344947736
18 0.45005096839959224 0.7006968641114982 0.03363914373088685 0.23066202090592333
19 0.4274549779136935 0.6832752613240418 0.029901461094121645 0.21393728222996516
20 0.39670404349303434 0.6616724738675959 0.03567787971457696 0.1818815331010453
21 0.35304111450900444 0.6529616724738676 0.0672782874617737 0.19372822299651568
22 0.3064899762147469 0.6177700348432056 0.07067618076792388 0.1735191637630662
24 0.5108732585796806 0.6989547038327526 0.017329255861365953 0.19094076655052264
25 0.5316004077471967 0.689198606271777 0.018688413183826028 0.18257839721254354
26 0.5541963982330955 0.6986062717770035 0.02582398912674142 0.21393728222996516
27 0.5773020727149167 0.6923344947735192 0.029901461094121645 0.21393728222996516
28 0.6070336391437309 0.6822299651567945 0.03295956506965681 0.19372822299651568
29 0.6590214067278287 0.6808362369337979 0.07849133537206932 0.19930313588850174
30 0.700475705062861 0.6376306620209059 0.07577302072714917 0.18118466898954705
33 0.6432212028542303 0.6268292682926829 0.04757050628610262 0.09128919860627177
