0 0.49558273870200475 0.5195121951219512 0.028882093102276588 0.1902439024390244
1 0.4707781175671084 0.5069686411149826 0.02616377845735644 0.19303135888501743
2 0.4471627590893646 0.48989547038327524 0.031940197077811754 0.21045296167247388
3 0.4267753992524635 0.5097560975609756 0.03805640502888209 0.18327526132404182
4 0.39143730886850153 0.5167247386759581 0.034658511722731905 0.1735191637630662
5 0.3513421678559293 0.49233449477351915 0.048250084947332655 0.17770034843205576
6 0.3161739721372749 0.4735191637630662 0.06354060482500849 0.15261324041811847
7 0.2976554536187564 0.3693379790940767 0.04485219164118247 0.11986062717770035
8 0.5231056744818213 0.519163763066202 0.029561671763506627 0.1867595818815331
9 0.5429833503227999 0.5135888501742161 0.024464831804281346 0.17560975609756097
10 0.5679578661230037 0.4867595818815331 0.02820251444104655 0.2
11 0.5851172273190621 0.51602787456446 0.03805640502888209 0.16655052264808362
12 0.618416581719334 0.5052264808362369 0.03058103975535168 0.16445993031358885
13 0.6580020387359837 0.48989547038327524 0.044512402310567446 0.17142857142857143
14 0.6877336051647979 0.45714285714285713 0.06116207951070336 0.15331010452961671
15 0.7121984369690791 0.3550522648083624 0.045531770302412504 0.11916376306620209
16 0.4904858987427795 0.713240418118467 0.024804621134896364 0.12752613240418118
17 0.4731566428814135 0.721602787456446 0.0254841997961264 0.1651567944250871
18 0.45039075773020726 0.7254355400696864 0.02820251444104655 0.19930313588850174
19 0.4216785592932382 0.7146341463414634 0.034658511722731905 0.17491289198606272
20 0.39058783554196397 0.7139372822299651 0.0417940876656473 0.1818815331010453
21 0.3421678559293238 0.6912891986062718 0.07475365273530411 0.19094076655052264
22 0.29901461094121645 0.6668989547038328 0.05436629289840299 0.1700348432055749
23 0.24447842337750594 0.6153310104529617 0.06693849813115868 0.10452961672473868
24 0.5113829425756031 0.710801393728223 0.016989466530750934 0.14076655052264808
25 0.5304111450900442 0.7240418118466899 0.01834862385321101 0.14912891986062718
26 0.5523275569147129 0.7191637630662021 0.037037037037037035 0.19372822299651568
27 0.5767923887189942 0.7222996515679443 0.028882093102276588 0.16097560975609757
28 0.6106014271151886 0.7097560975609756 0.036017669045191984 0.16933797909407666
29 0.6556235134216786 0.6881533101045296 0.06761807679238872 0.19303135888501743
30 0.6979272850832484 0.6578397212543554 0.0618416581719334 0.1700348432055749
31 0.7488956846755012 0.6142857142857143 0.0509683995922528 0.10940766550522649
