0 0.5032279986408427 0.4986062717770035 0.01834862385321101 0.21533101045296169
3 0.4492014950730547 0.4878048780487805 0.01563030920829086 0.19651567944250872
4 0.43119266055045874 0.49477351916376305 0.021746517159361198 0.17979094076655053
6 0.3759768943255182 0.4794425087108014 0.03567787971457696 0.17979094076655053
7 0.3435270132517839 0.464808362369338 0.03397893306150187 0.15331010452961671
8 0.5224260958205912 0.5118466898954703 0.015970098538905877 0.18885017421602787
9 0.48250084947332655 0.4986062717770035 0.014271151885830785 0.18745644599303135
9 0.5385660890248046 0.5034843205574913 0.013591573224600747 0.20278745644599303
10 0.5575942915392457 0.5104529616724739 0.019707781175671082 0.1986062717770035
10 0.46619096160380563 0.50801393728223 0.022426095820591234 0.178397212543554
11 0.5791709140332993 0.5111498257839722 0.024804621134896364 0.1902439024390244
12 0.5915732246007476 0.524390243902439 0.021066938498131158 0.16097560975609757
23 0.32959565069656815 0.6017421602787456 0.06659870880054367 0.1024390243902439
34 0.4330615018688413 0.7473867595818815 0.0254841997961264 0.1024390243902439
34 0.4700985389058784 0.797212543554007 0.016649677200135916 0.09616724738675958
34 0.49762147468569484 0.802439024390244 0.015970098538905877 0.10383275261324042
34 0.54706082229018 0.7853658536585366 0.013591573224600747 0.10313588850174216
34 0.5715256540944614 0.7700348432055749 0.025144410465511382 0.09477351916376307
