0 0.48097179748555896 0.4888501742160279 0.023445463812436288 0.15958188153310104
1 0.45684675501189265 0.5076655052264808 0.018688413183826028 0.11916376306620209
2 0.4401970778117567 0.36898954703832754 0.05946313285762827 0.14843205574912893
4 0.3982330954808019 0.4205574912891986 0.034658511722731905 0.156794425087108
6 0.36306489976214745 0.42229965156794425 0.038396194359497114 0.17142857142857143
7 0.3250084947332654 0.4146341463414634 0.04247366632687734 0.1686411149825784
8 0.509344206591913 0.47421602787456446 0.021066938498131158 0.16376306620209058
8 0.5061162079510704 0.6543554006968642 0.016649677200135916 0.1254355400696864
9 0.5338090383961943 0.46794425087108016 0.01766904519198097 0.1735191637630662
10 0.5541963982330955 0.454006968641115 0.020387359836901122 0.17909407665505225
12 0.5791709140332993 0.4425087108013937 0.0309208290859667 0.15609756097560976
14 0.6247026843357119 0.4069686411149826 0.04519198097179748 0.1686411149825784
17 0.4865783214407068 0.6637630662020906 0.013591573224600747 0.16236933797909409
18 0.4677200135915732 0.6682926829268293 0.021406727828746176 0.18118466898954705
19 0.4444444444444444 0.6651567944250871 0.021066938498131158 0.16236933797909409
20 0.41590214067278286 0.6418118466898954 0.03397893306150187 0.15331010452961671
24 0.5217465171593612 0.6780487804878049 0.012572205232755691 0.1254355400696864
25 0.5331294597349643 0.6630662020905923 0.014271151885830785 0.14843205574912893
26 0.5507985049269453 0.6794425087108014 0.019707781175671082 0.18118466898954705
27 0.5783214407067618 0.6731707317073171 0.03397893306150187 0.13797909407665504
28 0.6038056405028882 0.6425087108013937 0.043493034318722396 0.1588850174216028
