0 0.4896364254162419 0.4522648083623693 0.021066938498131158 0.14773519163763066
1 0.4658511722731906 0.45993031358885017 0.020387359836901122 0.12961672473867597
2 0.4398572884811417 0.443205574912892 0.028882093102276588 0.14634146341463414
3 0.4164118246687054 0.4435540069686411 0.024125042473666328 0.12473867595818815
4 0.3895684675501189 0.4777003484320557 0.032279986408426775 0.1651567944250871
5 0.3559293238192321 0.4560975609756098 0.04247366632687734 0.16236933797909409
6 0.31668365613319743 0.41672473867595816 0.036017669045191984 0.18536585365853658
7 0.2801563030920829 0.4052264808362369 0.037037037037037035 0.16933797909407666
8 0.5181787291879035 0.4700348432055749 0.02378525314305131 0.14425087108013937
9 0.5455317703024125 0.4686411149825784 0.018008834522595992 0.14146341463414633
10 0.5677879714576962 0.4547038327526132 0.021746517159361198 0.15958188153310104
11 0.5944614339109752 0.48362369337979094 0.028882093102276588 0.17700348432055749
12 0.6160380564050288 0.4818815331010453 0.026503567787971458 0.18885017421602787
13 0.6481481481481481 0.4665505226480836 0.03771661569826707 0.18606271777003483
14 0.6862045531770302 0.45574912891986064 0.037037037037037035 0.1672473867595819
16 0.4928644240570846 0.7491289198606271 0.018688413183826028 0.07526132404181185
17 0.4658511722731906 0.7418118466898954 0.026503567787971458 0.09268292682926829
18 0.4330615018688413 0.740418118466899 0.04383282364933741 0.13310104529616726
19 0.40808698606863747 0.729616724738676 0.042133876996262316 0.11707317073170732
21 0.34284743459055383 0.6428571428571429 0.0672782874617737 0.16376306620209058
22 0.29748555895344886 0.5954703832752614 0.0764525993883792 0.15121951219512195
23 0.2567108392796466 0.5463414634146342 0.07509344206591913 0.13797909407665504
24 0.5149507305470609 0.751219512195122 0.017329255861365953 0.08362369337979095
25 0.5395854570166497 0.7536585365853659 0.021066938498131158 0.10383275261324042
26 0.5745837580699966 0.7581881533101046 0.04281345565749235 0.11986062717770035
27 0.5973496432212029 0.7344947735191638 0.026503567787971458 0.08362369337979095
28 0.626401630988787 0.6888501742160279 0.0417940876656473 0.1554006968641115
29 0.6605504587155964 0.6644599303135889 0.0672782874617737 0.17073170731707318
30 0.7037037037037037 0.6181184668989547 0.07203533809038397 0.1421602787456446
31 0.7444784233775059 0.5592334494773519 0.07475365273530411 0.13310104529616726
32 0.5107033639143731 0.5508710801393728 0.22494053686714238 0.10104529616724739
32 0.5100237852531431 0.6731707317073171 0.2161060142711519 0.1156794425087108
