0 0.4764048991354467 0.45472972972972975 0.026296829971181556 0.20540540540540542
1 0.45136887608069165 0.4594594594594595 0.02089337175792507 0.20945945945945946
2 0.4259726224783862 0.4554054054054054 0.025576368876080693 0.21216216216216216
3 0.4025576368876081 0.4466216216216216 0.032780979827089336 0.20945945945945946
4 0.37337896253602304 0.4358108108108108 0.029178674351585013 0.21891891891891893
5 0.339157060518732 0.43817567567567567 0.03998559077809798 0.18445945945945946
6 0.2889048991354467 0.4131756756756757 0.059077809798270896 0.18175675675675676
8 0.5018011527377522 0.45878378378378376 0.02521613832853026 0.23108108108108108
9 0.5257564841498559 0.45337837837837835 0.022694524495677233 0.20540540540540542
10 0.551693083573487 0.4516891891891892 0.029178674351585013 0.2195945945945946
11 0.5707853025936599 0.4337837837837838 0.04358789625360231 0.22837837837837838
12 0.5961815561959655 0.43648648648648647 0.04178674351585014 0.20540540540540542
14 0.6831772334293948 0.4246621621621622 0.04646974063400577 0.1777027027027027
15 0.7256844380403458 0.435472972972973 0.03854466858789626 0.17905405405405406
16 0.47964697406340057 0.6712837837837838 0.0234149855907781 0.14932432432432433
17 0.4603746397694525 0.6679054054054054 0.03602305475504323 0.18175675675675676
18 0.43029538904899134 0.697972972972973 0.04502881844380403 0.20270270270270271
19 0.4099423631123919 0.6976351351351351 0.029538904899135448 0.20337837837837838
20 0.3757204610951009 0.677027027027027 0.051152737752161385 0.17702702702702702
21 0.3348342939481268 0.6743243243243243 0.060878962536023054 0.1945945945945946
23 0.26963256484149856 0.6016891891891892 0.06304034582132564 0.14256756756756755
24 0.5027017291066282 0.6631756756756757 0.0234149855907781 0.1912162162162162
25 0.5223342939481268 0.6665540540540541 0.029538904899135448 0.15337837837837837
26 0.5549351585014409 0.6912162162162162 0.03926512968299712 0.18243243243243243
27 0.5806916426512968 0.6898648648648649 0.051152737752161385 0.18783783783783783
28 0.6185158501440923 0.6719594594594595 0.056195965417867436 0.17905405405405406
29 0.6660662824207493 0.6614864864864864 0.07492795389048991 0.1864864864864865
30 0.7098342939481268 0.6405405405405405 0.0882564841498559 0.20270270270270271
31 0.7617074927953891 0.6016891891891892 0.08321325648414986 0.15067567567567566
33 0.2979106628242075 0.46925675675675677 0.032420749279538905 0.04391891891891892
33 0.33231268011527376 0.49966216216216214 0.02845821325648415 0.047972972972972976
33 0.6421109510086456 0.6030405405405406 0.0457492795389049 0.07905405405405405
