0 0.4881073734284743 0.5470383275261324 0.027522935779816515 0.19372822299651568
1 0.4648318042813456 0.5421602787456447 0.019707781175671082 0.18118466898954705
2 0.44274549779136935 0.5445993031358886 0.02582398912674142 0.1916376306620209
3 0.4215086646279307 0.5439024390243903 0.029561671763506627 0.1902439024390244
4 0.39755351681957185 0.5470383275261324 0.02854230377166157 0.20069686411149826
5 0.36272511043153244 0.5522648083623694 0.036357458375807 0.17073170731707318
6 0.32466870540265036 0.5344947735191637 0.032279986408426775 0.17142857142857143
8 0.5142711518858308 0.545993031358885 0.023445463812436288 0.18885017421602787
9 0.5361875637104995 0.5428571428571428 0.020387359836901122 0.19790940766550522
10 0.5572545022086306 0.5376306620209059 0.021746517159361198 0.20278745644599303
11 0.581039755351682 0.5118466898954703 0.024464831804281346 0.1456445993031359
12 0.608053007135576 0.5069686411149826 0.02820251444104655 0.15121951219512195
13 0.6379544682296976 0.5101045296167247 0.03363914373088685 0.13240418118466898
14 0.6799184505606524 0.5369337979094077 0.034658511722731905 0.17630662020905924
16 0.4960924226979273 0.7578397212543554 0.021746517159361198 0.17770034843205576
17 0.47689432551817873 0.7536585365853659 0.022765885151206252 0.17073170731707318
18 0.45582738702004755 0.7707317073170732 0.022086306489976216 0.2048780487804878
20 0.4298335032279986 0.7613240418118467 0.027183146449201494 0.18327526132404182
21 0.35932721712538224 0.7501742160278746 0.07305470608222901 0.1554006968641115
22 0.3202514441046551 0.7226480836236934 0.061501868841318384 0.1421602787456446
24 0.5129119945633707 0.7574912891986063 0.018688413183826028 0.17142857142857143
25 0.5293917770981991 0.7480836236933798 0.01563030920829086 0.15958188153310104
26 0.5560652395514781 0.7658536585365854 0.03771661569826707 0.19233449477351916
27 0.5776418620455318 0.7606271777003484 0.03397893306150187 0.17630662020905924
28 0.6019367991845056 0.7630662020905923 0.04111450900441726 0.18257839721254354
29 0.6527353041114509 0.7526132404181185 0.07407407407407407 0.16585365853658537
30 0.6919809717974855 0.7233449477351916 0.06354060482500849 0.15331010452961671
31 0.7429493713897384 0.7066202090592334 0.05946313285762827 0.0975609756097561
32 0.6126401630988787 0.5986062717770034 0.09378185524974515 0.06550522648083623
