0 0.47388328530259366 0.4905405405405405 0.025576368876080693 0.1554054054054054
1 0.4477665706051873 0.48817567567567566 0.019452449567723344 0.14797297297297296
2 0.42345100864553314 0.4780405405405405 0.024135446685878963 0.15743243243243243
8 0.5016210374639769 0.4847972972972973 0.025576368876080693 0.15472972972972973
12 0.6098703170028819 0.4618243243243243 0.019452449567723344 0.14527027027027026
16 0.49027377521613835 0.6564189189189189 0.01585014409221902 0.14932432432432433
17 0.47352305475504325 0.6513513513513514 0.02053314121037464 0.15675675675675677
18 0.4531700288184438 0.6658783783783784 0.020172910662824207 0.17905405405405406
19 0.4320965417867435 0.6652027027027027 0.024135446685878963 0.16283783783783784
20 0.4086815561959654 0.6489864864864865 0.02989913544668588 0.16959459459459458
21 0.37319884726224783 0.6577702702702702 0.03890489913544669 0.10337837837837838
22 0.3404178674351585 0.6368243243243243 0.04106628242074928 0.07364864864864865
23 0.29881123919308356 0.625 0.03926512968299712 0.06486486486486487
24 0.5072046109510087 0.6601351351351351 0.01440922190201729 0.13378378378378378
25 0.5244956772334294 0.6533783783783784 0.020172910662824207 0.15675675675675677
26 0.5470100864553314 0.6466216216216216 0.0234149855907781 0.1635135135135135
27 0.5646613832853026 0.6797297297297298 0.024135446685878963 0.13378378378378378
28 0.5868155619596542 0.6655405405405406 0.030979827089337175 0.17297297297297298
29 0.6419308357348703 0.6719594594594595 0.04899135446685879 0.05067567567567568
31 0.6851585014409222 0.6320945945945946 0.0446685878962536 0.0804054054054054
