0 0.46653075093442065 0.3975609756097561 0.02310567448182127 0.14006968641114984
1 0.44665307509344204 0.41602787456445994 0.020047570506286104 0.1337979094076655
2 0.42660550458715596 0.4142857142857143 0.022086306489976216 0.12055749128919861
5 0.3487937478763167 0.43101045296167245 0.038396194359497114 0.09547038327526132
8 0.4960924226979273 0.40905923344947737 0.020387359836901122 0.13519163763066203
9 0.5173292558613659 0.4121951219512195 0.017329255861365953 0.13449477351916375
10 0.5406048250084947 0.4045296167247387 0.019028202514441046 0.12613240418118468
11 0.5616717635066258 0.4195121951219512 0.019707781175671082 0.1254355400696864
12 0.5837580699966021 0.4118466898954704 0.020387359836901122 0.1254355400696864
18 0.4344206591913014 0.6881533101045296 0.022765885151206252 0.11498257839721254
19 0.4167516139993204 0.640418118466899 0.020047570506286104 0.1672473867595819
20 0.39330615018688414 0.6529616724738676 0.022086306489976216 0.17282229965156795
22 0.31022765885151204 0.6320557491289198 0.06252123683316343 0.14773519163763066
27 0.5468909276248726 0.6648083623693379 0.02616377845735644 0.18118466898954705
28 0.5652395514780836 0.6662020905923345 0.032279986408426775 0.1867595818815331
29 0.6134896364254162 0.6567944250871081 0.07101597009853891 0.1651567944250871
32 0.4831804281345566 0.6205574912891986 0.11688752973156642 0.1024390243902439
32 0.3498131158681617 0.5940766550522648 0.10975195378865103 0.08710801393728224
32 0.481311586816174 0.5041811846689895 0.291199456337071 0.09268292682926829
