0 0.48036743515850144 0.49966216216216214 0.029178674351585013 0.2141891891891892
1 0.4535302593659942 0.5054054054054054 0.021613832853025938 0.1945945945945946
2 0.42777377521613835 0.4922297297297297 0.02845821325648415 0.24391891891891893
3 0.4032780979827089 0.5016891891891891 0.03206051873198847 0.20608108108108109
4 0.3748198847262248 0.4847972972972973 0.03134005763688761 0.20067567567567568
5 0.3407780979827089 0.4722972972972973 0.03962536023054755 0.1918918918918919
6 0.3011527377521614 0.45506756756756755 0.03962536023054755 0.18445945945945946
7 0.2660302593659942 0.42736486486486486 0.04070605187319885 0.17094594594594595
8 0.5079250720461095 0.49898648648648647 0.03170028818443804 0.19256756756756757
9 0.5284582132564841 0.4922297297297297 0.03314121037463977 0.18716216216216217
10 0.5536743515850144 0.45675675675675675 0.03818443804034582 0.23378378378378378
11 0.5808717579250721 0.4506756756756757 0.050072046109510084 0.21351351351351353
13 0.6410302593659942 0.4293918918918919 0.05655619596541787 0.175
14 0.6876801152737753 0.40743243243243243 0.05763688760806916 0.16486486486486487
15 0.7292867435158501 0.3783783783783784 0.050792507204610954 0.1554054054054054
16 0.4843299711815562 0.7162162162162162 0.016930835734870316 0.13918918918918918
17 0.4659582132564842 0.7084459459459459 0.022694524495677233 0.17094594594594595
18 0.43948126801152737 0.7280405405405406 0.03170028818443804 0.17905405405405406
19 0.4142651296829971 0.710472972972973 0.03386167146974063 0.175
20 0.3868876080691643 0.7006756756756757 0.045389048991354465 0.1972972972972973
21 0.34870317002881845 0.6797297297297298 0.06628242074927954 0.19324324324324324
22 0.3034942363112392 0.6506756756756756 0.05943804034582133 0.19324324324324324
23 0.25972622478386165 0.5996621621621622 0.06340057636887608 0.15472972972972973
24 0.5009005763688761 0.706081081081081 0.016210374639769452 0.1554054054054054
25 0.5190922190201729 0.7023648648648648 0.02377521613832853 0.16959459459459458
26 0.545749279538905 0.7057432432432432 0.032420749279538905 0.2114864864864865
27 0.5720461095100865 0.6844594594594594 0.05547550432276657 0.1945945945945946
28 0.596721902017291 0.664527027027027 0.08321325648414986 0.18716216216216217
29 0.6361671469740634 0.6398648648648648 0.08645533141210375 0.20675675675675675
30 0.6986671469740634 0.5962837837837838 0.09834293948126802 0.1858108108108108
31 0.7431556195965417 0.5391891891891892 0.08429394812680115 0.1527027027027027
33 0.39571325648414984 0.6371621621621621 0.026296829971181556 0.04054054054054054
33 0.4164265129682997 0.6361486486486486 0.018011527377521614 0.03175675675675676
