0 0.48793747876316684 0.41986062717770034 0.021066938498131158 0.21533101045296169
1 0.4711179068977234 0.41498257839721253 0.023445463812436288 0.22090592334494774
2 0.45039075773020726 0.4013937282229965 0.0254841997961264 0.21881533101045297
3 0.4364593951749915 0.3526132404181185 0.023445463812436288 0.12682926829268293
6 0.34573564390078154 0.31498257839721255 0.038396194359497114 0.12682926829268293
8 0.5115528372409106 0.4226480836236934 0.019367991845056064 0.20836236933797908
9 0.5312606184165817 0.41149825783972127 0.024125042473666328 0.21951219512195122
10 0.5484199796126402 0.37038327526132403 0.019707781175671082 0.1651567944250871
11 0.5706761807679239 0.364808362369338 0.023445463812436288 0.13588850174216027
14 0.6224940536867143 0.3400696864111498 0.03329935440027183 0.0808362369337979
16 0.5032279986408427 0.6320557491289198 0.010873258579680599 0.16585365853658537
17 0.4911654774040095 0.6219512195121951 0.016649677200135916 0.15121951219512195
18 0.4677200135915732 0.6212543554006968 0.024125042473666328 0.18745644599303135
19 0.44631328576282703 0.60801393728223 0.024804621134896364 0.17909407665505225
20 0.4167516139993204 0.5944250871080139 0.044512402310567446 0.1951219512195122
21 0.37988447162759087 0.5749128919860628 0.0509683995922528 0.14076655052264808
23 0.29935440027183147 0.4832752613240418 0.08426775399252463 0.10662020905923345
24 0.5195378865103636 0.6282229965156795 0.01291199456337071 0.15121951219512195
25 0.5321100917431193 0.6289198606271778 0.01563030920829086 0.1470383275261324
26 0.5535168195718655 0.662369337979094 0.019028202514441046 0.11777003484320557
28 0.599388379204893 0.6202090592334495 0.029221882432891606 0.13240418118466898
30 0.6722731906218145 0.567595818815331 0.06489976214746856 0.11777003484320557
31 0.6926605504587156 0.4881533101045296 0.07713217804960924 0.1470383275261324
32 0.38464152225620113 0.4229965156794425 0.12232415902140673 0.09477351916376307
32 0.5835881753312946 0.445993031358885 0.12606184165817194 0.14076655052264808
32 0.6032959565069657 0.554006968641115 0.12606184165817194 0.13658536585365855
33 0.46653075093442065 0.47804878048780486 0.013591573224600747 0.050174216027874564
33 0.3827726809378186 0.48745644599303134 0.05606523955147808 0.059233449477351915
