0 0.490855 0.381296 0.040064 0.276813
1 0.460966 0.376547 0.038792 0.278170
2 0.430441 0.374512 0.036248 0.279527
3 0.401188 0.360264 0.041336 0.321591
4 0.376386 0.367727 0.046423 0.284954
6 0.294668 0.341267 0.078856 0.278170
8 0.528058 0.373155 0.040700 0.298524
9 0.561444 0.377904 0.031161 0.272742
10 0.593877 0.366370 0.034977 0.293096
11 0.619951 0.353479 0.037520 0.302594
12 0.646660 0.367048 0.038792 0.299881
14 0.698171 0.356871 0.069317 0.279527
16 0.513431 0.637755 0.026709 0.208967
17 0.539504 0.647254 0.025438 0.236105
18 0.564306 0.657431 0.027981 0.280884
19 0.598647 0.650646 0.034341 0.267314
20 0.626946 0.656752 0.032433 0.274099
22 0.695627 0.614687 0.089667 0.214394
23 0.727106 0.553626 0.085216 0.200825
24 0.491809 0.643861 0.024166 0.221179
25 0.467008 0.657431 0.030525 0.248317
26 0.446340 0.678463 0.050239 0.314807
27 0.411363 0.677784 0.043880 0.337875
28 0.385925 0.662180 0.040064 0.284954
30 0.299438 0.609260 0.090939 0.238819