0 0.483596 0.511414 0.038688 0.201315
1 0.446359 0.504026 0.033852 0.193927
2 0.412508 0.495715 0.033852 0.214243
3 0.383976 0.488327 0.036753 0.214243
4 0.351575 0.481863 0.033852 0.205009
5 0.310952 0.489251 0.055130 0.216090
6 0.272748 0.468011 0.042556 0.169917
7 0.253888 0.390440 0.068671 0.118203
10 0.594824 0.477246 0.046425 0.247488
12 0.653339 0.480940 0.043524 0.203162
13 0.694444 0.468011 0.050294 0.195774
14 0.737001 0.461547 0.046425 0.197621
15 0.781975 0.436613 0.045458 0.192080
16 0.556136 0.723811 0.042556 0.186540
17 0.583217 0.715499 0.030950 0.173611
18 0.612233 0.726581 0.050294 0.210550
19 0.649954 0.713652 0.050294 0.188387
21 0.718141 0.689642 0.082211 0.184693
22 0.772787 0.657321 0.081244 0.164376
23 0.806155 0.622230 0.060933 0.168070
24 0.520350 0.714576 0.038688 0.153295
25 0.484564 0.721040 0.034819 0.184693
26 0.446843 0.726581 0.040622 0.206856
27 0.414442 0.727504 0.033852 0.201315
28 0.375271 0.722887 0.038688 0.210550
30 0.276617 0.682255 0.083179 0.177305