0 0.479935 0.332658 0.040356 0.292131
1 0.448819 0.325059 0.030927 0.303951
8 0.522366 0.317882 0.044505 0.314927
9 0.553481 0.306906 0.034321 0.335191
10 0.590631 0.318305 0.055820 0.337724
11 0.609866 0.331814 0.046768 0.320838
14 0.707362 0.360520 0.053179 0.297197
22 0.692276 0.635343 0.056951 0.259203
21 0.646640 0.640409 0.053179 0.287909
20 0.608735 0.643364 0.036962 0.295508
19 0.579128 0.634921 0.038847 0.281999
18 0.545749 0.639564 0.046768 0.318305
17 0.522554 0.630699 0.044882 0.302263
16 0.508033 0.620990 0.029418 0.289598
24 0.488610 0.626478 0.022252 0.295508
25 0.467300 0.624789 0.025647 0.293820
26 0.448065 0.636609 0.035453 0.320838
27 0.420155 0.636187 0.033190 0.292975
28 0.395451 0.655184 0.035076 0.295508
29 0.358678 0.645052 0.054311 0.293820
30 0.311156 0.652651 0.073169 0.273556
31 0.266840 0.633232 0.066003 0.256670
6 0.291356 0.361787 0.055442 0.292975
3 0.391680 0.319993 0.029796 0.329281
2 0.412612 0.318727 0.039979 0.345323