8 0.516734 0.390520 0.029099 0.196222
9 0.546716 0.390520 0.029099 0.200069
10 0.570524 0.401100 0.034390 0.203917
12 0.609103 0.429957 0.055112 0.213535
13 0.642611 0.465065 0.067458 0.191412
15 0.720210 0.458332 0.037476 0.160633
0 0.485871 0.379458 0.030863 0.181794
1 0.462063 0.383787 0.028218 0.184679
2 0.437813 0.382825 0.029099 0.175061
4 0.386008 0.391963 0.034831 0.197184
7 0.288789 0.410719 0.038799 0.173137
16 0.510121 0.587703 0.017636 0.159671
17 0.529961 0.580970 0.024690 0.155823
18 0.548479 0.613193 0.029099 0.226040
19 0.572949 0.631950 0.034831 0.207764
23 0.734098 0.626659 0.071426 0.147166
24 0.489399 0.593475 0.016754 0.167366
25 0.471763 0.593475 0.030863 0.167366
26 0.447513 0.609346 0.023809 0.206802
27 0.422602 0.621369 0.027777 0.211612
28 0.395928 0.623293 0.029099 0.192374
31 0.294962 0.603093 0.074071 0.173137