0 0.482440 0.423439 0.034216 0.357914
1 0.462644 0.414629 0.031772 0.355711
2 0.448958 0.433351 0.041548 0.289635
3 0.430628 0.419034 0.031283 0.267609
4 0.415231 0.395908 0.040570 0.283027
5 0.391524 0.406920 0.054745 0.258799
6 0.358042 0.377737 0.055234 0.235672
8 0.504925 0.448769 0.031283 0.316065
9 0.527654 0.422889 0.025906 0.332584
10 0.546228 0.405819 0.032749 0.360116
11 0.561380 0.387097 0.035682 0.357914
12 0.578977 0.412977 0.035682 0.275318
13 0.596818 0.408572 0.066476 0.262103
14 0.634944 0.360116 0.057678 0.279723
15 0.646431 0.338641 0.071853 0.219153
31 0.312828 0.542928 0.096781 0.182811
30 0.349732 0.609004 0.106068 0.224660
29 0.392502 0.642042 0.087005 0.220255
28 0.419395 0.685371 0.061759 0.225990
27 0.443267 0.699680 0.035917 0.209213
26 0.463196 0.729286 0.026719 0.234872
25 0.484002 0.713496 0.031537 0.187502
24 0.502617 0.705108 0.019710 0.170726
16 0.520357 0.709055 0.021901 0.186516
17 0.539410 0.712509 0.029347 0.209213
18 0.559558 0.718431 0.030223 0.228950
19 0.574889 0.701654 0.029347 0.240793
20 0.597665 0.690305 0.047743 0.251648
21 0.652855 0.622212 0.102056 0.200332
22 0.690524 0.548691 0.116073 0.159871