0 0.472281 0.420308 0.038253 0.269124
1 0.445798 0.404477 0.042667 0.281788
2 0.426671 0.342737 0.030897 0.259625
3 0.415637 0.401311 0.041196 0.259625
4 0.393568 0.382314 0.042667 0.250127
5 0.359728 0.372024 0.055909 0.229547
6 0.327728 0.325323 0.061058 0.180471
7 0.306762 0.231130 0.058851 0.134562
8 0.507960 0.421891 0.041931 0.256459
9 0.533707 0.404477 0.047817 0.259625
10 0.557248 0.342737 0.036046 0.243794
11 0.572328 0.383105 0.045610 0.273873
12 0.601754 0.387855 0.048552 0.229547
13 0.635225 0.372024 0.068415 0.201051
14 0.663915 0.298411 0.066943 0.170973
15 0.689663 0.226380 0.058116 0.134562
16 0.507224 0.665685 0.022805 0.202634
17 0.525615 0.662519 0.033104 0.218465
18 0.552834 0.677558 0.031633 0.223214
19 0.576742 0.644314 0.050024 0.207383
20 0.602122 0.624525 0.065472 0.221631
21 0.646996 0.599196 0.090484 0.240628
22 0.696651 0.554870 0.083863 0.186803
24 0.484419 0.668060 0.023540 0.201051
25 0.470442 0.680724 0.032368 0.239045
26 0.444695 0.685474 0.029426 0.248544
27 0.420051 0.649063 0.047817 0.220048
28 0.396510 0.640356 0.056644 0.246960
29 0.351268 0.613444 0.101518 0.250127
30 0.303452 0.560410 0.085334 0.169390