0 0.481293 0.225729 0.049144 0.415698
1 0.449777 0.225170 0.043802 0.403406
2 0.419062 0.226846 0.043268 0.395584
3 0.394489 0.235227 0.042200 0.349768
4 0.367246 0.216789 0.040063 0.370999
5 0.321841 0.212878 0.061430 0.356472
6 0.279374 0.228522 0.051281 0.291659
7 0.242783 0.213436 0.060362 0.286072
8 0.522425 0.225729 0.042734 0.400054
9 0.557947 0.232433 0.033653 0.408993
10 0.586526 0.239138 0.033119 0.395584
11 0.609496 0.241932 0.048076 0.365412
12 0.634869 0.256459 0.046473 0.336358
13 0.673864 0.254224 0.067840 0.314009
14 0.717399 0.250313 0.049144 0.303951
15 0.757997 0.234110 0.052349 0.278250
23 0.775357 0.490010 0.076387 0.253665
22 0.729418 0.525769 0.090276 0.262605
21 0.678137 0.564321 0.093481 0.286072
20 0.638074 0.574937 0.064635 0.298364
19 0.612166 0.592258 0.057691 0.312891
18 0.583321 0.590023 0.038461 0.299481
17 0.550736 0.578290 0.030982 0.278250
16 0.530170 0.576614 0.027243 0.286072
24 0.505064 0.590582 0.029380 0.305069
25 0.478889 0.588906 0.034721 0.290542
26 0.437758 0.603992 0.058225 0.322948
27 0.413186 0.593376 0.069977 0.321831
28 0.384340 0.574379 0.091344 0.312891
29 0.342674 0.555940 0.113780 0.293894
30 0.291393 0.516829 0.106301 0.253665
31 0.240647 0.498391 0.095618 0.274897