0 0.483750 0.459905 0.030586 0.216789
1 0.459084 0.453200 0.026639 0.207849
2 0.434911 0.454318 0.027626 0.214554
3 0.414192 0.448731 0.033546 0.207849
4 0.390019 0.445378 0.032559 0.227964
5 0.358447 0.436438 0.044399 0.232433
6 0.318488 0.429734 0.039466 0.196674
8 0.516309 0.446496 0.026639 0.207849
9 0.542455 0.449848 0.025653 0.214554
13 0.632239 0.426381 0.047359 0.198909
14 0.674172 0.418559 0.042426 0.196674
16 0.514829 0.686751 0.021706 0.196674
17 0.536042 0.690104 0.022693 0.203379
18 0.557748 0.695691 0.024666 0.219024
19 0.593760 0.691221 0.025653 0.214554
20 0.624840 0.672224 0.038479 0.194439
24 0.492136 0.693456 0.017760 0.178795
25 0.472404 0.701278 0.023679 0.203379
26 0.450698 0.710218 0.025653 0.225729
27 0.426525 0.697926 0.024666 0.205614
28 0.400379 0.694574 0.023679 0.212319