0 0.497676 0.460589 0.028194 0.193050
1 0.477746 0.449294 0.027221 0.203319
2 0.452955 0.452374 0.034027 0.184835
3 0.439345 0.450320 0.030138 0.193050
4 0.414068 0.453401 0.030138 0.186889
5 0.386846 0.455455 0.045693 0.207426
6 0.347958 0.449294 0.041804 0.203319
7 0.315390 0.441079 0.050554 0.211534
8 0.520523 0.466750 0.023333 0.180728
9 0.543370 0.456482 0.018472 0.197158
10 0.568647 0.466750 0.024305 0.188943
11 0.592952 0.466750 0.034027 0.197158
12 0.621145 0.462643 0.032082 0.205373
13 0.647881 0.453401 0.036943 0.190996
14 0.686282 0.437998 0.035971 0.193050
15 0.716420 0.423622 0.055415 0.201265
16 0.519551 0.666988 0.025277 0.162244
17 0.538023 0.689579 0.027221 0.195104
18 0.564758 0.697794 0.035971 0.211534
19 0.594410 0.702929 0.036943 0.205373
20 0.623576 0.699848 0.052499 0.199211
21 0.664894 0.679311 0.078748 0.207426
22 0.711073 0.653639 0.073887 0.201265
23 0.751419 0.607430 0.069026 0.170459
24 0.499621 0.679311 0.020416 0.190996
25 0.482121 0.677257 0.020416 0.190996
26 0.456358 0.678284 0.019444 0.188943
27 0.435942 0.689579 0.033055 0.199211
28 0.404346 0.697794 0.034027 0.199211
30 0.322681 0.673150 0.076803 0.158137
31 0.278933 0.617699 0.074859 0.141707