0 0.499663 0.370893 0.034174 0.251122
1 0.476018 0.366189 0.024163 0.257635
2 0.453408 0.361485 0.031412 0.274280
3 0.430280 0.352077 0.037626 0.259806
4 0.397142 0.350991 0.036245 0.267767
6 0.329484 0.298162 0.056956 0.261977
7 0.282539 0.275365 0.061099 0.235200
8 0.529350 0.372702 0.032793 0.256188
9 0.554376 0.371255 0.024854 0.260530
10 0.576123 0.354972 0.031067 0.294543
11 0.599251 0.350268 0.037281 0.285135
15 0.723347 0.277175 0.055576 0.243161
16 0.512781 0.621653 0.021747 0.183818
17 0.531939 0.619482 0.024854 0.192503
18 0.564904 0.677377 0.049362 0.273556
19 0.583027 0.632870 0.053850 0.233753
20 0.605292 0.626719 0.056266 0.233029
22 0.698666 0.561224 0.103557 0.240990
23 0.750790 0.501158 0.108390 0.209147
24 0.496212 0.615863 0.026580 0.195397
25 0.476018 0.615502 0.026925 0.194674
26 0.437011 0.640831 0.062825 0.252569
27 0.423204 0.614416 0.057302 0.231582
28 0.395588 0.611159 0.055921 0.227964
31 0.248365 0.470401 0.110116 0.214213
12 0.622266 0.324641 0.024403 0.250534