0 0.469445 0.467689 0.034662 0.292388
1 0.440811 0.458603 0.031648 0.297344
8 0.501339 0.472506 0.032141 0.281846
9 0.527178 0.451782 0.035922 0.295662
10 0.557744 0.448328 0.035292 0.297043
11 0.583268 0.465598 0.043485 0.226582
12 0.614148 0.466289 0.053569 0.186516
13 0.660154 0.422769 0.059871 0.221056
14 0.702379 0.375104 0.054829 0.241779
16 0.504805 0.717049 0.042855 0.190660
17 0.528124 0.711523 0.047897 0.190660
18 0.553963 0.709450 0.050418 0.216911
19 0.577911 0.687345 0.056720 0.205858
20 0.606271 0.636916 0.061761 0.168555
21 0.659724 0.642530 0.092482 0.224116
22 0.711715 0.597047 0.100177 0.213768
23 0.753995 0.508534 0.075038 0.110224
24 0.476991 0.707708 0.034145 0.176927
25 0.455263 0.707708 0.039318 0.195073
31 0.242412 0.565038 0.076879 0.190944
30 0.285295 0.611312 0.101320 0.211402
29 0.327290 0.655152 0.103542 0.211402
27 0.399280 0.691955 0.038662 0.221577
26 0.428654 0.707411 0.042585 0.225069
2 0.414096 0.462513 0.036973 0.270517
6 0.287359 0.384428 0.053401 0.243850
5 0.328740 0.445101 0.049430 0.196104
4 0.365762 0.467552 0.038801 0.222860
3 0.392923 0.471238 0.043974 0.223427