0 0.495203 0.483066 0.032952 0.232306
1 0.467096 0.464611 0.032952 0.251845
2 0.443351 0.454842 0.041675 0.258359
3 0.426875 0.441815 0.037798 0.236648
4 0.406038 0.443986 0.038767 0.214937
5 0.374055 0.430960 0.054274 0.210595
6 0.338680 0.410334 0.057182 0.208424
7 0.309605 0.375597 0.062997 0.182371
8 0.524763 0.489579 0.033921 0.236648
9 0.552384 0.480894 0.025199 0.227964
10 0.577583 0.493921 0.023260 0.214937
11 0.596482 0.492835 0.026168 0.212766
12 0.619258 0.470039 0.032952 0.232306
13 0.647848 0.479809 0.039736 0.238819
14 0.684193 0.468954 0.034890 0.208424
15 0.709391 0.447243 0.036829 0.173686
24 0.495687 0.717542 0.024230 0.188884
16 0.516040 0.715371 0.026168 0.180200
17 0.539300 0.714286 0.030045 0.182371
18 0.567891 0.722970 0.025199 0.195397
19 0.594059 0.720799 0.027137 0.208424
20 0.622165 0.722970 0.032952 0.225792
22 0.687100 0.676292 0.056212 0.193226
23 0.721022 0.648068 0.042644 0.175858
25 0.471458 0.718628 0.024230 0.204082
26 0.448197 0.712115 0.030045 0.204082
27 0.419122 0.700174 0.047490 0.197568
28 0.388108 0.684976 0.061058 0.206253
29 0.359517 0.661094 0.067843 0.197568
30 0.319296 0.620929 0.072689 0.199739
31 0.268414 0.542770 0.081411 0.165002