8 0.513790 0.464544 0.035331 0.227180
9 0.545670 0.464004 0.028406 0.214800
10 0.578621 0.454431 0.037495 0.214800
11 0.609407 0.454069 0.043528 0.211683
12 0.633924 0.451678 0.033227 0.203467
13 0.672254 0.463926 0.052451 0.218965
14 0.719958 0.450428 0.049129 0.202968
15 0.749088 0.393349 0.061009 0.154211
0 0.477234 0.453409 0.032163 0.246732
1 0.452133 0.463251 0.025861 0.216977
2 0.424642 0.453181 0.033033 0.226132
3 0.400194 0.449290 0.032381 0.234830
4 0.373246 0.448374 0.030207 0.223844
5 0.336628 0.445856 0.050418 0.227964
6 0.285558 0.449290 0.049983 0.197294
7 0.265898 0.364436 0.072357 0.109615
16 0.507136 0.690611 0.024295 0.158179
17 0.532045 0.690611 0.024050 0.169551
18 0.557568 0.691386 0.032885 0.186610
19 0.589103 0.700432 0.034603 0.214007
20 0.622969 0.699657 0.037057 0.217625
22 0.712052 0.687509 0.095464 0.217108
23 0.766533 0.670451 0.089574 0.205736
24 0.485577 0.702037 0.020999 0.182220
25 0.463591 0.692586 0.022973 0.171634
26 0.443849 0.695421 0.025486 0.188646
27 0.418811 0.695043 0.030691 0.199988
28 0.392260 0.693272 0.039861 0.201696
29 0.350507 0.691865 0.070814 0.211077
30 0.290048 0.684125 0.091078 0.225618
31 0.229923 0.667473 0.085289 0.191377