0 0.481994 0.354587 0.037774 0.252832
1 0.450831 0.338008 0.034626 0.277701
2 0.424075 0.334554 0.035256 0.303951
3 0.402669 0.328337 0.033996 0.291517
4 0.377802 0.346297 0.037144 0.244543
5 0.340342 0.347679 0.054143 0.241779
8 0.514732 0.354587 0.031478 0.255595
9 0.542118 0.349061 0.025812 0.255595
10 0.566986 0.317975 0.030219 0.287372
12 0.610740 0.326955 0.038403 0.241779
14 0.689436 0.321429 0.058549 0.239016
15 0.726895 0.320738 0.044070 0.221056
16 0.512528 0.614327 0.024553 0.214148
17 0.533619 0.618472 0.028960 0.236253
18 0.557227 0.640578 0.038403 0.274938
19 0.586187 0.628143 0.037144 0.263885
20 0.612314 0.619854 0.052883 0.261122
21 0.653866 0.594985 0.086880 0.269411
22 0.711471 0.577715 0.112692 0.229345
23 0.753337 0.527977 0.090657 0.190660
24 0.493327 0.620544 0.025183 0.212766
25 0.473810 0.632288 0.030219 0.255595
26 0.447054 0.639887 0.028330 0.284609
27 0.419353 0.631597 0.037144 0.254214
28 0.393541 0.630216 0.049736 0.265267
29 0.355137 0.620544 0.072400 0.254214
30 0.304143 0.611564 0.086250 0.261122
31 0.261332 0.550083 0.082473 0.210003