0 0.487980 0.536577 0.037834 0.230017
1 0.454512 0.527335 0.027163 0.211534
2 0.423469 0.525281 0.032983 0.232071
3 0.396306 0.525281 0.034924 0.207426
4 0.369143 0.523228 0.031043 0.203319
5 0.340525 0.501664 0.037834 0.221802
6 0.306086 0.485234 0.052385 0.205373
8 0.527755 0.526308 0.033954 0.217695
9 0.559283 0.519120 0.029103 0.244393
10 0.583535 0.534523 0.025223 0.225910
11 0.608273 0.523228 0.028133 0.211534
12 0.638346 0.509878 0.030073 0.217695
13 0.662114 0.497556 0.038804 0.221802
14 0.698978 0.470858 0.050445 0.217695
16 0.527755 0.755299 0.020372 0.199211
17 0.548127 0.772755 0.028133 0.234125
18 0.574805 0.774809 0.023282 0.230017
19 0.598087 0.765567 0.031043 0.207426
20 0.626220 0.771728 0.034924 0.182782
21 0.660659 0.735788 0.055296 0.197158
22 0.703828 0.702929 0.073728 0.184835
24 0.507382 0.756325 0.024253 0.205373
25 0.485555 0.778916 0.027163 0.230017
26 0.458392 0.780970 0.027163 0.225910
27 0.430744 0.773782 0.035894 0.219749
28 0.402126 0.764540 0.027163 0.201265
29 0.363807 0.735788 0.057236 0.180728
30 0.311422 0.696767 0.082459 0.184835