0 0.481777 0.431502 0.035336 0.260530
1 0.451805 0.434216 0.035967 0.255102
2 0.423410 0.434895 0.044801 0.286311
3 0.395331 0.441001 0.056790 0.274099
4 0.366305 0.445072 0.042908 0.276813
5 0.326868 0.448464 0.070040 0.267314
6 0.288377 0.443715 0.061206 0.274099
7 0.244207 0.432859 0.059944 0.279527
8 0.522792 0.434895 0.050480 0.270028
9 0.555288 0.441679 0.039753 0.248317
10 0.589361 0.440322 0.051111 0.270028
11 0.613970 0.466104 0.046063 0.253745
12 0.646151 0.457962 0.038491 0.272742
13 0.692845 0.477638 0.071302 0.246960
14 0.736383 0.468818 0.051111 0.251031
15 0.771719 0.464747 0.039753 0.253745
16 0.509541 0.692032 0.023978 0.222536
17 0.532256 0.707637 0.030288 0.259173
18 0.557496 0.729348 0.035336 0.310736
19 0.585575 0.723920 0.032181 0.280884
20 0.611762 0.738168 0.036598 0.284954
21 0.664765 0.727312 0.075719 0.257816
22 0.716507 0.711708 0.074457 0.215751
23 0.767933 0.686604 0.070040 0.208967
24 0.485878 0.695424 0.028395 0.232034
25 0.472943 0.716457 0.047956 0.274099
26 0.444864 0.727312 0.044801 0.279527
27 0.422779 0.736132 0.034705 0.299881
28 0.393753 0.725955 0.046063 0.287668
29 0.356840 0.730026 0.078243 0.293096
30 0.302574 0.703566 0.082029 0.248317
31 0.253357 0.673714 0.085815 0.234748