0 0.506199 0.468316 0.037468 0.238494
1 0.476300 0.464341 0.024600 0.230545
2 0.447348 0.454946 0.034062 0.244999
3 0.415935 0.454946 0.041631 0.233435
4 0.387928 0.453501 0.040874 0.224763
5 0.352163 0.458560 0.051850 0.216090
6 0.306937 0.461089 0.048444 0.199468
7 0.269090 0.448080 0.063582 0.195132
8 0.542532 0.465426 0.038225 0.226931
9 0.573377 0.463980 0.028763 0.237049
10 0.607061 0.465064 0.041631 0.249335
11 0.635446 0.470123 0.047687 0.230545
12 0.667805 0.466871 0.046551 0.231267
13 0.702245 0.470846 0.051850 0.226208
14 0.750878 0.463980 0.049201 0.215368
15 0.778506 0.425676 0.071909 0.211031
16 0.534206 0.675734 0.029142 0.196577
17 0.560320 0.716567 0.030656 0.237772
18 0.588894 0.723072 0.032548 0.263789
19 0.625038 0.717290 0.050336 0.230545
20 0.665912 0.719097 0.066232 0.248612
21 0.706408 0.713315 0.090454 0.242831
22 0.753338 0.676818 0.075315 0.217536
23 0.810108 0.646103 0.085912 0.161887
24 0.506199 0.688445 0.027628 0.224636
25 0.479478 0.699338 0.032486 0.217633
26 0.446185 0.702080 0.046665 0.242309
27 0.419981 0.692141 0.044152 0.210778
28 0.384444 0.692141 0.067125 0.230656
29 0.342805 0.683744 0.080766 0.218661
30 0.291205 0.654783 0.077714 0.195698
31 0.248758 0.633705 0.066048 0.178904