0 0.502998 0.496782 0.027700 0.210084
1 0.482717 0.480020 0.028690 0.203379
2 0.463426 0.478902 0.027700 0.205614
3 0.443145 0.478902 0.032647 0.201144
4 0.420391 0.478902 0.030668 0.210084
5 0.399122 0.475550 0.039572 0.203379
6 0.371916 0.464375 0.064304 0.216789
7 0.353119 0.404032 0.070240 0.167620
8 0.529214 0.488959 0.030668 0.230198
9 0.550484 0.477785 0.027700 0.234668
10 0.569280 0.474432 0.025722 0.241373
11 0.591045 0.465493 0.021765 0.227964
12 0.609347 0.458788 0.024732 0.219024
14 0.662274 0.449848 0.045508 0.241373
15 0.674640 0.366038 0.046497 0.140801
16 0.518826 0.731450 0.019786 0.219024
17 0.535644 0.745977 0.019786 0.239138
18 0.555925 0.751564 0.024732 0.236903
19 0.577689 0.742625 0.032647 0.223494
20 0.607863 0.722510 0.043529 0.214554
21 0.643972 0.716923 0.072219 0.198909
22 0.671178 0.686751 0.065294 0.205614
23 0.731030 0.659932 0.070240 0.116217
24 0.501019 0.725863 0.021765 0.203379
25 0.485190 0.731450 0.023743 0.210084
26 0.465899 0.724745 0.026711 0.214554
27 0.442156 0.734802 0.036604 0.221259
28 0.412972 0.721393 0.047486 0.194439
30 0.347183 0.696809 0.086069 0.189970