0 0.489405 0.178511 0.044225 0.272591
1 0.461431 0.183939 0.042626 0.276210
2 0.428129 0.188763 0.046356 0.297921
3 0.399889 0.229170 0.049553 0.241231
4 0.372182 0.249674 0.049553 0.224345
5 0.330355 0.258117 0.063940 0.241231
6 0.289060 0.270179 0.055947 0.238819
7 0.245102 0.284653 0.051152 0.226757
8 0.532830 0.193588 0.042626 0.247262
9 0.561603 0.176702 0.029838 0.271385
10 0.595438 0.196603 0.060210 0.291890
11 0.617018 0.214696 0.061808 0.265354
12 0.638597 0.238819 0.047422 0.248468
13 0.674830 0.259324 0.058079 0.231582
14 0.715325 0.261133 0.043159 0.242437
15 0.757418 0.288271 0.051685 0.275004
31 0.249631 0.484875 0.066604 0.214696
30 0.299184 0.499952 0.071932 0.240025
29 0.347805 0.493499 0.060050 0.279466
28 0.387900 0.479990 0.044012 0.265957
27 0.415315 0.486322 0.039163 0.303951
26 0.445153 0.471125 0.036925 0.305640
25 0.469210 0.443685 0.031330 0.260892
24 0.491403 0.427643 0.025736 0.223742
16 0.516579 0.423421 0.026109 0.228808
17 0.540636 0.441152 0.024244 0.244005
18 0.560591 0.461837 0.025363 0.281999
19 0.586886 0.446640 0.036925 0.224586
20 0.614487 0.461837 0.035433 0.231341
21 0.654396 0.489699 0.063780 0.265113
22 0.704748 0.493921 0.060050 0.246538