0 0.481810 0.417933 0.027128 0.245332
1 0.455166 0.411420 0.022284 0.240990
2 0.433852 0.413591 0.024221 0.240990
3 0.415928 0.413591 0.023252 0.245332
4 0.390253 0.415762 0.028097 0.219279
5 0.362641 0.416848 0.027128 0.234477
6 0.329700 0.408163 0.032941 0.199739
8 0.518142 0.427703 0.039723 0.243161
9 0.546238 0.430960 0.031972 0.227964
10 0.572882 0.446157 0.042629 0.232306
11 0.590806 0.465697 0.041661 0.232306
12 0.614058 0.459184 0.031972 0.214937
13 0.635373 0.470039 0.028097 0.206253
14 0.672674 0.499349 0.042629 0.221450
16 0.510875 0.664351 0.019377 0.178029
17 0.532190 0.667607 0.019377 0.201911
18 0.553989 0.680634 0.020346 0.201911
19 0.576757 0.707772 0.027128 0.234477
20 0.600979 0.707772 0.025190 0.230135
21 0.636342 0.705601 0.043598 0.217108
23 0.719178 0.631785 0.063944 0.143291
24 0.490045 0.652410 0.016470 0.154147
25 0.475028 0.643726 0.025190 0.184542
26 0.450322 0.654581 0.026159 0.188884
27 0.426585 0.656752 0.027128 0.188884
28 0.403333 0.652410 0.029066 0.201911
29 0.367485 0.649153 0.056193 0.204082
30 0.329216 0.626357 0.057162 0.206253
31 0.289493 0.582935 0.059100 0.201911