0 0.480975 0.478590 0.029328 0.255959
1 0.463085 0.471258 0.033434 0.230630
2 0.443254 0.459844 0.031021 0.253815
3 0.427744 0.462194 0.029642 0.227180
4 0.408442 0.445743 0.030332 0.230314
5 0.385866 0.440651 0.044463 0.196628
6 0.359325 0.404616 0.052046 0.216996
7 0.338989 0.343120 0.054804 0.162943
8 0.509260 0.492354 0.027919 0.234231
9 0.529366 0.478704 0.026366 0.214828
10 0.549480 0.454074 0.024735 0.270591
11 0.567149 0.475078 0.030172 0.214990
12 0.586448 0.454383 0.031803 0.210665
13 0.609009 0.426582 0.049199 0.232906
14 0.640675 0.402488 0.052189 0.218079
15 0.659431 0.337003 0.052189 0.174834
16 0.505310 0.706440 0.020115 0.187190
17 0.524201 0.703660 0.024192 0.192750
18 0.543908 0.707058 0.023376 0.225492
19 0.563751 0.690686 0.037511 0.207577
20 0.594059 0.682346 0.061159 0.218079
21 0.625590 0.644661 0.082905 0.220550
22 0.664731 0.608212 0.083992 0.210665
23 0.705776 0.545197 0.082905 0.192132
24 0.486139 0.711139 0.017899 0.192656
25 0.467902 0.709220 0.019925 0.204169
26 0.448315 0.714209 0.023302 0.238709
27 0.431767 0.690415 0.030056 0.211077
28 0.406945 0.682739 0.058762 0.218753
29 0.375200 0.649734 0.082402 0.218753
30 0.333323 0.609822 0.092533 0.206472
31 0.290434 0.537288 0.100639 0.173467