0 0.472925 0.440061 0.030364 0.217725
1 0.448570 0.438140 0.025936 0.213883
2 0.424848 0.429816 0.036690 0.243340
3 0.399545 0.449667 0.034160 0.213883
4 0.372659 0.447746 0.034793 0.210041
5 0.339132 0.443263 0.044914 0.229252
6 0.301809 0.431737 0.048710 0.211322
8 0.500443 0.440061 0.028467 0.215164
9 0.523216 0.444544 0.028467 0.201076
10 0.548520 0.424052 0.024671 0.229252
11 0.570028 0.417008 0.030997 0.220287
14 0.652897 0.425973 0.039853 0.181865
15 0.688006 0.404201 0.034160 0.202357
16 0.516890 0.650102 0.038588 0.153689
17 0.530175 0.644339 0.037323 0.167777
18 0.551683 0.659068 0.033527 0.210041
19 0.576670 0.647541 0.035425 0.186988
20 0.605769 0.649462 0.045547 0.208760
24 0.494749 0.655225 0.033527 0.158811
25 0.477353 0.666112 0.034160 0.178023
26 0.454264 0.663550 0.043649 0.195953
27 0.427379 0.674436 0.037955 0.210041
28 0.394800 0.689805 0.041118 0.220287