8 0.518240 0.381582 0.030523 0.230017
9 0.544601 0.384663 0.027748 0.227964
10 0.569112 0.362072 0.023124 0.248501
11 0.593623 0.371314 0.025899 0.213587
13 0.639408 0.363099 0.034223 0.201265
14 0.668082 0.343588 0.036073 0.203319
0 0.490954 0.375421 0.033298 0.225910
1 0.469680 0.362072 0.029598 0.207426
2 0.445169 0.349749 0.028673 0.244393
3 0.427595 0.360018 0.032373 0.219749
4 0.402159 0.347696 0.031448 0.244393
5 0.373948 0.341535 0.037923 0.219749
6 0.336487 0.323051 0.046247 0.190996
16 0.513615 0.607492 0.024974 0.184835
17 0.532577 0.616734 0.027748 0.215641
18 0.559863 0.632137 0.024974 0.254662
19 0.584374 0.604411 0.025899 0.223856
20 0.612122 0.616734 0.033298 0.252608
21 0.656520 0.586955 0.070296 0.217695
22 0.692131 0.536638 0.082321 0.199211
24 0.490492 0.599277 0.024974 0.188943
25 0.463668 0.618787 0.030523 0.244393
26 0.436382 0.613653 0.031448 0.246447
27 0.411408 0.606465 0.029598 0.232071
29 0.351287 0.572579 0.073996 0.230017
30 0.307351 0.514047 0.086020 0.190996