8 0.535406 0.480460 0.032568 0.227964
9 0.553664 0.458749 0.028621 0.217108
10 0.577844 0.453865 0.033555 0.231220
11 0.604491 0.450065 0.030595 0.223621
12 0.629657 0.448980 0.035529 0.217108
13 0.664683 0.440128 0.044118 0.204641
14 0.697857 0.419062 0.053010 0.191098
15 0.713076 0.341569 0.039672 0.145957
0 0.495905 0.483388 0.031464 0.232478
1 0.472267 0.471810 0.028880 0.223604
2 0.446360 0.465270 0.040488 0.224226
3 0.416914 0.458730 0.036524 0.206164
4 0.390725 0.456238 0.040205 0.201181
5 0.352785 0.437864 0.052663 0.214261
6 0.317393 0.420736 0.059458 0.199935
7 0.303236 0.335405 0.054362 0.136404
16 0.521307 0.715294 0.019034 0.193071
17 0.541045 0.721109 0.019034 0.210905
18 0.561489 0.726537 0.021853 0.245022
19 0.584400 0.704826 0.026788 0.218659
20 0.618589 0.696684 0.057101 0.228739
21 0.664235 0.671097 0.084946 0.219434
22 0.704416 0.630777 0.084241 0.224087
23 0.756935 0.585417 0.080716 0.167483
24 0.499277 0.719171 0.021501 0.199274
25 0.477072 0.723823 0.023616 0.205477
26 0.447816 0.733903 0.034190 0.252000
27 0.416975 0.715681 0.040887 0.227964
28 0.391597 0.708315 0.052166 0.244247
29 0.348419 0.674586 0.082831 0.226413
30 0.305418 0.631552 0.089881 0.230290
31 0.260477 0.576887 0.076134 0.167483