0 0.493856 0.399124 0.035799 0.276114
1 0.464876 0.398372 0.032390 0.273105
2 0.442203 0.379939 0.038186 0.281381
3 0.416121 0.377306 0.037845 0.267086
4 0.387311 0.370535 0.037504 0.249029
5 0.351853 0.361883 0.051823 0.243763
6 0.312815 0.347588 0.054210 0.230221
7 0.281278 0.305456 0.077735 0.210659
8 0.527951 0.391977 0.042618 0.281381
9 0.555737 0.387087 0.040913 0.282133
10 0.585911 0.375425 0.039208 0.269343
11 0.611823 0.369406 0.036481 0.281381
12 0.641314 0.364140 0.036140 0.258810
13 0.674897 0.356992 0.052846 0.246020
14 0.712571 0.347588 0.063415 0.215173
15 0.728084 0.255801 0.065802 0.204641
16 0.516188 0.652292 0.025230 0.209155
17 0.536133 0.656430 0.026253 0.218935
18 0.571421 0.694047 0.046368 0.306208
19 0.592900 0.661696 0.036822 0.267086
20 0.626313 0.650035 0.061370 0.252791
21 0.674556 0.628592 0.097169 0.265581
22 0.706775 0.574423 0.070916 0.235487
23 0.762178 0.577809 0.061029 0.203136
24 0.495390 0.662072 0.026594 0.231725
25 0.475104 0.648530 0.031708 0.215173
26 0.451579 0.657934 0.032390 0.247525
27 0.426520 0.672605 0.031367 0.284390
28 0.396687 0.644016 0.055574 0.246772
29 0.351853 0.627088 0.087281 0.249029
30 0.300541 0.580066 0.097851 0.245268