0 0.485214 0.364587 0.036096 0.282241
1 0.459878 0.359159 0.036790 0.280690
2 0.431070 0.342876 0.041649 0.322561
3 0.407469 0.355282 0.041649 0.254327
4 0.380397 0.343651 0.038873 0.249674
5 0.344169 0.325988 0.057337 0.240990
6 0.299466 0.254342 0.059281 0.323491
8 0.516667 0.350955 0.036929 0.316978
9 0.547765 0.348784 0.034985 0.303951
10 0.580321 0.322731 0.035957 0.360399
11 0.605588 0.329244 0.035957 0.316978
12 0.630369 0.327073 0.036929 0.286583
13 0.662439 0.299935 0.062196 0.284412
14 0.705199 0.261941 0.060253 0.295267
16 0.514723 0.666848 0.025267 0.267043
17 0.537075 0.669019 0.027211 0.280069
18 0.565743 0.690729 0.037901 0.332175
19 0.595870 0.658163 0.043732 0.288754
20 0.621137 0.646222 0.057337 0.286583
21 0.660982 0.595202 0.080661 0.258359
22 0.705199 0.535497 0.087464 0.234477
24 0.494785 0.658561 0.027211 0.233029
25 0.471202 0.658561 0.026304 0.259372
26 0.444444 0.668693 0.031746 0.312057
27 0.414286 0.641844 0.031293 0.278622
28 0.384354 0.619554 0.042177 0.248227
30 0.303628 0.537994 0.102041 0.224924