0 0.479838 0.409241 0.035829 0.207967
1 0.454380 0.376580 0.037715 0.249293
2 0.426722 0.367914 0.041487 0.274623
3 0.402208 0.375913 0.040230 0.263958
4 0.377378 0.384578 0.038344 0.254626
5 0.342178 0.397243 0.044630 0.207967
6 0.300691 0.373914 0.044630 0.227964
8 0.513467 0.387245 0.038972 0.259958
9 0.541125 0.382579 0.030172 0.239962
10 0.569097 0.376580 0.033315 0.254626
11 0.588584 0.372580 0.037087 0.259958
12 0.615613 0.371914 0.033315 0.261292
13 0.642013 0.369248 0.045887 0.237295
14 0.681929 0.359916 0.036458 0.234629
15 0.711787 0.355250 0.050916 0.209300
16 0.508439 0.634538 0.018858 0.207967
17 0.532011 0.642537 0.030801 0.234629
18 0.556526 0.627873 0.030801 0.234629
19 0.582298 0.638538 0.039601 0.250627
20 0.603984 0.628539 0.036458 0.225297
22 0.678157 0.589212 0.070402 0.189303
23 0.710529 0.574548 0.071030 0.247960
24 0.491467 0.641204 0.022629 0.221298
25 0.467581 0.643204 0.032687 0.227964
26 0.445894 0.647203 0.038344 0.259958
27 0.415408 0.646537 0.028915 0.239962
28 0.389950 0.641871 0.034572 0.235962
30 0.313263 0.616541 0.088631 0.219965
31 0.287805 0.579214 0.070402 0.217299