0 0.469768 0.425428 0.038139 0.256890
1 0.446524 0.412532 0.039573 0.251140
2 0.418962 0.402898 0.045331 0.273490
3 0.395765 0.390225 0.047444 0.257748
4 0.363147 0.380219 0.044677 0.247342
5 0.335273 0.358206 0.057724 0.222528
6 0.296055 0.340649 0.061525 0.212816
7 0.267672 0.310947 0.082876 0.198492
8 0.502741 0.419955 0.038320 0.260575
9 0.528565 0.417847 0.029990 0.244552
10 0.553556 0.408149 0.029990 0.250455
11 0.573341 0.401403 0.032905 0.252142
12 0.594584 0.392127 0.039569 0.240336
13 0.623948 0.363034 0.045817 0.227687
14 0.658728 0.346590 0.044568 0.213351
15 0.681822 0.328383 0.064794 0.204061
16 0.504128 0.650013 0.032529 0.173934
17 0.523322 0.643087 0.033196 0.158795
18 0.547242 0.656594 0.040030 0.217437
19 0.571000 0.628920 0.045888 0.180539
20 0.597849 0.619366 0.058581 0.197011
21 0.634137 0.592022 0.094380 0.229297
22 0.669611 0.548205 0.095682 0.208871
23 0.703620 0.514601 0.074528 0.206236
24 0.486490 0.649056 0.036525 0.175517
25 0.465367 0.648165 0.039166 0.177299
26 0.434563 0.646383 0.035645 0.179081
27 0.411899 0.632128 0.051047 0.180862
28 0.370973 0.608963 0.066010 0.187990
29 0.335328 0.597826 0.121457 0.251247
30 0.285381 0.546151 0.126298 0.219173
31 0.244015 0.490021 0.111336 0.199572