0 0.488937 0.403590 0.043743 0.293762
1 0.456923 0.411448 0.031698 0.249033
2 0.425859 0.396941 0.041841 0.280464
3 0.395746 0.415075 0.038671 0.236944
4 0.364365 0.424142 0.035501 0.209139
5 0.323792 0.432000 0.054520 0.193424
6 0.276246 0.426559 0.048181 0.199468
8 0.531412 0.436835 0.043743 0.232108
9 0.565329 0.424746 0.040573 0.220019
10 0.598295 0.398150 0.049448 0.249033
11 0.625872 0.409635 0.057690 0.238153
12 0.654717 0.399964 0.039305 0.223646
13 0.701312 0.421119 0.060226 0.195841
14 0.746957 0.414471 0.053886 0.213975
15 0.789432 0.418702 0.047547 0.183752
16 0.527926 0.682846 0.029162 0.165619
17 0.556137 0.685264 0.036135 0.211557
18 0.597344 0.702188 0.052618 0.272002
19 0.643622 0.688890 0.045011 0.233317
20 0.681343 0.680428 0.050716 0.221228
21 0.734912 0.687077 0.100799 0.236944
22 0.797673 0.642348 0.094459 0.188588
24 0.492424 0.679219 0.032966 0.168037
25 0.458508 0.696748 0.043743 0.212766
26 0.421421 0.705210 0.048181 0.241779
27 0.390675 0.696748 0.039939 0.224855
28 0.347883 0.704606 0.057056 0.235735
29 0.304140 0.689495 0.083682 0.232108
30 0.254374 0.652623 0.076709 0.189797
31 0.203341 0.635094 0.057056 0.116054