0 0.467671 0.506839 0.025627 0.225729
1 0.436623 0.509074 0.024641 0.230198
2 0.420360 0.492312 0.025627 0.214554
3 0.400647 0.492312 0.023656 0.223494
4 0.378469 0.496782 0.026613 0.263723
5 0.357278 0.487842 0.033512 0.250313
6 0.324752 0.459905 0.043369 0.221259
7 0.299618 0.435321 0.069981 0.212319
8 0.505618 0.515779 0.032526 0.198909
9 0.527302 0.487842 0.028584 0.219024
10 0.546030 0.485607 0.024641 0.192205
11 0.568207 0.473315 0.027598 0.216789
12 0.587920 0.465493 0.025627 0.223494
13 0.613547 0.467728 0.045340 0.223494
14 0.651494 0.457670 0.050268 0.230198
16 0.489355 0.720275 0.021684 0.245843
17 0.513996 0.728098 0.021684 0.265957
18 0.532724 0.719158 0.017742 0.212319
19 0.559829 0.716923 0.040412 0.230198
20 0.588906 0.713571 0.033512 0.232433
21 0.616011 0.680046 0.050268 0.196674
22 0.680078 0.633113 0.097579 0.138566
24 0.474570 0.740390 0.025627 0.250313
25 0.458307 0.739272 0.024641 0.239138
26 0.438101 0.728098 0.023656 0.234668
27 0.409025 0.715805 0.016756 0.227964
28 0.398182 0.737037 0.034498 0.239138
29 0.365163 0.707983 0.061110 0.194439
30 0.326230 0.663284 0.064067 0.154211
31 0.293211 0.635348 0.051254 0.174325