0 0.471145 0.441265 0.028253 0.218747
1 0.448946 0.432465 0.023596 0.203661
2 0.427057 0.436551 0.026390 0.203032
3 0.407032 0.435608 0.030426 0.197375
4 0.380838 0.427773 0.034380 0.202744
5 0.351768 0.422745 0.041211 0.197580
6 0.314316 0.414049 0.041748 0.181274
7 0.283105 0.409564 0.044030 0.172849
8 0.500005 0.442521 0.029540 0.221145
9 0.523820 0.439507 0.024502 0.206772
10 0.542826 0.440435 0.025418 0.209554
11 0.560459 0.440435 0.027708 0.209554
12 0.581182 0.434176 0.027021 0.212799
13 0.609463 0.430003 0.040990 0.200745
14 0.645071 0.422354 0.040761 0.184519
15 0.675756 0.404968 0.047172 0.170147
16 0.487753 0.676415 0.025189 0.211409
17 0.507332 0.666215 0.023586 0.202136
18 0.527369 0.680587 0.026563 0.234589
19 0.549696 0.677110 0.036868 0.229490
20 0.576259 0.680587 0.056103 0.231808
21 0.616161 0.656378 0.088036 0.223418
22 0.651657 0.620446 0.079601 0.204207
23 0.684692 0.575620 0.066949 0.170765
24 0.473828 0.674878 0.019153 0.217014
25 0.456696 0.672032 0.022492 0.216302
26 0.436400 0.676656 0.025831 0.221283
27 0.416807 0.674700 0.035847 0.233735
28 0.387989 0.665272 0.056933 0.234090
29 0.348452 0.640013 0.086806 0.209187
30 0.311727 0.604615 0.076262 0.192466
31 0.264792 0.578046 0.070266 0.155168