0 0.487780 0.384688 0.032158 0.289025
1 0.469494 0.386045 0.038463 0.283597
2 0.447425 0.374512 0.042247 0.309379
3 0.428193 0.370441 0.041616 0.301238
4 0.407070 0.357550 0.046030 0.305308
5 0.376173 0.356871 0.062424 0.276813
6 0.333296 0.353479 0.049813 0.245604
7 0.305867 0.335161 0.073144 0.222536
8 0.513632 0.401650 0.030897 0.260530
9 0.535386 0.405042 0.025222 0.248317
10 0.560293 0.387402 0.027114 0.286311
11 0.580471 0.396901 0.032158 0.256459
12 0.608530 0.388081 0.032789 0.265957
13 0.643841 0.390116 0.049183 0.270028
14 0.682620 0.379939 0.039725 0.241533
15 0.715408 0.356871 0.040986 0.230677
16 0.510795 0.670321 0.023961 0.203539
17 0.525928 0.674392 0.025222 0.222536
18 0.549258 0.684569 0.027744 0.259173
19 0.575111 0.677784 0.035311 0.256459
20 0.603170 0.675749 0.044769 0.244247
22 0.702482 0.631649 0.093321 0.237462
23 0.739999 0.566517 0.073774 0.196754
24 0.497553 0.671000 0.031527 0.213037
25 0.482420 0.681855 0.042877 0.240176
26 0.460666 0.689997 0.042247 0.275456
27 0.432922 0.689318 0.033419 0.271385
28 0.410853 0.675749 0.044769 0.263244
29 0.369867 0.650646 0.075035 0.256459
30 0.313748 0.627578 0.088907 0.261887
31 0.270241 0.550912 0.109085 0.208967