0 0.479367 0.473231 0.027628 0.271956
1 0.458332 0.473898 0.024489 0.270623
2 0.438553 0.470565 0.033907 0.285288
3 0.421599 0.457900 0.041442 0.281288
4 0.398366 0.451234 0.036419 0.281288
5 0.368540 0.441236 0.053373 0.263958
6 0.328354 0.417906 0.064675 0.211966
7 0.316738 0.359249 0.065303 0.115981
8 0.502914 0.465232 0.034535 0.287954
9 0.523007 0.466565 0.044582 0.266624
10 0.547181 0.443902 0.047721 0.253293
12 0.577949 0.441903 0.041442 0.254626
13 0.624728 0.442569 0.055884 0.247960
14 0.662403 0.421239 0.053373 0.226630
15 0.679357 0.353250 0.049605 0.109316
16 0.515472 0.723191 0.019465 0.190636
17 0.536507 0.717192 0.026372 0.191969
18 0.557228 0.717192 0.030140 0.237295
19 0.591135 0.716525 0.052745 0.246627
20 0.622845 0.697862 0.049605 0.246627
22 0.674333 0.630539 0.089791 0.183971
23 0.712950 0.587879 0.047721 0.119981
24 0.499460 0.713193 0.026372 0.175972
25 0.482820 0.724524 0.032024 0.190636
26 0.463355 0.727190 0.034535 0.235962
27 0.440750 0.735856 0.033279 0.245294
28 0.411238 0.727190 0.057140 0.241295
29 0.374506 0.697862 0.096698 0.217299
30 0.324273 0.636538 0.090419 0.214632
31 0.281889 0.599211 0.059652 0.123980