0 0.497115 0.392182 0.033715 0.259203
1 0.472782 0.390647 0.033409 0.228654
2 0.446883 0.376140 0.030650 0.274247
3 0.427420 0.361978 0.032183 0.251451
4 0.406424 0.351271 0.028811 0.246615
5 0.377613 0.338146 0.049041 0.230036
6 0.337461 0.323294 0.050880 0.200332
7 0.307730 0.286681 0.067431 0.176844
8 0.527187 0.390992 0.029424 0.255595
9 0.552933 0.385466 0.030037 0.245924
10 0.574389 0.380975 0.033102 0.264576
11 0.595537 0.369577 0.032489 0.247306
12 0.616686 0.358524 0.030037 0.227964
13 0.644578 0.353565 0.044750 0.226830
14 0.685203 0.338719 0.046915 0.207174
15 0.710489 0.307356 0.049778 0.179575
16 0.526963 0.669912 0.023378 0.210042
17 0.553124 0.673138 0.038486 0.222945
18 0.581353 0.674930 0.049460 0.252337
19 0.601153 0.664894 0.042303 0.238717
20 0.625962 0.636577 0.050891 0.236566
21 0.659996 0.617043 0.080154 0.268466
22 0.703015 0.570626 0.088901 0.247319
24 0.505016 0.675826 0.022424 0.220436
25 0.480127 0.675826 0.028626 0.222587
26 0.446491 0.669912 0.053277 0.251620
27 0.427804 0.661309 0.041031 0.250903
28 0.402915 0.634068 0.055185 0.237283
29 0.360692 0.616326 0.095421 0.272768
30 0.312902 0.560590 0.107349 0.229397
31 0.270121 0.509513 0.100033 0.239075