0 0.486596 0.483075 0.037482 0.283227
1 0.464043 0.480312 0.036846 0.272175
2 0.444984 0.467878 0.045740 0.299807
3 0.417667 0.474786 0.040658 0.266648
4 0.391938 0.460279 0.037482 0.240398
5 0.355092 0.458897 0.056540 0.232108
6 0.306810 0.458897 0.051458 0.207240
7 0.278222 0.392581 0.059081 0.198950
8 0.521218 0.487911 0.034305 0.273556
9 0.547583 0.478931 0.031129 0.266648
10 0.575535 0.460970 0.032399 0.288754
11 0.599358 0.460279 0.038117 0.254214
12 0.622864 0.454753 0.039388 0.251451
13 0.660346 0.447845 0.055905 0.243161
14 0.695286 0.443009 0.062258 0.208621
15 0.723239 0.362186 0.057176 0.196187
16 0.511054 0.737289 0.025411 0.205858
17 0.530748 0.744197 0.025411 0.230727
18 0.557112 0.749724 0.031129 0.266648
19 0.582523 0.738671 0.033670 0.252832
20 0.613652 0.733835 0.055270 0.256977
21 0.657487 0.714493 0.092116 0.262503
22 0.709262 0.688243 0.107998 0.251451
23 0.761356 0.656466 0.087669 0.198950
24 0.487548 0.743506 0.027952 0.210003
25 0.467855 0.748342 0.025411 0.230727
26 0.445302 0.758704 0.027317 0.265267
27 0.423702 0.749033 0.033670 0.237635
28 0.392574 0.745579 0.061623 0.266648
29 0.353504 0.737289 0.087669 0.274938
30 0.298234 0.695841 0.095293 0.241779
31 0.243917 0.668900 0.085763 0.187897