0 0.496707 0.474622 0.032394 0.242437
1 0.471601 0.471607 0.035093 0.217108
2 0.448656 0.447484 0.035633 0.289477
3 0.429489 0.456530 0.045891 0.252087
4 0.410323 0.471607 0.041032 0.221933
5 0.373610 0.458942 0.078825 0.242437
6 0.339326 0.441453 0.049131 0.260530
7 0.303153 0.424567 0.049131 0.243644
8 0.527481 0.476432 0.033474 0.241231
9 0.553126 0.469195 0.029694 0.219520
10 0.576882 0.439041 0.031854 0.279828
11 0.592809 0.469195 0.032394 0.217108
12 0.613865 0.445675 0.031314 0.247262
13 0.637350 0.455927 0.050211 0.214696
14 0.675683 0.443262 0.048051 0.227964
15 0.704298 0.419139 0.058849 0.208665
16 0.518982 0.731077 0.023041 0.226738
17 0.537634 0.718208 0.027430 0.240220
18 0.559853 0.724336 0.027979 0.235317
19 0.577957 0.723110 0.031271 0.237768
20 0.597707 0.712692 0.038951 0.236543
21 0.632543 0.697985 0.069124 0.226738
22 0.677255 0.675311 0.080645 0.225512
23 0.718675 0.637930 0.075708 0.234092
24 0.498135 0.711467 0.021944 0.197323
25 0.481951 0.714531 0.033465 0.220610
26 0.457538 0.735366 0.032916 0.257378
27 0.434771 0.726787 0.036757 0.242671
28 0.415844 0.714531 0.048277 0.235317
29 0.377441 0.709628 0.084485 0.242671
30 0.333553 0.686955 0.074610 0.219384
31 0.286098 0.634866 0.081742 0.191195