0 0.474867 0.335839 0.029996 0.286311
1 0.451892 0.337196 0.028719 0.291739
2 0.427640 0.333125 0.035102 0.299881
3 0.407536 0.315485 0.038293 0.313450
4 0.385199 0.313450 0.038293 0.309379
5 0.354245 0.322948 0.052972 0.263244
6 0.317867 0.315485 0.046589 0.251031
7 0.279894 0.255102 0.074032 0.130265
8 0.501991 0.341945 0.024252 0.268671
9 0.527201 0.345338 0.031272 0.275456
10 0.549857 0.324305 0.030634 0.290382
11 0.570599 0.324305 0.033825 0.265957
12 0.597723 0.324305 0.038293 0.274099
13 0.636016 0.320234 0.057439 0.263244
14 0.677180 0.329733 0.051695 0.217108
16 0.505820 0.614009 0.021699 0.213037
17 0.523371 0.622150 0.024890 0.221179
18 0.547623 0.639112 0.035102 0.284954
19 0.577938 0.639112 0.047228 0.293096
20 0.612721 0.625543 0.061906 0.290382
21 0.658353 0.601118 0.062545 0.189970
22 0.714835 0.563124 0.101476 0.252388
23 0.760148 0.535986 0.052972 0.198111
24 0.487312 0.618080 0.028081 0.234748
25 0.469442 0.607224 0.034463 0.234748
26 0.449020 0.626221 0.037016 0.253745
27 0.418066 0.631649 0.033825 0.289025
28 0.390304 0.616723 0.048504 0.256459
29 0.345310 0.607224 0.082329 0.259173
30 0.309571 0.582121 0.074671 0.276813
31 0.236815 0.512918 0.093817 0.211680