0 0.480201 0.376408 0.028738 0.270427
1 0.460877 0.374173 0.019819 0.265957
2 0.441553 0.370821 0.030720 0.272662
3 0.420743 0.360763 0.028738 0.274897
4 0.399437 0.356294 0.035675 0.257018
5 0.373672 0.345119 0.055494 0.239138
6 0.339484 0.299303 0.068376 0.254783
8 0.505470 0.377525 0.031711 0.281602
9 0.528262 0.370821 0.029729 0.263723
10 0.552541 0.369703 0.036666 0.292777
11 0.574342 0.350706 0.034684 0.272662
12 0.597134 0.335062 0.032702 0.277132
13 0.623890 0.327239 0.048557 0.252548
14 0.655105 0.290363 0.057476 0.236903
16 0.509929 0.635661 0.024774 0.243608
17 0.527271 0.625603 0.023783 0.254783
18 0.556009 0.632308 0.035675 0.308421
19 0.578306 0.633426 0.038648 0.319596
20 0.602584 0.609959 0.057476 0.254783
21 0.645196 0.576435 0.099096 0.250313
22 0.681366 0.526149 0.098105 0.243608
23 0.714563 0.457983 0.087205 0.232433
24 0.492092 0.640131 0.026756 0.248078
25 0.474255 0.644600 0.028738 0.252548
26 0.454436 0.647953 0.026756 0.263723
27 0.434121 0.645718 0.027747 0.290542
28 0.411824 0.621134 0.050539 0.272662
29 0.367726 0.597667 0.091169 0.252548
30 0.323133 0.544028 0.101078 0.239138
31 0.280522 0.472510 0.107024 0.225729