0 0.492887 0.388382 0.035083 0.284251
1 0.465543 0.376069 0.027860 0.297619
2 0.441982 0.389438 0.031644 0.283547
3 0.416873 0.415822 0.037147 0.256107
4 0.388325 0.409490 0.049529 0.288472
6 0.341891 0.447836 0.050905 0.232889
7 0.299413 0.424617 0.064320 0.228667
8 0.528830 0.392252 0.042306 0.286362
9 0.556175 0.386623 0.029580 0.282140
10 0.587303 0.377125 0.036115 0.303951
11 0.615163 0.379236 0.035427 0.281436
12 0.645259 0.386272 0.038523 0.257514
13 0.683782 0.391548 0.052281 0.244146
14 0.727980 0.386272 0.044370 0.237814
15 0.757388 0.329632 0.042650 0.213188
16 0.515760 0.664542 0.042994 0.235703
17 0.538117 0.664542 0.036115 0.237110
18 0.570277 0.690575 0.051593 0.314505
19 0.606392 0.688816 0.065351 0.299730
20 0.637692 0.691630 0.062600 0.294101
21 0.683094 0.675096 0.090804 0.277918
22 0.733139 0.636398 0.089084 0.235703
23 0.792300 0.616698 0.088396 0.183637
24 0.496842 0.686353 0.046434 0.272290
25 0.473798 0.686001 0.047810 0.278622
26 0.452472 0.702184 0.055377 0.312394
27 0.411198 0.699370 0.042306 0.280029
28 0.375598 0.714145 0.039899 0.282844
30 0.301992 0.684594 0.111441 0.240628
31 0.250571 0.634991 0.119352 0.225853