0 0.452938 0.460279 0.032771 0.291517
1 0.423003 0.452680 0.024579 0.268030
2 0.400315 0.435410 0.025839 0.285991
3 0.378888 0.429884 0.038443 0.272175
4 0.355885 0.425739 0.032771 0.255595
5 0.325949 0.409160 0.042225 0.239016
6 0.290027 0.400180 0.043485 0.221056
8 0.494848 0.465805 0.035922 0.274938
9 0.525098 0.458207 0.032141 0.254214
10 0.556609 0.447154 0.037183 0.279083
11 0.580873 0.434029 0.044115 0.274938
12 0.613329 0.427121 0.042225 0.261122
13 0.649882 0.429193 0.044746 0.223819
14 0.688955 0.406397 0.053569 0.194805
15 0.695258 0.318665 0.086340 0.138160
7 0.280573 0.302777 0.067433 0.117436
16 0.495478 0.724855 0.024579 0.204476
17 0.518166 0.729691 0.024579 0.227964
18 0.547156 0.731763 0.033402 0.265267
19 0.579612 0.705513 0.034032 0.245924
20 0.609233 0.705513 0.045376 0.245924
21 0.650512 0.666137 0.081298 0.216911
22 0.700614 0.632979 0.080668 0.219674
23 0.744730 0.595676 0.068064 0.183752
25 0.444430 0.713802 0.029620 0.201713
26 0.416701 0.730381 0.030881 0.265267
27 0.395273 0.702749 0.029620 0.221056
28 0.371955 0.687552 0.032141 0.223819
29 0.333197 0.663374 0.075626 0.236253
30 0.282779 0.634360 0.085710 0.227964
31 0.237403 0.601202 0.073105 0.194805