0 0.507891 0.491566 0.032115 0.206467
1 0.485869 0.481068 0.037620 0.192469
2 0.461095 0.482818 0.039455 0.202968
3 0.426686 0.471445 0.038538 0.194219
4 0.379891 0.455697 0.058724 0.180221
8 0.538171 0.491566 0.032115 0.199468
9 0.564321 0.486317 0.027527 0.192469
10 0.591848 0.479318 0.031197 0.192469
11 0.616164 0.474944 0.033950 0.180221
12 0.644608 0.460071 0.032115 0.202968
13 0.685899 0.455697 0.050466 0.208217
16 0.531748 0.709406 0.032115 0.201218
24 0.507891 0.711156 0.028445 0.208217
17 0.554228 0.706782 0.027527 0.199468
18 0.580838 0.705907 0.038538 0.211716
19 0.611576 0.700658 0.046796 0.229213
20 0.645526 0.680536 0.063312 0.213466
25 0.479905 0.721655 0.031197 0.208217
26 0.452837 0.720780 0.043126 0.237962
27 0.423016 0.712031 0.053219 0.223964
28 0.384478 0.699783 0.069735 0.223964
29 0.340435 0.671788 0.104603 0.216965
30 0.305109 0.632419 0.087169 0.225714