0 0.496214 0.404469 0.034663 0.314637
1 0.474433 0.405315 0.022753 0.284691
2 0.453989 0.404671 0.028334 0.286030
3 0.440305 0.402162 0.031876 0.296783
4 0.420182 0.409689 0.034130 0.278861
5 0.392974 0.396427 0.047331 0.273843
6 0.355464 0.385674 0.045721 0.242301
7 0.336467 0.320798 0.048297 0.145524
8 0.525307 0.403954 0.028012 0.306102
9 0.538348 0.432987 0.030266 0.242301
10 0.559417 0.397503 0.035738 0.315817
11 0.583938 0.414668 0.029863 0.265364
13 0.613801 0.410512 0.050128 0.268926
14 0.644376 0.393508 0.052500 0.253128
15 0.666319 0.324356 0.047086 0.160419
16 0.528062 0.682313 0.022121 0.203701
17 0.544463 0.692267 0.029561 0.218989
18 0.562932 0.710933 0.031320 0.277861
19 0.592675 0.713847 0.038068 0.277648
20 0.614006 0.701426 0.047913 0.273264
21 0.659458 0.667816 0.087621 0.258651
22 0.699659 0.599866 0.095169 0.222118
24 0.506367 0.686448 0.024285 0.222849
25 0.487989 0.682064 0.032161 0.203852
26 0.469611 0.707637 0.030848 0.253536
27 0.447624 0.709098 0.030192 0.257920
28 0.426457 0.696312 0.035114 0.255728
29 0.379529 0.671835 0.091559 0.269611
30 0.325709 0.626169 0.109281 0.249883