8 0.522417 0.440537 0.040662 0.178908
9 0.554018 0.440056 0.033148 0.181794
10 0.581421 0.442942 0.036684 0.204879
11 0.611475 0.456408 0.034032 0.212574
12 0.628271 0.461698 0.028729 0.225078
13 0.665839 0.454003 0.051711 0.236620
14 0.703628 0.468431 0.043314 0.203917
15 0.738102 0.463141 0.044198 0.189489
0 0.483255 0.434101 0.036402 0.192395
1 0.456696 0.430867 0.032316 0.185928
2 0.427166 0.448247 0.028973 0.206137
3 0.400236 0.447843 0.036773 0.221496
4 0.377949 0.464819 0.044202 0.210179
5 0.332633 0.468457 0.043460 0.201287
6 0.301059 0.447439 0.050146 0.183503
16 0.516685 0.655193 0.020801 0.181886
17 0.540458 0.666510 0.028973 0.206137
18 0.563488 0.677828 0.034173 0.214221
19 0.594133 0.696825 0.032316 0.216646
20 0.637221 0.688337 0.080604 0.194820
21 0.685509 0.674998 0.073175 0.203712
22 0.725254 0.657214 0.058317 0.176227
24 0.494213 0.662873 0.023401 0.205329
25 0.473783 0.661660 0.028602 0.217455
26 0.449639 0.655193 0.029344 0.207754
27 0.420109 0.672169 0.047545 0.214221
28 0.385935 0.695208 0.061661 0.223113
29 0.335047 0.695612 0.075033 0.233622
30 0.296973 0.666106 0.053860 0.197245