0 0.492132 0.378082 0.031473 0.288472
1 0.467898 0.367528 0.025808 0.292694
2 0.449644 0.365417 0.028325 0.305359
3 0.429186 0.372453 0.035249 0.291287
4 0.406526 0.370342 0.036508 0.267365
5 0.376942 0.359788 0.056651 0.265957
6 0.334139 0.340791 0.057910 0.261736
7 0.299519 0.321091 0.060428 0.278622
8 0.523919 0.371749 0.033361 0.292694
9 0.550671 0.375267 0.028955 0.282844
10 0.572702 0.359085 0.030214 0.340538
11 0.591900 0.380896 0.033361 0.282844
12 0.615505 0.364010 0.035249 0.291287
13 0.643201 0.368935 0.051615 0.275808
14 0.682856 0.360492 0.056651 0.256107
15 0.708979 0.343606 0.063575 0.239221
16 0.521716 0.649668 0.027696 0.220928
17 0.545950 0.650371 0.027066 0.227964
18 0.576164 0.670776 0.047209 0.246257
19 0.598195 0.660222 0.039656 0.233592
20 0.629982 0.658111 0.064204 0.246257
21 0.668694 0.628560 0.097565 0.251886
22 0.722197 0.578605 0.108895 0.199820
23 0.752096 0.538501 0.074275 0.218113
24 0.502833 0.645446 0.031473 0.218113
25 0.479228 0.651779 0.027066 0.242035
26 0.460030 0.664443 0.026437 0.247664
27 0.433593 0.663036 0.037767 0.253293
28 0.401491 0.665147 0.035249 0.161826
29 0.366556 0.615896 0.088753 0.226556
30 0.307702 0.579309 0.108266 0.198413
31 0.266158 0.529354 0.089382 0.213892