0 0.489390 0.395770 0.048981 0.250127
1 0.460542 0.400123 0.042754 0.235087
2 0.431693 0.393395 0.046490 0.258042
3 0.405335 0.391417 0.035283 0.247752
4 0.372128 0.384293 0.036943 0.243003
5 0.332279 0.388250 0.061018 0.233504
6 0.285374 0.387459 0.065999 0.217674
8 0.530277 0.391812 0.043584 0.254876
9 0.558918 0.388250 0.031962 0.250918
10 0.592540 0.378356 0.047735 0.272290
11 0.625955 0.377960 0.062263 0.260417
12 0.663728 0.387855 0.058943 0.250127
13 0.697558 0.403685 0.064339 0.234296
14 0.741557 0.402498 0.048565 0.222423
15 0.780296 0.410500 0.055875 0.183362
16 0.534792 0.622889 0.035339 0.198120
17 0.556349 0.635917 0.044056 0.214293
18 0.590863 0.668263 0.038166 0.283478
19 0.627262 0.663321 0.036045 0.246640
20 0.667901 0.669835 0.050888 0.253378
22 0.732100 0.646250 0.110963 0.226872
23 0.770737 0.607839 0.089760 0.193179
24 0.515945 0.637040 0.024973 0.207555
25 0.491208 0.640634 0.030627 0.220134
26 0.458578 0.662423 0.044527 0.268204
27 0.427127 0.660850 0.052301 0.247089
28 0.393555 0.662423 0.060547 0.231365
29 0.350206 0.641757 0.093059 0.229568
30 0.302381 0.614577 0.089289 0.212946
31 0.264805 0.591216 0.054186 0.199468