0 0.478506 0.396952 0.039151 0.246960
1 0.443759 0.389564 0.032300 0.265957
2 0.414885 0.398007 0.035236 0.244850
3 0.387969 0.400118 0.038172 0.249071
4 0.351754 0.389564 0.040130 0.236407
5 0.314560 0.384287 0.038172 0.217410
6 0.264153 0.380066 0.052854 0.234296
7 0.243599 0.265029 0.054812 0.164640
8 0.521083 0.405395 0.036215 0.242739
9 0.554361 0.389564 0.034257 0.257514
10 0.582746 0.396952 0.032300 0.242739
11 0.622387 0.389564 0.045024 0.249071
12 0.656644 0.380066 0.025448 0.225853
13 0.695306 0.381121 0.040130 0.232185
14 0.734457 0.375844 0.049918 0.221631
15 0.754522 0.279804 0.039151 0.122425
16 0.510806 0.658688 0.031321 0.234296
17 0.536743 0.661854 0.024470 0.219520
18 0.564639 0.689294 0.025448 0.270179
19 0.594002 0.658688 0.029363 0.246960
20 0.622876 0.643913 0.038172 0.225853
21 0.660070 0.634414 0.059706 0.215299
22 0.706562 0.599586 0.058727 0.213188
23 0.759905 0.555260 0.055790 0.162530
24 0.494166 0.652356 0.025448 0.204745
25 0.462356 0.652356 0.026427 0.204745
26 0.435440 0.679796 0.033279 0.276511
27 0.415864 0.671353 0.037194 0.272290
28 0.386990 0.657633 0.044045 0.232185
29 0.349307 0.632303 0.064599 0.211077
30 0.295964 0.602752 0.059706 0.189970
31 0.242620 0.542595 0.074387 0.154086