0 0.476111 0.406168 0.034254 0.230584
1 0.452006 0.410099 0.031717 0.233204
2 0.425505 0.411711 0.036259 0.248888
3 0.402043 0.406205 0.044790 0.259900
4 0.373250 0.412812 0.042657 0.251090
5 0.338058 0.416116 0.055454 0.240078
6 0.295400 0.401799 0.053321 0.215850
8 0.511352 0.398496 0.035192 0.248888
9 0.536946 0.401799 0.035192 0.220255
10 0.572672 0.401799 0.040524 0.259900
11 0.601998 0.398496 0.041591 0.262103
12 0.630792 0.401799 0.030926 0.242280
13 0.664385 0.406205 0.040524 0.224660
14 0.700643 0.404002 0.044790 0.224660
15 0.716106 0.321407 0.062919 0.138760
16 0.515085 0.678219 0.027727 0.244483
17 0.539612 0.678219 0.031993 0.253293
18 0.569472 0.688130 0.031993 0.264306
19 0.601998 0.676016 0.037325 0.240078
20 0.633991 0.670510 0.047989 0.264306
21 0.667051 0.653991 0.060786 0.244483
22 0.713973 0.618750 0.071451 0.218052
24 0.493223 0.669409 0.024528 0.235672
25 0.473494 0.676016 0.038391 0.240078
26 0.442568 0.687029 0.029860 0.253293
27 0.417506 0.679320 0.039458 0.255495
28 0.386580 0.678219 0.062919 0.257698
29 0.344989 0.663902 0.082115 0.251090
30 0.286869 0.623155 0.091713 0.222457