0 0.498330 0.375794 0.041580 0.356452
1 0.465885 0.368196 0.030870 0.338491
2 0.438165 0.376485 0.039690 0.338491
4 0.372015 0.396518 0.042210 0.317767
6 0.303975 0.407571 0.082530 0.334347
7 0.254205 0.455236 0.066150 0.291517
8 0.535501 0.363360 0.037800 0.370268
9 0.574876 0.374413 0.043470 0.337110
10 0.602911 0.376485 0.054180 0.352307
16 0.526996 0.692180 0.032130 0.270793
17 0.546526 0.705305 0.034650 0.294280
18 0.574246 0.717740 0.033390 0.308096
19 0.604486 0.732937 0.033390 0.274938
24 0.500536 0.695634 0.025830 0.272175
25 0.475335 0.697016 0.025830 0.288754
26 0.451710 0.713595 0.027720 0.288754
27 0.422415 0.714286 0.037170 0.270793
28 0.393120 0.728102 0.051660 0.273556
29 0.339255 0.705305 0.073710 0.247306
21 0.688538 0.715552 0.069825 0.240628
22 0.736051 0.662591 0.081900 0.219904