0 0.489212 0.466608 0.035436 0.230074
1 0.464604 0.476106 0.025593 0.215299
2 0.437534 0.468718 0.028546 0.242739
3 0.420309 0.464497 0.031499 0.238517
4 0.392255 0.463441 0.034452 0.232185
5 0.356819 0.459220 0.044295 0.223742
6 0.319907 0.445500 0.035436 0.238517
7 0.291362 0.399063 0.047248 0.200523
8 0.523663 0.466608 0.035436 0.234296
9 0.553685 0.473995 0.026577 0.223742
10 0.578294 0.451832 0.038389 0.238517
11 0.606347 0.458164 0.035436 0.246960
12 0.629479 0.459220 0.032483 0.206856
13 0.664422 0.449721 0.047248 0.213188
14 0.705272 0.446555 0.046263 0.198413
15 0.730865 0.376900 0.054138 0.151976
16 0.513328 0.684017 0.022640 0.175194
17 0.533999 0.701959 0.022640 0.202634
18 0.558607 0.722011 0.028546 0.234296
19 0.588137 0.713568 0.032483 0.192080
20 0.619143 0.717790 0.045279 0.225853
21 0.659009 0.703014 0.073825 0.217410
22 0.701827 0.657633 0.078746 0.181527
23 0.753012 0.639691 0.051185 0.137200
24 0.495118 0.700903 0.019687 0.204745
25 0.474939 0.718845 0.018702 0.223742
26 0.454760 0.718845 0.025593 0.211077
27 0.431136 0.708291 0.025593 0.194191
28 0.408989 0.701959 0.032483 0.206856
29 0.366171 0.696682 0.057091 0.192080
30 0.316954 0.676630 0.062997 0.177305
31 0.270198 0.656577 0.062013 0.116093