0 0.481698 0.459202 0.044192 0.244995
1 0.448554 0.454617 0.030935 0.243685
2 0.427089 0.457237 0.038511 0.230584
3 0.401520 0.470339 0.039142 0.225343
4 0.369007 0.469683 0.051137 0.255476
5 0.319448 0.472304 0.053031 0.250236
8 0.517683 0.453307 0.045455 0.251546
9 0.552406 0.465098 0.031566 0.225343
10 0.575449 0.463133 0.030935 0.234514
11 0.598492 0.457892 0.037879 0.234514
12 0.621220 0.456582 0.035354 0.226653
13 0.653733 0.453307 0.048612 0.241065
14 0.694453 0.453962 0.047980 0.224033
16 0.511370 0.719919 0.029041 0.234514
17 0.533151 0.721229 0.034723 0.263337
18 0.561560 0.722540 0.032197 0.265957
19 0.587129 0.712058 0.037879 0.252856
20 0.617432 0.714024 0.036617 0.248926
21 0.655627 0.706163 0.057450 0.238445
22 0.705501 0.674065 0.076390 0.226653
23 0.757270 0.662928 0.068814 0.167697
24 0.487064 0.719919 0.028409 0.244995
25 0.464652 0.723850 0.036617 0.255476
26 0.444450 0.734331 0.039142 0.284299
27 0.412884 0.729745 0.040405 0.259407
28 0.382265 0.733676 0.041036 0.256787
30 0.312820 0.705508 0.097855 0.218793
31 0.256001 0.670789 0.085228 0.146735