0 0.482352 0.388624 0.033428 0.234477
1 0.455314 0.387538 0.030479 0.223621
2 0.423361 0.385367 0.045227 0.249674
3 0.394848 0.367998 0.033428 0.227964
4 0.369777 0.379939 0.038344 0.247503
5 0.338315 0.399479 0.050143 0.238819
6 0.292597 0.397308 0.039327 0.238819
7 0.262118 0.395137 0.049159 0.212766
8 0.517747 0.386452 0.037361 0.217108
9 0.544784 0.379939 0.038344 0.234477
10 0.579196 0.374512 0.036378 0.262701
11 0.612624 0.373426 0.034412 0.238819
12 0.642611 0.376683 0.033428 0.236648
14 0.712418 0.381025 0.041294 0.214937
16 0.513322 0.624186 0.018681 0.206253
17 0.537410 0.636127 0.019664 0.217108
18 0.561498 0.651324 0.030479 0.256188
19 0.589028 0.657838 0.034412 0.256188
20 0.619015 0.641554 0.033428 0.245332
21 0.664733 0.625271 0.071773 0.247503
22 0.708977 0.611159 0.058008 0.232306
24 0.490217 0.625271 0.017697 0.212766
25 0.467604 0.639383 0.023596 0.236648
26 0.442041 0.648068 0.031462 0.262701
27 0.409104 0.623100 0.022613 0.199739
28 0.383541 0.631785 0.030479 0.225792
29 0.340773 0.639383 0.043260 0.214937
30 0.299971 0.613330 0.073739 0.197568