0 0.475604 0.428789 0.031290 0.249674
1 0.458003 0.417933 0.023467 0.254017
2 0.439914 0.428789 0.016623 0.245332
3 0.422802 0.427703 0.029334 0.247503
4 0.403246 0.436387 0.031290 0.247503
5 0.376357 0.434216 0.040090 0.251845
6 0.342622 0.429874 0.048890 0.221450
8 0.503471 0.426617 0.034223 0.240990
9 0.533294 0.420104 0.025423 0.245332
10 0.548939 0.426617 0.023467 0.232306
11 0.576318 0.422275 0.033245 0.240990
12 0.599785 0.421190 0.029334 0.238819
14 0.649164 0.419019 0.044001 0.221450
16 0.505427 0.689318 0.026401 0.219279
17 0.524005 0.689318 0.024445 0.219279
18 0.543561 0.688233 0.022489 0.234477
19 0.568006 0.681719 0.024445 0.247503
20 0.591474 0.669779 0.026401 0.210595
22 0.659431 0.628528 0.074313 0.167173
23 0.697076 0.587277 0.083113 0.184542
24 0.484404 0.687147 0.021512 0.193226
25 0.463870 0.683891 0.021512 0.212766
26 0.445292 0.694746 0.021512 0.221450
27 0.425247 0.695832 0.022489 0.214937
28 0.406180 0.686062 0.027379 0.208424
30 0.334311 0.662180 0.075291 0.199739
31 0.291288 0.617673 0.088980 0.188884