0 0.478186 0.405395 0.032051 0.242739
1 0.455847 0.408561 0.026224 0.198413
2 0.433994 0.394841 0.034965 0.234296
3 0.408256 0.361069 0.028166 0.217410
4 0.382032 0.347349 0.039821 0.185748
5 0.344639 0.328352 0.046620 0.168862
6 0.316472 0.284026 0.044678 0.173083
8 0.498582 0.399063 0.024281 0.251182
9 0.520435 0.387454 0.023310 0.223742
10 0.542774 0.366346 0.021368 0.232185
11 0.560742 0.370567 0.028166 0.215299
12 0.581138 0.349460 0.026224 0.219520
13 0.607362 0.328352 0.041764 0.219520
14 0.640385 0.303023 0.047591 0.202634
15 0.679235 0.282970 0.043706 0.183637
16 0.514608 0.625971 0.034965 0.164640
17 0.534518 0.620694 0.033994 0.170973
18 0.560742 0.608029 0.047591 0.196302
19 0.582595 0.593254 0.044678 0.179416
20 0.608819 0.574257 0.050505 0.175194
21 0.646212 0.548928 0.076729 0.187859
22 0.687976 0.487715 0.074786 0.170973
23 0.726340 0.427558 0.069930 0.143533
24 0.492269 0.633359 0.029138 0.175194
25 0.468959 0.624916 0.023310 0.175194
26 0.448563 0.624916 0.025253 0.192080
27 0.421853 0.629137 0.022339 0.217410
28 0.397086 0.603808 0.044678 0.208967
29 0.360664 0.571091 0.061189 0.189970
30 0.322786 0.539429 0.078671 0.173083
31 0.274709 0.464497 0.081585 0.145643