0 0.489297 0.473938 0.047174 0.215641
1 0.452934 0.467777 0.035381 0.256716
2 0.422467 0.484207 0.031450 0.227964
3 0.398388 0.484207 0.038329 0.232071
4 0.366447 0.498583 0.027518 0.203319
5 0.333523 0.503717 0.042260 0.225910
6 0.295194 0.488314 0.052088 0.232071
8 0.522713 0.466750 0.037346 0.234125
9 0.550231 0.473938 0.033415 0.252608
10 0.580698 0.483180 0.041278 0.238232
11 0.608708 0.474965 0.040295 0.258769
12 0.648020 0.477019 0.040295 0.242340
13 0.692737 0.464696 0.047174 0.258769
14 0.727627 0.456482 0.056020 0.234125
16 0.509445 0.703955 0.034398 0.195104
17 0.532049 0.712170 0.030467 0.207426
18 0.562025 0.711144 0.037346 0.205373
19 0.594948 0.730654 0.034398 0.240286
20 0.623450 0.744003 0.038329 0.234125
22 0.684875 0.711144 0.078624 0.201265
23 0.724678 0.665962 0.056020 0.135546
24 0.485857 0.714224 0.032432 0.199211
25 0.462762 0.713197 0.029484 0.213587
26 0.436717 0.718332 0.032432 0.215641
27 0.404776 0.735788 0.035381 0.230017
28 0.379715 0.736815 0.036364 0.211534
29 0.339912 0.715251 0.057002 0.197158
30 0.282909 0.692660 0.076658 0.180728
31 0.243106 0.621806 0.056020 0.137600