0 0.496984 0.505983 0.038104 0.227964
1 0.467318 0.491509 0.044092 0.225551
2 0.437651 0.495127 0.039193 0.237613
3 0.414789 0.497539 0.038104 0.230376
4 0.386755 0.492112 0.041914 0.238819
5 0.358449 0.510204 0.046269 0.219520
6 0.320618 0.518044 0.039193 0.235200
7 0.295578 0.492112 0.050079 0.120616
8 0.538899 0.505983 0.041370 0.242437
9 0.571287 0.509601 0.029939 0.225551
10 0.600682 0.493921 0.037560 0.268973
11 0.629804 0.511410 0.046813 0.226757
12 0.654844 0.518647 0.033749 0.219520
13 0.686415 0.523472 0.046813 0.209871
14 0.725608 0.524678 0.038104 0.195397
15 0.747382 0.466782 0.046813 0.108554
16 0.535360 0.730328 0.029939 0.206253
17 0.558223 0.746008 0.031028 0.242437
18 0.589523 0.752641 0.029394 0.260530
19 0.619733 0.735755 0.031028 0.231582
20 0.642596 0.741183 0.034294 0.242437
21 0.683422 0.725503 0.066954 0.208665
22 0.722342 0.712838 0.058789 0.188160
23 0.762351 0.694746 0.049535 0.110966
24 0.508688 0.733946 0.025584 0.211077
25 0.484464 0.742389 0.026128 0.220727
26 0.451804 0.746611 0.030483 0.255705
27 0.421593 0.738771 0.033205 0.232788
28 0.400091 0.735152 0.034838 0.252087
29 0.362260 0.726106 0.063688 0.236407
30 0.324156 0.727312 0.053890 0.209871
31 0.284147 0.721884 0.053346 0.119409