0 0.472998 0.390508 0.030177 0.290135
1 0.453822 0.382219 0.032063 0.298425
2 0.431189 0.392581 0.034578 0.302570
3 0.412957 0.393962 0.045895 0.283227
4 0.392525 0.382219 0.038979 0.315004
5 0.366434 0.401561 0.055954 0.270793
6 0.313938 0.393272 0.061612 0.256977
8 0.502546 0.396035 0.031435 0.287372
9 0.527065 0.412614 0.022633 0.243161
10 0.556614 0.405015 0.035207 0.280464
11 0.583333 0.408469 0.047152 0.259740
12 0.605966 0.398107 0.047152 0.283227
13 0.635201 0.411232 0.049038 0.265267
14 0.682667 0.421594 0.057211 0.219674
15 0.706557 0.335935 0.042122 0.156120
16 0.498460 0.645413 0.024519 0.203095
17 0.518892 0.659229 0.028920 0.236253
18 0.543411 0.695151 0.031435 0.313623
19 0.574532 0.704822 0.037093 0.269411
20 0.610682 0.689624 0.051553 0.239016
21 0.642431 0.671663 0.060983 0.216911
22 0.704357 0.650249 0.095561 0.223819
23 0.748680 0.617090 0.076072 0.157502
24 0.480542 0.653012 0.036464 0.204476
25 0.460109 0.657847 0.033321 0.230727
26 0.436219 0.706203 0.032063 0.305333
27 0.413272 0.705513 0.031435 0.273556
28 0.387181 0.695841 0.054696 0.270793
29 0.342544 0.678571 0.076072 0.261122
30 0.291620 0.632979 0.093675 0.236253
31 0.230008 0.603274 0.082359 0.146449