0 0.478095 0.437647 0.037036 0.284596
1 0.448467 0.452701 0.026935 0.263090
2 0.426750 0.440514 0.030638 0.310403
3 0.414630 0.464888 0.040066 0.275994
4 0.397290 0.474207 0.038382 0.261656
5 0.369682 0.491054 0.049156 0.259506
6 0.331973 0.491054 0.044443 0.249470
7 0.304028 0.503240 0.057910 0.219361
8 0.512437 0.442307 0.036362 0.279578
9 0.541897 0.448042 0.026598 0.258072
10 0.566980 0.446966 0.035015 0.288897
11 0.586340 0.460945 0.050166 0.295349
12 0.605194 0.478867 0.044106 0.279578
13 0.636675 0.507183 0.054543 0.222945
14 0.680444 0.508975 0.045116 0.235132
15 0.716301 0.487111 0.053533 0.231548
23 0.721183 0.714357 0.056563 0.215777
22 0.674384 0.736939 0.057910 0.223662
21 0.630614 0.746975 0.078111 0.235132
20 0.591895 0.751993 0.046463 0.250903
19 0.566812 0.741957 0.032659 0.260939
18 0.548126 0.740165 0.030975 0.273126
17 0.527420 0.725827 0.028618 0.277427
16 0.506882 0.722601 0.024578 0.243735
24 0.486007 0.723677 0.025252 0.241584
25 0.469005 0.724394 0.029628 0.255921
26 0.448130 0.735147 0.036362 0.265957
27 0.424057 0.743390 0.029965 0.262373
28 0.405876 0.746975 0.043433 0.253771
29 0.371029 0.746975 0.070031 0.238000
30 0.333320 0.737297 0.061950 0.227247