0 0.487989 0.420541 0.028113 0.236178
1 0.460846 0.415407 0.024235 0.225910
2 0.437580 0.390762 0.028113 0.225910
3 0.418192 0.370225 0.033929 0.238232
4 0.392503 0.365091 0.040715 0.236178
5 0.359543 0.352768 0.056226 0.215641
6 0.331915 0.310667 0.080461 0.184835
7 0.313496 0.233652 0.057195 0.108847
8 0.509801 0.413353 0.025205 0.217695
9 0.529189 0.395897 0.031021 0.211534
10 0.551970 0.393843 0.028113 0.232071
11 0.579598 0.379467 0.031021 0.207426
12 0.603833 0.380494 0.044593 0.205373
13 0.638247 0.350715 0.053317 0.199211
14 0.678477 0.306560 0.071736 0.201265
16 0.512224 0.651585 0.022296 0.201265
17 0.531128 0.654666 0.025205 0.215641
18 0.554878 0.652612 0.030052 0.252608
19 0.579598 0.647478 0.029082 0.217695
20 0.613527 0.627968 0.042654 0.232071
21 0.661513 0.572517 0.084338 0.211534
22 0.701743 0.509878 0.087247 0.168405
24 0.490897 0.645424 0.020358 0.172513
25 0.467147 0.654666 0.023266 0.199211
26 0.451152 0.644397 0.026174 0.186889
27 0.417707 0.638236 0.046531 0.215641
28 0.392987 0.620780 0.055256 0.176620
29 0.340155 0.583813 0.096941 0.213587
30 0.290230 0.521174 0.094032 0.162244