0 0.495294 0.426617 0.027596 0.210595
1 0.467205 0.428789 0.018726 0.201911
2 0.448973 0.411420 0.023653 0.188884
3 0.434682 0.409249 0.022668 0.193226
4 0.415956 0.395137 0.028581 0.199739
5 0.389839 0.392966 0.033509 0.191055
6 0.357315 0.377768 0.039422 0.195397
7 0.327256 0.371255 0.056177 0.199739
8 0.525354 0.422275 0.038437 0.206253
9 0.550485 0.417933 0.033509 0.206253
10 0.576603 0.408163 0.028581 0.191055
11 0.593357 0.411420 0.026610 0.197568
12 0.617011 0.417933 0.042379 0.188884
13 0.653477 0.399479 0.040408 0.186713
14 0.687971 0.389709 0.038437 0.180200
16 0.510077 0.641554 0.019711 0.180200
17 0.527325 0.664351 0.030552 0.234477
18 0.545065 0.651324 0.018726 0.212766
19 0.562805 0.650239 0.016755 0.201911
20 0.581038 0.629614 0.025625 0.186713
22 0.655940 0.612245 0.063076 0.186713
23 0.700291 0.587277 0.063076 0.180200
24 0.492337 0.629614 0.023653 0.186713
25 0.472626 0.642640 0.019711 0.212766
26 0.455871 0.642640 0.019711 0.186713
27 0.433204 0.637212 0.023653 0.210595
28 0.418420 0.630699 0.035480 0.206253
29 0.385404 0.629614 0.052235 0.225792
30 0.344010 0.585106 0.064061 0.188884
31 0.303602 0.553626 0.060119 0.151976