0 0.502409 0.439089 0.052980 0.234008
1 0.455994 0.429590 0.047999 0.234008
2 0.421580 0.421819 0.045282 0.251278
4 0.365656 0.427000 0.052075 0.220192
5 0.318336 0.441679 0.074263 0.225373
6 0.269204 0.454200 0.070188 0.207240
8 0.565578 0.430454 0.075169 0.261640
9 0.607464 0.436498 0.062943 0.237462
10 0.634634 0.445133 0.054792 0.251278
11 0.664294 0.451610 0.041660 0.226237
12 0.690784 0.442543 0.040301 0.218465
13 0.734255 0.452041 0.075622 0.209830
14 0.779991 0.458086 0.070188 0.202922
16 0.530031 0.670938 0.028528 0.219329
17 0.558106 0.680868 0.033962 0.240916
18 0.586182 0.690799 0.036679 0.265957
19 0.622181 0.679141 0.037132 0.242643
20 0.650936 0.702024 0.039396 0.259049
21 0.701425 0.680437 0.076980 0.229691
22 0.756562 0.684062 0.081358 0.237205
23 0.799029 0.651472 0.066920 0.225073
24 0.504713 0.673566 0.029670 0.229615
25 0.476234 0.674599 0.040282 0.225899
26 0.444615 0.686781 0.050244 0.261002
27 0.415703 0.683684 0.038766 0.251503
28 0.390364 0.670262 0.038766 0.219704
29 0.346942 0.677283 0.066270 0.229615
30 0.286195 0.681413 0.079914 0.226312
31 0.238009 0.644451 0.080130 0.192034