0 0.493303 0.423474 0.035209 0.288121
1 0.468394 0.411997 0.027343 0.285746
2 0.440864 0.398145 0.031464 0.288121
3 0.416704 0.404873 0.036333 0.271498
4 0.390110 0.387063 0.034835 0.270707
5 0.350781 0.381918 0.056559 0.252501
6 0.301151 0.371628 0.068171 0.263583
8 0.526077 0.416350 0.042326 0.294453
9 0.557915 0.409226 0.035584 0.280205
10 0.591064 0.414767 0.047944 0.283371
11 0.620280 0.429015 0.047944 0.250127
12 0.643878 0.421495 0.035958 0.246169
13 0.672907 0.421891 0.046821 0.258042
14 0.709427 0.406852 0.044948 0.242211
15 0.743513 0.418725 0.044199 0.224797
16 0.517650 0.686661 0.023223 0.241420
17 0.539936 0.689431 0.025096 0.248544
18 0.572149 0.715156 0.040828 0.304743
19 0.604923 0.698930 0.049443 0.277039
20 0.626835 0.688640 0.043075 0.248544
21 0.671971 0.675579 0.057683 0.255667
22 0.708303 0.659749 0.064425 0.252501
24 0.499483 0.698138 0.029591 0.250127
25 0.478507 0.706845 0.038580 0.267541
26 0.455659 0.707637 0.034835 0.296036
27 0.428503 0.691014 0.035209 0.278622
28 0.401347 0.671226 0.061803 0.251710
29 0.355088 0.657770 0.093641 0.258042
30 0.300214 0.618589 0.099260 0.231921
31 0.248150 0.590093 0.085776 0.212924