7 0.304067 0.367683 0.052728 0.115207
6 0.332775 0.419159 0.063274 0.198549
5 0.361482 0.461442 0.053900 0.248799
4 0.397806 0.464506 0.036324 0.252476
3 0.425050 0.472473 0.038082 0.241445
2 0.449656 0.447961 0.034566 0.307628
1 0.474263 0.465732 0.026364 0.286793
0 0.501213 0.466345 0.033395 0.278214
8 0.523769 0.471247 0.039839 0.270860
9 0.542810 0.479826 0.041597 0.270860
10 0.562729 0.462668 0.040425 0.305177
11 0.581184 0.460217 0.036324 0.302726
12 0.606377 0.465119 0.036324 0.288018
13 0.638014 0.495147 0.048041 0.213256
14 0.666135 0.425900 0.064446 0.207128
15 0.693378 0.376875 0.075577 0.138494
31 0.268915 0.623223 0.046870 0.126238
30 0.306704 0.653863 0.068547 0.214482
29 0.351816 0.694308 0.084951 0.229189
28 0.391069 0.720046 0.062688 0.253701
27 0.427393 0.733528 0.041597 0.263506
26 0.452293 0.759878 0.036324 0.316207
25 0.475727 0.737205 0.035152 0.243896
24 0.494768 0.743333 0.035738 0.246348
16 0.515274 0.745171 0.039253 0.232866
17 0.533729 0.734753 0.039839 0.209579
18 0.546618 0.766006 0.049213 0.284342
19 0.569760 0.753138 0.038082 0.248799
20 0.596124 0.748848 0.055658 0.259829
21 0.641529 0.731689 0.112487 0.262281
22 0.686934 0.684503 0.087295 0.241445
23 0.760754 0.684503 0.076749 0.170360