0 0.495768 0.485605 0.032633 0.225853
1 0.478957 0.479272 0.028678 0.225853
2 0.458190 0.465552 0.022744 0.206856
3 0.441379 0.452888 0.026700 0.211077
4 0.426051 0.456054 0.023733 0.225853
5 0.398857 0.439168 0.036589 0.242739
6 0.366224 0.419115 0.056366 0.236407
7 0.343974 0.333629 0.063289 0.141422
8 0.521479 0.477161 0.030655 0.234296
9 0.540267 0.456054 0.024722 0.225853
10 0.559056 0.459220 0.026700 0.232185
11 0.577845 0.436001 0.030655 0.244850
13 0.609984 0.424392 0.037578 0.225853
16 0.517523 0.696682 0.012856 0.166751
17 0.540267 0.718845 0.030655 0.202634
22 0.679700 0.620694 0.088011 0.200523
24 0.500218 0.703014 0.019778 0.204745
25 0.485152 0.710557 0.019870 0.206758
28 0.434649 0.708790 0.033116 0.199689
30 0.336543 0.635453 0.090241 0.144907