0 0.504095 0.405302 0.025965 0.224932
1 0.481654 0.398229 0.023369 0.215029
2 0.459954 0.399290 0.028933 0.200175
3 0.437884 0.398583 0.038206 0.205834
4 0.410806 0.401766 0.043399 0.198053
5 0.383728 0.396814 0.044883 0.190980
6 0.340144 0.379838 0.051930 0.216444
7 0.299341 0.341996 0.058607 0.171882
8 0.528020 0.407071 0.024852 0.217151
9 0.548978 0.403180 0.024481 0.209371
10 0.571048 0.403180 0.025594 0.207956
11 0.594973 0.404241 0.033384 0.212907
12 0.619455 0.401412 0.037835 0.205834
13 0.650427 0.401058 0.045624 0.199468
14 0.696052 0.401766 0.044883 0.199468
15 0.734072 0.406010 0.051188 0.185321
16 0.531729 0.657113 0.018917 0.202297
17 0.550461 0.653576 0.022998 0.210785
18 0.578467 0.646857 0.044883 0.228469
19 0.600723 0.643674 0.051559 0.224932
20 0.621866 0.636600 0.050076 0.220688
21 0.662112 0.634478 0.068251 0.227761
22 0.713486 0.613258 0.083459 0.217859
24 0.513554 0.663479 0.018917 0.222103
25 0.493153 0.662772 0.024852 0.220688
26 0.467558 0.651808 0.035980 0.235542
27 0.446601 0.640844 0.043028 0.216444
28 0.424901 0.632356 0.039690 0.215029
29 0.381688 0.625990 0.077895 0.217859
30 0.324008 0.607600 0.099039 0.209371
31 0.280609 0.561623 0.096071 0.188151