0 0.483462 0.296066 0.037388 0.365602
1 0.451232 0.301084 0.030942 0.352698
2 0.425125 0.319006 0.038032 0.362734
3 0.400307 0.311837 0.042545 0.377072
4 0.371299 0.346963 0.037388 0.315421
5 0.341002 0.370620 0.052859 0.293915
6 0.299424 0.369903 0.053503 0.278144
8 0.518916 0.319722 0.039966 0.324024
9 0.551792 0.315421 0.034809 0.321156
10 0.577254 0.319006 0.035454 0.328325
11 0.600460 0.323307 0.047057 0.328325
12 0.624633 0.356283 0.041255 0.256638
13 0.659765 0.359867 0.063817 0.269542
14 0.699731 0.360584 0.058660 0.253771
22 0.710367 0.600734 0.091536 0.243735
21 0.652735 0.631121 0.080097 0.271023
20 0.610219 0.630277 0.045933 0.287909
19 0.581179 0.615924 0.034165 0.274401
18 0.557643 0.631543 0.031887 0.280311
17 0.530881 0.625633 0.026952 0.258359
16 0.508294 0.627322 0.028091 0.266802
24 0.488365 0.625211 0.029989 0.259203
25 0.462742 0.639986 0.031128 0.265113
26 0.435600 0.629433 0.036822 0.259203
27 0.410545 0.636609 0.036822 0.261736
28 0.382075 0.640831 0.043655 0.263425
29 0.341457 0.645475 0.070227 0.282844
30 0.282048 0.634498 0.088069 0.281155