0 0.488710 0.433131 0.027722 0.296859
1 0.468142 0.448835 0.026828 0.289767
2 0.449139 0.448328 0.030852 0.327254
3 0.433713 0.438197 0.036664 0.304965
4 0.416499 0.430598 0.030852 0.291793
5 0.396155 0.424012 0.051867 0.284701
6 0.362397 0.411348 0.055891 0.279635
7 0.337134 0.408308 0.074223 0.206687
8 0.509725 0.419959 0.030405 0.327254
9 0.527387 0.439210 0.031746 0.258359
10 0.549966 0.426545 0.031299 0.305978
11 0.568746 0.431611 0.033982 0.283688
12 0.586407 0.414387 0.031746 0.297872
13 0.604292 0.428571 0.055891 0.267477
14 0.639615 0.410334 0.049631 0.279635
15 0.674715 0.388551 0.059915 0.234043
23 0.692600 0.590679 0.067963 0.194529
22 0.651464 0.625633 0.068858 0.213779
21 0.615247 0.668693 0.064386 0.241135
20 0.582663 0.676151 0.043781 0.236407
19 0.564188 0.683539 0.033535 0.237110
18 0.548197 0.700777 0.034466 0.268772
17 0.524909 0.681780 0.022046 0.227964
16 0.507520 0.688816 0.022667 0.215299
24 0.493392 0.672633 0.023598 0.204041
25 0.480829 0.670013 0.031125 0.177912
26 0.463863 0.690364 0.027315 0.249556
27 0.442185 0.680123 0.031872 0.247431
28 0.420567 0.663795 0.050163 0.213520
29 0.391744 0.654375 0.056260 0.228592
30 0.351558 0.631453 0.078986 0.212892