7 0.323911 0.389588 0.079690 0.130265
6 0.329333 0.471607 0.073185 0.192985
5 0.371346 0.478241 0.058548 0.240025
4 0.406854 0.478844 0.042827 0.277416
3 0.429352 0.467989 0.044453 0.282241
2 0.455373 0.474622 0.043369 0.285859
1 0.490069 0.489096 0.043369 0.290684
0 0.517445 0.488493 0.036321 0.311188
8 0.543466 0.495730 0.036321 0.296714
9 0.567861 0.487287 0.040658 0.299127
10 0.595780 0.444469 0.045537 0.334105
11 0.619904 0.447484 0.038490 0.340136
12 0.645925 0.476432 0.036321 0.279828
13 0.670320 0.486081 0.059090 0.265354
14 0.698781 0.474622 0.073727 0.278622
15 0.705558 0.385970 0.064511 0.171274
23 0.736729 0.685097 0.070474 0.164037
16 0.519614 0.777971 0.027648 0.248468
17 0.541298 0.774955 0.035237 0.242437
18 0.564609 0.782192 0.043911 0.273797
19 0.587377 0.787620 0.058006 0.265354
20 0.628849 0.777368 0.049874 0.240025
24 0.501100 0.770854 0.022389 0.244850
25 0.474917 0.767055 0.030738 0.247383
26 0.447404 0.767477 0.037189 0.271868
27 0.419702 0.759034 0.037948 0.246538
28 0.384791 0.752280 0.034912 0.236407
30 0.325086 0.696555 0.096134 0.190439
31 0.284819 0.650587 0.078847 0.173552