0 0.494719 0.444469 0.041473 0.322044
1 0.471020 0.446881 0.037165 0.295508
2 0.447051 0.439644 0.036626 0.312394
3 0.429816 0.423361 0.043089 0.294302
4 0.410964 0.418536 0.039858 0.287065
5 0.385380 0.418536 0.056555 0.272591
6 0.347138 0.415521 0.053323 0.256911
7 0.315360 0.366068 0.051169 0.285859
8 0.524343 0.433613 0.032856 0.346167
9 0.540771 0.433010 0.032317 0.311188
10 0.562584 0.421552 0.032856 0.341342
11 0.578743 0.422155 0.031778 0.318425
12 0.596248 0.411902 0.035549 0.319631
13 0.616985 0.423964 0.050091 0.220727
14 0.650110 0.411299 0.050630 0.260530
15 0.680541 0.384161 0.053323 0.273797
23 0.713397 0.616949 0.079177 0.249674
22 0.671116 0.647706 0.092642 0.241231
21 0.626900 0.683891 0.073350 0.276319
20 0.599822 0.696555 0.054841 0.249455
19 0.576344 0.702696 0.038046 0.237174
18 0.556635 0.718814 0.024678 0.250990
17 0.537441 0.719198 0.024678 0.216450
16 0.518247 0.711523 0.021251 0.205704
24 0.498024 0.709220 0.025364 0.198029
25 0.476602 0.712674 0.031191 0.201867
26 0.452266 0.720733 0.034618 0.253293
27 0.430501 0.721501 0.035647 0.290135
28 0.407708 0.711906 0.053127 0.306254
29 0.375712 0.686846 0.078800 0.274401
30 0.333296 0.659828 0.086717 0.259203
31 0.288806 0.618457 0.074652 0.233874