0 0.498163 0.421568 0.034999 0.205373
1 0.467052 0.421568 0.033055 0.205373
2 0.442261 0.412326 0.032082 0.190996
3 0.420387 0.393843 0.038888 0.203319
4 0.392193 0.393843 0.033055 0.219749
5 0.356222 0.384601 0.048610 0.201265
6 0.320737 0.368171 0.043749 0.209480
8 0.533648 0.411300 0.039860 0.217695
9 0.561355 0.412326 0.023333 0.203319
10 0.588091 0.416434 0.024305 0.182782
11 0.608507 0.405138 0.032082 0.188943
12 0.637186 0.412326 0.029166 0.195104
13 0.665380 0.412326 0.050554 0.195104
14 0.705726 0.390762 0.047638 0.168405
16 0.513232 0.593054 0.020416 0.149922
17 0.538509 0.618726 0.022360 0.184835
18 0.561841 0.613592 0.026249 0.178674
19 0.591493 0.626941 0.029166 0.217695
20 0.620659 0.641317 0.036943 0.209480
22 0.700379 0.592027 0.073887 0.172513
24 0.496218 0.623860 0.025277 0.199211
25 0.471913 0.623860 0.027221 0.195104
26 0.452955 0.617699 0.026249 0.195104
27 0.423790 0.616672 0.024305 0.197158
29 0.366916 0.605377 0.056387 0.174567
30 0.324140 0.582786 0.069998 0.211534