0 0.470213 0.449751 0.026390 0.208061
1 0.445065 0.445037 0.024527 0.199889
2 0.424263 0.437179 0.025148 0.216861
3 0.403461 0.429951 0.031979 0.207432
4 0.379710 0.419893 0.028564 0.194861
5 0.345558 0.403236 0.042845 0.194232
6 0.308922 0.392864 0.050297 0.178518
7 0.278340 0.367092 0.060542 0.168460
8 0.495982 0.443780 0.029495 0.212461
9 0.518026 0.435294 0.030116 0.208061
10 0.538997 0.428231 0.035757 0.207687
11 0.563030 0.425858 0.033022 0.198193
12 0.584524 0.417550 0.031068 0.196611
13 0.615787 0.411814 0.044745 0.192259
14 0.648809 0.398759 0.047481 0.181182
15 0.679779 0.376013 0.051975 0.165754
16 0.487706 0.647984 0.019539 0.150326
17 0.505584 0.647984 0.024034 0.147952
18 0.529032 0.674093 0.031068 0.204127
19 0.553749 0.674489 0.039861 0.213621
20 0.586576 0.666973 0.076986 0.218368
21 0.619695 0.649962 0.084215 0.213621
22 0.664147 0.612183 0.078940 0.195028
23 0.704008 0.562733 0.089882 0.191072
24 0.469827 0.647193 0.017781 0.154282
25 0.456540 0.656489 0.029114 0.174457
26 0.433288 0.669148 0.024815 0.184743
27 0.406519 0.675280 0.036930 0.218368
28 0.375842 0.659061 0.068974 0.219159
29 0.341746 0.633545 0.084020 0.220346
30 0.298759 0.608227 0.083238 0.198984
31 0.262122 0.545327 0.086951 0.183160