0 0.490847 0.437473 0.035835 0.210595
1 0.466634 0.436387 0.024213 0.204082
2 0.431283 0.448328 0.048426 0.219279
3 0.402712 0.451585 0.031961 0.191055
4 0.368329 0.449414 0.046489 0.199739
5 0.331525 0.446157 0.038741 0.197568
6 0.294237 0.373426 0.064891 0.125923
8 0.525714 0.445072 0.028087 0.178029
9 0.551864 0.459184 0.022276 0.162831
10 0.582373 0.445072 0.036804 0.212766
11 0.606102 0.455927 0.039709 0.191055
12 0.624988 0.460269 0.030993 0.169344
13 0.651138 0.455927 0.044552 0.195397
14 0.695206 0.455927 0.041646 0.212766
15 0.726683 0.392966 0.071671 0.108554
16 0.513123 0.664351 0.028087 0.173686
17 0.537821 0.657838 0.021308 0.182371
18 0.561550 0.671950 0.028087 0.214937
19 0.586247 0.683891 0.025182 0.204082
20 0.607554 0.676292 0.032930 0.219279
21 0.640484 0.676292 0.056174 0.201911
22 0.686973 0.658923 0.077482 0.184542
23 0.734915 0.628528 0.057143 0.149805
24 0.496174 0.669779 0.021308 0.193226
25 0.473898 0.669779 0.027119 0.210595
26 0.452591 0.673035 0.032930 0.221450
27 0.419177 0.676292 0.051332 0.214937
28 0.373172 0.665436 0.075545 0.206253
29 0.327167 0.642640 0.068765 0.195397
30 0.285521 0.614416 0.068765 0.186713