0 0.491107 0.433253 0.028619 0.307628
1 0.474367 0.433253 0.034018 0.290470
2 0.453038 0.420384 0.024839 0.272085
3 0.441159 0.405677 0.036718 0.301500
4 0.424690 0.400775 0.035098 0.301500
5 0.403901 0.367070 0.036718 0.297823
6 0.374202 0.367070 0.044278 0.288018
7 0.341534 0.351750 0.045898 0.262281
8 0.517565 0.436930 0.029699 0.305177
9 0.536734 0.425900 0.026999 0.314982
10 0.552124 0.415482 0.034018 0.321110
11 0.568053 0.409967 0.031319 0.317433
12 0.587222 0.395872 0.035098 0.313756
13 0.618811 0.375037 0.047518 0.308854
14 0.651749 0.378101 0.045358 0.241445
31 0.300496 0.536817 0.091256 0.174037
30 0.337214 0.588906 0.085856 0.202226
29 0.373122 0.629964 0.079916 0.235317
28 0.409031 0.658766 0.051298 0.226738
27 0.430360 0.678988 0.047518 0.230415
26 0.455738 0.691857 0.031319 0.243896
25 0.478417 0.691857 0.023759 0.221835
24 0.494076 0.693083 0.021599 0.212031
16 0.512706 0.696147 0.019979 0.208354
17 0.530525 0.696147 0.022139 0.208354
18 0.548884 0.682665 0.028619 0.205903
19 0.573993 0.678988 0.042118 0.213256
20 0.604231 0.668570 0.073437 0.226738
21 0.635280 0.640381 0.082616 0.226738
22 0.671728 0.596872 0.088556 0.201000
23 0.704126 0.530076 0.092876 0.153201