0 0.479058 0.413328 0.027886 0.224893
1 0.453926 0.402966 0.021689 0.231801
2 0.433269 0.404117 0.030640 0.249455
8 0.505911 0.407955 0.031329 0.231034
9 0.528117 0.405652 0.022034 0.224893
10 0.560823 0.409106 0.049576 0.227196
11 0.575455 0.421003 0.038214 0.215683
12 0.596972 0.421387 0.037182 0.219520
13 0.632604 0.428295 0.060248 0.213380
14 0.669269 0.429063 0.046821 0.210310
15 0.708345 0.430214 0.042346 0.194191
16 0.504018 0.667772 0.024788 0.248687
17 0.532248 0.662783 0.032362 0.267876
18 0.556692 0.658178 0.030296 0.215683
19 0.578553 0.676983 0.037526 0.254828
20 0.606784 0.700393 0.034772 0.297043
21 0.653605 0.686577 0.072642 0.275552
22 0.702492 0.663167 0.074708 0.265574
24 0.483211 0.669183 0.022209 0.259829
25 0.466390 0.674331 0.028146 0.266203
26 0.445060 0.695902 0.039141 0.314246
27 0.414495 0.697863 0.051015 0.285812
28 0.391627 0.694921 0.046177 0.282871
29 0.353585 0.683400 0.094993 0.290225
30 0.306968 0.633886 0.092354 0.237278
31 0.269697 0.578243 0.091255 0.223061
7 0.298309 0.374873 0.072711 0.196845
6 0.338884 0.405268 0.051287 0.224345
5 0.375431 0.417933 0.048543 0.212612
4 0.397637 0.418317 0.033050 0.208775
3 0.414678 0.412560 0.039592 0.211077