0 0.481812 0.404213 0.030843 0.280733
1 0.456576 0.407379 0.023989 0.270179
2 0.435702 0.401399 0.026482 0.287769
3 0.417477 0.391548 0.034894 0.303248
4 0.397849 0.382754 0.035517 0.282844
5 0.368719 0.367626 0.048913 0.266661
6 0.329931 0.377125 0.044863 0.234999
7 0.300178 0.345463 0.055144 0.216706
8 0.512811 0.399288 0.033024 0.249775
9 0.534868 0.377767 0.032315 0.282967
10 0.560585 0.374115 0.037086 0.273445
11 0.582323 0.346383 0.039783 0.298959
13 0.628768 0.368819 0.044042 0.232288
14 0.665123 0.331637 0.040690 0.249758
15 0.694988 0.323096 0.050341 0.213826
16 0.514248 0.671625 0.046629 0.239930
17 0.532927 0.674018 0.043185 0.262667
18 0.560852 0.680172 0.048697 0.290530
19 0.585200 0.661541 0.043544 0.300971
20 0.614724 0.652601 0.037276 0.263723
22 0.693895 0.549794 0.106550 0.205614
23 0.735459 0.476414 0.079500 0.118452
24 0.492835 0.663031 0.047502 0.241373
25 0.471888 0.669363 0.047832 0.254038
26 0.451436 0.679793 0.049811 0.277877
27 0.417788 0.676441 0.031338 0.262233
28 0.387275 0.661541 0.034967 0.260743
29 0.342247 0.624292 0.075542 0.253293
30 0.289301 0.555754 0.098303 0.186245