0 0.480792 0.443262 0.032795 0.288754
1 0.455610 0.433764 0.031623 0.264691
2 0.432186 0.440096 0.031623 0.252026
7 0.291637 0.371707 0.067932 0.158308
6 0.325896 0.410968 0.053291 0.173506
5 0.363375 0.410968 0.053291 0.219098
4 0.394413 0.416033 0.038065 0.224164
3 0.417252 0.424899 0.038065 0.239362
8 0.512415 0.448328 0.030452 0.260892
9 0.535547 0.446429 0.025182 0.239362
10 0.561900 0.435664 0.032209 0.250760
11 0.578297 0.425532 0.039236 0.233029
12 0.607871 0.410334 0.037480 0.225431
13 0.642422 0.393870 0.056219 0.253293
14 0.689857 0.369174 0.055048 0.241895
15 0.722066 0.360309 0.063247 0.198835
16 0.512415 0.707320 0.025767 0.219098
17 0.529691 0.696555 0.024010 0.222898
18 0.556922 0.701621 0.036308 0.248227
19 0.582104 0.680091 0.053877 0.248227
20 0.606114 0.666160 0.059733 0.255826
21 0.648571 0.639564 0.087257 0.230496
22 0.698056 0.599037 0.077301 0.225431
24 0.491918 0.707320 0.030452 0.226697
25 0.469958 0.706054 0.027524 0.231763
26 0.443898 0.702254 0.030452 0.231763
27 0.422523 0.681991 0.041579 0.239362
28 0.394999 0.669326 0.065004 0.241895
29 0.361326 0.644630 0.079644 0.233029
30 0.312427 0.613602 0.090771 0.231763
31 0.274947 0.567376 0.067346 0.200101