0 0.488925 0.440653 0.045741 0.204918
1 0.462161 0.422919 0.050607 0.197037
2 0.438804 0.412082 0.048661 0.202948
3 0.405228 0.416023 0.051581 0.183244
4 0.383817 0.401245 0.043795 0.181274
5 0.346835 0.383512 0.057420 0.189155
6 0.311799 0.355927 0.067152 0.181274
7 0.275790 0.328342 0.067152 0.177333
8 0.520554 0.445578 0.044768 0.187185
9 0.545858 0.441638 0.035036 0.206888
10 0.566296 0.436712 0.035036 0.200977
11 0.583327 0.440653 0.028223 0.216740
12 0.601331 0.433756 0.031143 0.222651
13 0.630528 0.418979 0.038929 0.236444
14 0.667997 0.401245 0.053527 0.240385
15 0.690867 0.388438 0.052554 0.214770
16 0.497197 0.671185 0.021411 0.197037
17 0.518608 0.684978 0.015571 0.177333
18 0.537586 0.686948 0.020438 0.177333
19 0.561429 0.675126 0.025304 0.185214
20 0.595005 0.678082 0.043795 0.218711
21 0.620309 0.652467 0.049634 0.187185
22 0.663617 0.619956 0.052554 0.173392
23 0.689894 0.579563 0.035036 0.132015
24 0.473353 0.656408 0.016545 0.155659
25 0.455835 0.657393 0.024330 0.189155
26 0.430532 0.648526 0.028223 0.199007
27 0.403282 0.635719 0.032116 0.193096
28 0.374572 0.630793 0.060339 0.210829
29 0.332237 0.592371 0.082723 0.181274
30 0.288929 0.549023 0.064232 0.161570
31 0.235888 0.518482 0.071045 0.124133