0 0.464577 0.394179 0.036859 0.251090
1 0.431557 0.392527 0.030716 0.257698
2 0.405833 0.396657 0.031484 0.259350
8 0.498410 0.392857 0.036030 0.229483
9 0.531614 0.382219 0.034617 0.235562
10 0.562699 0.351824 0.036030 0.302432
12 0.616743 0.366261 0.039562 0.249240
14 0.709290 0.327508 0.063582 0.211246
16 0.502649 0.652736 0.033204 0.241641
17 0.521724 0.648176 0.028965 0.244681
18 0.551748 0.665653 0.057930 0.249240
19 0.579301 0.650456 0.052278 0.246201
20 0.614977 0.635258 0.085482 0.209726
21 0.649947 0.596505 0.091840 0.217325
22 0.698340 0.555471 0.089721 0.217325
23 0.734723 0.517477 0.066408 0.199088
24 0.484281 0.648936 0.038856 0.234043
25 0.465207 0.655015 0.044507 0.224924
26 0.435535 0.693769 0.040268 0.259878
4 0.365595 0.410334 0.033204 0.240122
6 0.286118 0.434650 0.049452 0.252280
5 0.334864 0.414894 0.050865 0.261398
7 0.254327 0.393617 0.048040 0.173252
27 0.409396 0.682371 0.033204 0.258359
28 0.393854 0.676292 0.048746 0.258359