0 0.467353 0.446281 0.026492 0.199417
1 0.449012 0.441124 0.029889 0.191853
2 0.422690 0.430465 0.028191 0.217296
8 0.494185 0.438717 0.025813 0.207669
9 0.515923 0.433216 0.021058 0.209044
10 0.536471 0.419463 0.027511 0.215920
13 0.603212 0.432528 0.035323 0.198042
14 0.639893 0.423933 0.042795 0.212482
5 0.351534 0.445250 0.040078 0.197354
6 0.316720 0.430465 0.054683 0.193916
21 0.637686 0.617161 0.082534 0.182226
20 0.594097 0.628924 0.038225 0.173308
19 0.565967 0.628924 0.029880 0.164588
18 0.537702 0.648271 0.040109 0.197833
17 0.509438 0.655356 0.021804 0.205463
30 0.314663 0.617233 0.090603 0.171040
16 0.490870 0.649871 0.020610 0.180956
25 0.455057 0.649665 0.026936 0.176411
26 0.424448 0.650491 0.034690 0.189632
27 0.403328 0.663092 0.037751 0.197481
28 0.375269 0.657101 0.049383 0.211115