0 0.485949 0.445397 0.036228 0.275727
1 0.462450 0.438884 0.030353 0.275727
2 0.440419 0.437799 0.035249 0.273556
3 0.415940 0.464937 0.043082 0.245332
4 0.392441 0.469279 0.037207 0.240990
5 0.362577 0.479049 0.053853 0.238819
6 0.327328 0.455167 0.051895 0.273556
8 0.520709 0.448654 0.041124 0.269214
9 0.546167 0.448654 0.029374 0.251845
10 0.567218 0.452996 0.032312 0.251845
11 0.590228 0.463851 0.039166 0.238819
12 0.610301 0.466023 0.042103 0.247503
13 0.636248 0.473621 0.048957 0.249674
14 0.674924 0.464937 0.051895 0.258359
16 0.517282 0.752605 0.022520 0.290925
17 0.537844 0.747178 0.032312 0.288754
18 0.557916 0.758033 0.033291 0.310465
19 0.580437 0.758033 0.031333 0.288754
20 0.604426 0.750434 0.053853 0.290925
21 0.642612 0.755862 0.081269 0.236648
22 0.689611 0.718954 0.085186 0.240990
24 0.500147 0.749349 0.019583 0.280069
25 0.479095 0.739579 0.024479 0.282241
26 0.456575 0.753691 0.024479 0.301780
27 0.432586 0.761290 0.031333 0.286583
28 0.415451 0.750434 0.061686 0.282241
29 0.383139 0.747178 0.073436 0.254017
30 0.334182 0.721125 0.089102 0.223621
31 0.292568 0.663591 0.088123 0.173686