0 0.472478 0.485607 0.029520 0.210084
1 0.451322 0.491194 0.026568 0.212319
2 0.432134 0.480020 0.027552 0.212319
3 0.414422 0.478902 0.027552 0.196674
4 0.397694 0.478902 0.027552 0.205614
5 0.372109 0.476667 0.037392 0.210084
6 0.342589 0.463258 0.057072 0.196674
7 0.322909 0.424146 0.053136 0.158680
8 0.500522 0.490077 0.024600 0.210084
9 0.518726 0.484490 0.025584 0.216789
10 0.545294 0.483372 0.029520 0.205614
11 0.564974 0.467728 0.031488 0.205614
12 0.582686 0.477785 0.033456 0.203379
13 0.608762 0.477785 0.038376 0.198909
14 0.638774 0.469962 0.041328 0.187735
16 0.508394 0.720275 0.022632 0.210084
17 0.526598 0.714688 0.019680 0.198909
18 0.542342 0.707983 0.021648 0.194439
19 0.566450 0.714688 0.026568 0.189970
20 0.589574 0.712453 0.039360 0.181030
21 0.624506 0.701278 0.060024 0.194439
22 0.670262 0.666637 0.074784 0.160915
23 0.718478 0.639818 0.074784 0.116217
24 0.486254 0.722510 0.023616 0.196674
25 0.465590 0.725863 0.027552 0.225729
26 0.444926 0.721393 0.027552 0.207849
27 0.424754 0.719158 0.026568 0.212319
28 0.402614 0.713571 0.037392 0.201144
29 0.373093 0.714688 0.062976 0.216789
30 0.330289 0.678929 0.065928 0.194439
31 0.283549 0.664402 0.057072 0.156446