0 0.479400 0.387369 0.039106 0.277215
1 0.455432 0.390183 0.051721 0.265957
2 0.422949 0.383851 0.037214 0.295508
3 0.404342 0.398627 0.041629 0.291287
4 0.373436 0.403552 0.046675 0.292694
5 0.345999 0.412698 0.048567 0.268772
6 0.298062 0.415513 0.056136 0.206856
8 0.513145 0.383851 0.035952 0.278622
9 0.538374 0.376112 0.040998 0.282844
10 0.568965 0.375408 0.044152 0.295508
11 0.596402 0.403552 0.039737 0.253293
12 0.621947 0.401441 0.037844 0.246257
14 0.704889 0.404255 0.054874 0.204041
16 0.512829 0.676545 0.027753 0.250478
17 0.538374 0.680063 0.029645 0.271586
18 0.561081 0.696949 0.032168 0.296915
19 0.587257 0.701171 0.027753 0.277215
20 0.615955 0.689913 0.043521 0.265957
21 0.654115 0.681470 0.075689 0.260329
22 0.700790 0.654030 0.080735 0.230778
24 0.492805 0.688687 0.035124 0.275456
25 0.472316 0.690468 0.037785 0.286142
26 0.451028 0.698779 0.047365 0.281392
27 0.424419 0.708278 0.042043 0.267145
28 0.394616 0.705310 0.033528 0.254084
30 0.303080 0.678595 0.085682 0.264770
31 0.260771 0.626947 0.093665 0.227964