0 0.505532 0.345249 0.042231 0.316065
1 0.486404 0.329831 0.048690 0.344698
2 0.466034 0.334787 0.047696 0.321572
3 0.443676 0.333135 0.051671 0.335888
4 0.419331 0.333686 0.053658 0.308356
5 0.388527 0.338641 0.057633 0.274217
8 0.530126 0.351857 0.034779 0.309458
9 0.557452 0.353509 0.033785 0.286331
10 0.580555 0.349654 0.037263 0.305053
11 0.597696 0.374983 0.027823 0.274217
12 0.617818 0.352958 0.026332 0.302850
13 0.642659 0.348002 0.042231 0.297344
14 0.680171 0.351306 0.039747 0.284128
16 0.518698 0.691599 0.024842 0.222457
17 0.539566 0.692150 0.024842 0.221356
18 0.560681 0.685542 0.026332 0.230166
19 0.581052 0.687745 0.032294 0.236774
20 0.609371 0.687745 0.042231 0.249989
21 0.646386 0.666821 0.071545 0.245584
22 0.680171 0.632131 0.064589 0.211444
23 0.710975 0.605700 0.045709 0.200432
24 0.499819 0.685542 0.025836 0.227964
25 0.479697 0.686093 0.024345 0.244483
26 0.459078 0.680036 0.029810 0.245584
27 0.435727 0.676732 0.033785 0.241179
28 0.407655 0.645897 0.062105 0.205938
29 0.382317 0.623321 0.082972 0.233470
30 0.339589 0.600744 0.088934 0.230166
31 0.303568 0.563852 0.068564 0.207039