6 0.299875 0.420856 0.050498 0.274725
5 0.344840 0.453004 0.058799 0.239654
4 0.385999 0.423778 0.048423 0.298106
3 0.414015 0.449351 0.049115 0.261574
2 0.436843 0.404051 0.043581 0.352174
1 0.469701 0.413549 0.040122 0.321487
0 0.500830 0.418664 0.040122 0.343407
8 0.539914 0.410627 0.042197 0.356558
9 0.570351 0.396014 0.038046 0.368249
10 0.596638 0.404781 0.036663 0.377017
11 0.621195 0.412088 0.042889 0.333177
12 0.648866 0.417933 0.035971 0.289338
13 0.672039 0.407704 0.036663 0.239654
14 0.709394 0.391630 0.049115 0.274725
31 0.247302 0.667086 0.078168 0.165127
30 0.302988 0.697773 0.107914 0.238193
29 0.347607 0.746727 0.067100 0.189970
28 0.392916 0.749649 0.052573 0.271803
27 0.423354 0.746727 0.037355 0.263035
26 0.454483 0.764993 0.040122 0.320026
25 0.478694 0.739420 0.037355 0.280570
24 0.497717 0.728460 0.028362 0.267419
16 0.520545 0.740151 0.025595 0.276187
17 0.539568 0.739420 0.029054 0.283493
18 0.560321 0.745265 0.034588 0.295184
19 0.589375 0.744535 0.034588 0.284954
20 0.623616 0.740151 0.062950 0.290800
22 0.686566 0.664163 0.101688 0.232347
23 0.736718 0.634206 0.073326 0.172434