0 0.488883 0.397819 0.035202 0.279367
1 0.458672 0.392790 0.030473 0.271545
2 0.430301 0.383292 0.034676 0.315126
3 0.408497 0.387761 0.038354 0.319596
4 0.387218 0.431343 0.040981 0.234668
5 0.347813 0.427432 0.065149 0.253665
6 0.302366 0.445311 0.062522 0.226846
7 0.262436 0.439724 0.064624 0.253665
8 0.525923 0.395584 0.040981 0.292777
9 0.556396 0.415698 0.030473 0.257018
10 0.586607 0.406758 0.041506 0.290542
11 0.604470 0.426594 0.039405 0.264281
12 0.631476 0.404160 0.036620 0.261208
13 0.669659 0.441204 0.062969 0.234612
14 0.712308 0.449278 0.051804 0.226064
16 0.513576 0.676767 0.025009 0.223214
17 0.539478 0.691489 0.029475 0.250760
18 0.566944 0.709536 0.031708 0.300152
19 0.589496 0.683891 0.036620 0.241261
20 0.620757 0.707162 0.047338 0.272606
21 0.658048 0.691489 0.062076 0.260258
22 0.712085 0.690065 0.079046 0.247910
23 0.757190 0.645422 0.065648 0.217515
24 0.490354 0.675342 0.026795 0.227964
25 0.466461 0.680566 0.030815 0.234612
26 0.442569 0.692439 0.035727 0.252660
27 0.418453 0.699563 0.033941 0.259309
28 0.391658 0.700513 0.044659 0.253609
29 0.351242 0.703837 0.074580 0.273556
30 0.294971 0.687215 0.094230 0.251710
31 0.243837 0.660619 0.085745 0.219415