8 0.514473 0.473131 0.032317 0.257190
9 0.541250 0.478977 0.026777 0.206531
10 0.566642 0.458518 0.027700 0.255241
11 0.587417 0.468260 0.036010 0.243551
12 0.610962 0.459493 0.031393 0.218221
13 0.646049 0.449751 0.044320 0.237706
14 0.683905 0.430267 0.040627 0.218221
15 0.711605 0.395195 0.035087 0.194841
0 0.483080 0.474106 0.037857 0.263035
1 0.458150 0.473131 0.037857 0.222118
2 0.434605 0.470209 0.036933 0.231860
3 0.412445 0.463389 0.033240 0.233809
4 0.390746 0.460467 0.036010 0.235757
5 0.355198 0.457544 0.044320 0.257190
6 0.319188 0.441957 0.051707 0.249396
7 0.292411 0.405911 0.053553 0.185099
16 0.510318 0.717656 0.024007 0.204583
17 0.529708 0.718631 0.022160 0.198737
18 0.549560 0.719605 0.023083 0.220170
19 0.572182 0.704018 0.029547 0.216273
20 0.605422 0.705966 0.049860 0.220170
21 0.652050 0.692327 0.084024 0.220170
22 0.690369 0.658230 0.073867 0.194841
23 0.729149 0.616339 0.070173 0.192892
24 0.487697 0.718631 0.024930 0.206531
25 0.467383 0.719605 0.032317 0.208479
26 0.441068 0.718631 0.025853 0.218221
27 0.422601 0.714734 0.031393 0.218221
28 0.402750 0.709863 0.037857 0.220170
29 0.358430 0.699147 0.072944 0.233809
30 0.314109 0.668946 0.082177 0.216273
31 0.269789 0.619262 0.082177 0.206531