8 0.554153 0.502065 0.045814 0.230963
9 0.585306 0.503814 0.043982 0.234462
10 0.616002 0.494191 0.041233 0.253709
11 0.642116 0.493316 0.042149 0.234462
12 0.669605 0.495941 0.043982 0.236212
13 0.707631 0.493316 0.054061 0.223964
14 0.744282 0.475819 0.035735 0.213466
15 0.774062 0.454822 0.042149 0.206467
0 0.510629 0.500315 0.041233 0.234462
1 0.473977 0.502940 0.037568 0.215216
2 0.443740 0.498565 0.032070 0.234462
3 0.414419 0.487192 0.032070 0.208217
4 0.384181 0.484567 0.035735 0.223964
5 0.349362 0.482818 0.050396 0.216965
6 0.309504 0.460071 0.045814 0.213466
7 0.277892 0.432076 0.044898 0.213466
16 0.532620 0.747025 0.024740 0.216965
17 0.558734 0.747025 0.027489 0.227464
18 0.590346 0.747025 0.035735 0.237962
19 0.627456 0.738277 0.034819 0.209966
22 0.753903 0.706782 0.100792 0.195969
23 0.791471 0.664789 0.084298 0.188970
24 0.503299 0.727779 0.035735 0.188970
25 0.473977 0.731278 0.041233 0.202968
26 0.446489 0.736527 0.046731 0.237962
27 0.416251 0.720780 0.035735 0.202968
28 0.383265 0.723404 0.055894 0.232713
30 0.293927 0.677912 0.104457 0.183721
31 0.266438 0.627170 0.080633 0.159225