0 0.470358 0.353763 0.047010 0.246305
1 0.430653 0.366209 0.045105 0.237134
2 0.399842 0.362279 0.060986 0.268578
3 0.368714 0.370139 0.053363 0.271198
4 0.350926 0.365554 0.044469 0.254166
6 0.288987 0.387826 0.067974 0.246305
7 0.248965 0.407478 0.059081 0.209622
8 0.511651 0.351142 0.041928 0.238445
9 0.541827 0.352453 0.031129 0.212242
10 0.572637 0.338696 0.043199 0.247616
11 0.604401 0.353108 0.036846 0.226653
12 0.631083 0.348522 0.047010 0.227964
13 0.677458 0.350487 0.072421 0.231894
14 0.718116 0.335421 0.050822 0.220103
16 0.510380 0.611204 0.040658 0.218793
17 0.536109 0.607929 0.040022 0.233204
18 0.561202 0.613169 0.041928 0.262027
19 0.593919 0.611859 0.050187 0.251546
20 0.628542 0.592207 0.062257 0.227964
21 0.674599 0.586312 0.084492 0.231894
22 0.723833 0.565350 0.082586 0.224033
23 0.773702 0.526701 0.074327 0.217482
24 0.488146 0.615135 0.044469 0.213552
25 0.460829 0.598758 0.043199 0.241065
26 0.435100 0.626926 0.036211 0.252856
27 0.400160 0.636752 0.034940 0.248926
28 0.368714 0.636752 0.033034 0.238445
29 0.325833 0.621030 0.062892 0.246305