0 0.481412 0.414131 0.029329 0.329848
1 0.459443 0.429372 0.022340 0.296598
2 0.440765 0.413439 0.028200 0.333366
4 0.398099 0.425287 0.036624 0.324378
5 0.352136 0.417116 0.078741 0.352159
6 0.334190 0.474720 0.066289 0.269634
8 0.508519 0.411397 0.029665 0.324378
9 0.533789 0.408128 0.026735 0.317842
10 0.557045 0.405677 0.028566 0.324378
12 0.601726 0.398323 0.031496 0.326012
13 0.638899 0.390153 0.061894 0.311305
23 0.698778 0.634049 0.085699 0.225512
22 0.666549 0.680214 0.088629 0.236134
20 0.592936 0.716982 0.056400 0.259012
19 0.562355 0.712488 0.040652 0.264732
18 0.542029 0.714122 0.045413 0.264732
17 0.518224 0.703909 0.032229 0.224695
16 0.501011 0.713305 0.037356 0.243488
24 0.481600 0.707994 0.035891 0.227964
25 0.461457 0.716165 0.032229 0.252476
26 0.442047 0.729647 0.030031 0.281073
27 0.423918 0.729238 0.042850 0.268817
29 0.367518 0.712897 0.088995 0.245939