0 0.495816 0.516018 0.055788 0.232108
1 0.462850 0.526898 0.040573 0.205513
2 0.432420 0.514809 0.040573 0.244197
3 0.398821 0.522062 0.041841 0.205513
4 0.370293 0.519645 0.048181 0.186170
5 0.327818 0.497884 0.059592 0.210348
6 0.281539 0.494258 0.055788 0.183752
7 0.266324 0.396337 0.063395 0.123308
8 0.529094 0.514906 0.047031 0.216477
9 0.563962 0.506402 0.042165 0.208746
10 0.595991 0.494031 0.041354 0.239671
11 0.626399 0.504082 0.051896 0.185552
12 0.658834 0.496351 0.042165 0.179367
13 0.703026 0.477023 0.059194 0.202561
14 0.749651 0.458467 0.061626 0.193283
16 0.528404 0.724528 0.045292 0.169993
17 0.561834 0.730698 0.054638 0.182332
18 0.594185 0.732754 0.060389 0.216605
19 0.630131 0.727270 0.054638 0.186444
20 0.672188 0.717674 0.078362 0.189186
21 0.722872 0.696425 0.097773 0.209750
22 0.774993 0.646386 0.100648 0.186444
23 0.819926 0.629250 0.066859 0.119270
24 0.500007 0.714932 0.031632 0.148059
25 0.471610 0.738238 0.039540 0.189186
26 0.442134 0.749205 0.040978 0.202895
27 0.406548 0.748519 0.051762 0.193299
28 0.361256 0.749205 0.064703 0.219346
29 0.315964 0.724528 0.094897 0.211121
30 0.261327 0.673119 0.090584 0.182332
31 0.218191 0.655297 0.066140 0.111044