0 0.481585 0.479272 0.046620 0.242739
1 0.453419 0.471884 0.031080 0.253293
2 0.424767 0.475051 0.032051 0.230074
3 0.398543 0.470829 0.037879 0.280733
4 0.370862 0.454998 0.040793 0.240628
6 0.326671 0.444444 0.045649 0.211077
8 0.521406 0.465552 0.036908 0.278622
9 0.548116 0.461331 0.033994 0.287065
10 0.569969 0.438112 0.025253 0.261736
11 0.599592 0.437057 0.026224 0.276511
14 0.693803 0.413838 0.041764 0.251182
16 0.514608 0.719900 0.025253 0.187859
17 0.537918 0.713568 0.029138 0.204745
18 0.569483 0.700903 0.028166 0.242739
19 0.601535 0.706180 0.032051 0.249071
20 0.632615 0.687183 0.045649 0.244850
24 0.488384 0.719900 0.025253 0.196302
25 0.463617 0.731510 0.024281 0.219520
26 0.430109 0.722011 0.029138 0.251182
27 0.402428 0.707236 0.032051 0.217410
28 0.375233 0.706180 0.035936 0.240628
30 0.314044 0.657633 0.082556 0.198413
31 0.274709 0.601697 0.071873 0.187859
23 0.760334 0.576368 0.075758 0.120314