0 0.454110 0.444990 0.060447 0.286311
1 0.433646 0.432099 0.039669 0.309379
2 0.401534 0.440919 0.049743 0.335161
3 0.377922 0.451775 0.037780 0.302594
4 0.349902 0.457881 0.038409 0.301238
5 0.318419 0.461952 0.051002 0.255102
6 0.276232 0.476200 0.053521 0.245604
7 0.264268 0.390035 0.063596 0.127551
8 0.499131 0.434813 0.043447 0.295810
9 0.531873 0.423958 0.043447 0.301238
10 0.565245 0.418530 0.038409 0.331090
11 0.599562 0.434135 0.050373 0.310736
12 0.630415 0.428029 0.037780 0.317521
13 0.665991 0.428707 0.054780 0.280884
14 0.701567 0.429386 0.064225 0.246960
15 0.717938 0.334401 0.060447 0.157403
16 0.507317 0.717054 0.037150 0.252388
17 0.529040 0.731980 0.026446 0.282241
18 0.557060 0.736051 0.037150 0.287668
19 0.587283 0.717054 0.053521 0.268671
20 0.618766 0.710948 0.061077 0.264601
21 0.663472 0.689237 0.087523 0.234748
22 0.707234 0.659384 0.093190 0.221179
23 0.745328 0.628854 0.062336 0.184542
24 0.487482 0.715018 0.045335 0.245604
25 0.471111 0.727231 0.052891 0.272742
26 0.452221 0.739443 0.059188 0.278170
27 0.416331 0.734015 0.044076 0.261887
28 0.388941 0.727909 0.045965 0.284954
29 0.340772 0.715697 0.070522 0.241533
30 0.300474 0.694665 0.079337 0.248317
31 0.256083 0.672954 0.058558 0.164188