0 0.485796 0.490379 0.031034 0.233759
1 0.458045 0.493921 0.028646 0.229251
2 0.432681 0.494887 0.029840 0.254366
3 0.409853 0.505190 0.037897 0.223456
4 0.382848 0.503580 0.034614 0.236979
6 0.329285 0.511952 0.067737 0.208645
7 0.295864 0.510020 0.051623 0.198341
8 0.516830 0.490057 0.035211 0.233115
9 0.544581 0.482330 0.030437 0.226676
10 0.573824 0.488125 0.032227 0.230539
11 0.597398 0.487159 0.036405 0.240199
12 0.624851 0.484583 0.042373 0.236335
14 0.699003 0.485227 0.052220 0.202849
16 0.516084 0.686144 0.026558 0.193833
17 0.538613 0.689686 0.028646 0.208645
18 0.566663 0.710615 0.038195 0.249214
19 0.592176 0.714479 0.039090 0.226032
20 0.624552 0.718343 0.053115 0.237623
21 0.667671 0.699024 0.084447 0.246639
22 0.716609 0.671977 0.082060 0.206713
23 0.766442 0.653302 0.071318 0.156483
24 0.491317 0.700634 0.027154 0.222812
25 0.468340 0.703532 0.027751 0.236335
26 0.446855 0.723494 0.027154 0.246639
27 0.422928 0.723472 0.031778 0.232832
28 0.400908 0.723049 0.043450 0.230292
29 0.348869 0.728446 0.093780 0.243627
30 0.304174 0.695239 0.085208 0.195726
31 0.257301 0.667279 0.075300 0.174673