0 0.498233 0.374240 0.050648 0.312817
1 0.472615 0.381206 0.040636 0.303951
2 0.448469 0.382472 0.038280 0.301418
3 0.421084 0.385005 0.042403 0.303951
6 0.313604 0.413501 0.078327 0.252026
8 0.537397 0.379306 0.039458 0.310284
9 0.572733 0.364742 0.046525 0.334347
10 0.596172 0.372878 0.037837 0.322108
12 0.616811 0.382293 0.032834 0.279070
15 0.717971 0.375904 0.061290 0.252845
17 0.554895 0.653966 0.019700 0.226619
18 0.580850 0.657665 0.026580 0.238050
19 0.608212 0.629421 0.038150 0.236705
20 0.638857 0.630094 0.048782 0.250155
22 0.719222 0.606222 0.091310 0.233343
25 0.490634 0.654639 0.037525 0.227964
26 0.469058 0.662036 0.045030 0.252172
27 0.440602 0.655647 0.031271 0.219222
28 0.410269 0.658337 0.049407 0.260914
31 0.287220 0.608239 0.100378 0.194341