0 0.471652 0.468223 0.033118 0.177043
1 0.443372 0.468223 0.025676 0.180057
2 0.417882 0.465209 0.026792 0.180057
3 0.395555 0.462949 0.032746 0.174030
4 0.368949 0.464079 0.035351 0.167249
5 0.334157 0.455415 0.043909 0.171016
6 0.298806 0.423397 0.051352 0.176290
8 0.498259 0.462949 0.033490 0.180057
9 0.524865 0.452778 0.031630 0.179303
10 0.548308 0.443361 0.028653 0.186084
11 0.568216 0.437334 0.034979 0.168003
12 0.594803 0.426007 0.029532 0.174208
13 0.626618 0.420979 0.042687 0.163608
14 0.658767 0.411331 0.049802 0.142138
15 0.671050 0.282781 0.043224 0.149204
16 0.496728 0.634256 0.019840 0.122834
17 0.515562 0.635421 0.020703 0.156599
18 0.541440 0.644735 0.033355 0.182214
19 0.561425 0.642115 0.035943 0.192111
20 0.590754 0.627561 0.048594 0.181632
21 0.626840 0.613008 0.075336 0.188618
22 0.677367 0.571529 0.085597 0.175301
24 0.477705 0.652176 0.021152 0.153288
25 0.457838 0.655578 0.024118 0.150487
26 0.433720 0.668185 0.026094 0.188509
27 0.409207 0.658779 0.034002 0.173700
28 0.378962 0.662181 0.047049 0.181304
29 0.336855 0.644571 0.084609 0.178103
30 0.295637 0.608751 0.075713 0.182505