0 0.473686 0.443633 0.031417 0.278170
1 0.450751 0.436849 0.025762 0.270028
2 0.424676 0.436849 0.031417 0.270028
3 0.410853 0.438206 0.040213 0.305308
4 0.386348 0.448383 0.046496 0.287668
5 0.355245 0.489090 0.055921 0.219822
6 0.319745 0.482984 0.045240 0.223893
8 0.499447 0.442276 0.036443 0.264601
9 0.524266 0.436849 0.029532 0.259173
10 0.556625 0.433456 0.036443 0.257816
11 0.579873 0.434135 0.045240 0.286311
12 0.608777 0.436849 0.046496 0.289025
13 0.641136 0.483663 0.058435 0.219822
14 0.678207 0.468736 0.040841 0.200825
15 0.703340 0.388678 0.038328 0.094985
16 0.503531 0.711626 0.024505 0.230677
17 0.526151 0.715018 0.024505 0.237462
18 0.551913 0.736051 0.034558 0.274099
19 0.582072 0.718411 0.034558 0.230677
20 0.615688 0.725874 0.037700 0.253745
22 0.687632 0.698735 0.073515 0.204896
23 0.736328 0.644458 0.051523 0.123480
24 0.482796 0.706198 0.028275 0.206253
25 0.469601 0.730623 0.044611 0.249674
26 0.445097 0.740122 0.043355 0.284954
27 0.424676 0.736729 0.049010 0.261887
28 0.389489 0.735372 0.037700 0.232034
30 0.311262 0.703485 0.092365 0.211680