0 0.488810 0.444261 0.030699 0.207849
1 0.465538 0.440908 0.025748 0.227964
2 0.437314 0.454318 0.026738 0.227964
3 0.418004 0.471080 0.029709 0.221259
4 0.395227 0.471080 0.035651 0.221259
5 0.371955 0.481137 0.042583 0.227964
6 0.336799 0.490077 0.047534 0.223494
8 0.514062 0.445378 0.023767 0.205614
9 0.540305 0.435321 0.024757 0.207849
10 0.567538 0.442026 0.029709 0.212319
11 0.601208 0.448731 0.037631 0.230198
13 0.665082 0.480020 0.052486 0.212319
14 0.702218 0.483372 0.053476 0.205614
16 0.513072 0.673342 0.021786 0.196674
17 0.530897 0.681164 0.017825 0.225729
18 0.555159 0.672224 0.020796 0.198909
19 0.576451 0.696809 0.023767 0.230198
20 0.598237 0.692339 0.023767 0.216789
24 0.493266 0.691221 0.027728 0.227964
25 0.471975 0.701278 0.022777 0.261488
22 0.645810 0.688070 0.066405 0.217410
23 0.694912 0.683848 0.078563 0.200523
26 0.455387 0.705357 0.021886 0.248860
27 0.436869 0.716755 0.025253 0.237462
28 0.418350 0.724354 0.021886 0.199468
29 0.379630 0.721505 0.048822 0.227964
30 0.335438 0.723404 0.064815 0.224164