0 0.473832 0.406397 0.037247 0.269411
1 0.444476 0.396035 0.032828 0.298425
2 0.415751 0.406397 0.035985 0.310859
3 0.394918 0.417450 0.030934 0.299807
5 0.314110 0.429193 0.061237 0.265267
8 0.510133 0.404324 0.039141 0.248687
9 0.540436 0.406397 0.032828 0.285991
10 0.563163 0.405015 0.041667 0.288754
13 0.675221 0.443009 0.054924 0.204476
17 0.532544 0.700677 0.020833 0.269411
18 0.548958 0.704131 0.034722 0.268030
19 0.577052 0.689624 0.027778 0.211384
23 0.715941 0.648176 0.087121 0.158884
24 0.485511 0.688933 0.021465 0.232108
25 0.469729 0.694460 0.029040 0.251451
26 0.449527 0.724164 0.037879 0.297043
27 0.419223 0.727618 0.031566 0.281846
31 0.281282 0.635742 0.085227 0.178226