0 0.483567 0.421698 0.035570 0.276568
1 0.459496 0.409165 0.028800 0.266932
2 0.435671 0.396825 0.033280 0.295508
3 0.414499 0.388311 0.042113 0.287208
4 0.385654 0.401834 0.044421 0.244707
5 0.349886 0.385091 0.062881 0.255010
6 0.321042 0.358044 0.080188 0.224100
7 0.296120 0.269411 0.064360 0.178226
8 0.515852 0.424784 0.036269 0.272809
9 0.544867 0.430390 0.027341 0.249140
10 0.572487 0.424784 0.033479 0.275300
11 0.598712 0.424162 0.035711 0.279037
12 0.627727 0.434750 0.034595 0.232946
13 0.660648 0.433504 0.047986 0.220489
14 0.699149 0.420425 0.051334 0.209278
15 0.719515 0.335717 0.042964 0.134536
16 0.513620 0.683268 0.021761 0.194330
17 0.535660 0.687628 0.025667 0.205541
18 0.562722 0.698839 0.038501 0.232946
19 0.595922 0.695725 0.045754 0.221735
20 0.623263 0.695725 0.045754 0.229209
21 0.665949 0.676416 0.074211 0.227964
22 0.708355 0.639668 0.069189 0.209278
23 0.759410 0.606034 0.065284 0.156958
24 0.491022 0.678285 0.026225 0.191838
25 0.472330 0.687628 0.029015 0.215507
26 0.447221 0.683268 0.030131 0.246649
27 0.423786 0.665205 0.035711 0.208032
28 0.392818 0.664582 0.049660 0.221735
29 0.345668 0.646520 0.088161 0.232946
30 0.298798 0.612886 0.084813 0.215507
31 0.234351 0.559943 0.083697 0.149484