0 0.494208 0.449762 0.029560 0.219361
1 0.469365 0.431123 0.026415 0.245168
2 0.447352 0.415352 0.031447 0.273843
3 0.430371 0.409617 0.036478 0.262373
4 0.415591 0.413202 0.033333 0.243735
5 0.389805 0.417503 0.052201 0.235132
6 0.354899 0.394563 0.057862 0.209325
7 0.319365 0.352268 0.061006 0.219361
8 0.518421 0.448328 0.027673 0.230831
9 0.543264 0.424672 0.024528 0.243735
10 0.567164 0.409617 0.030818 0.259506
11 0.586660 0.396714 0.029560 0.256638
12 0.603956 0.403883 0.028931 0.242301
13 0.629742 0.398864 0.042767 0.215060
14 0.664648 0.371624 0.047170 0.217927
16 0.519050 0.659087 0.018868 0.173482
17 0.536346 0.663388 0.019497 0.202156
18 0.562761 0.672707 0.034591 0.229397
19 0.582258 0.666256 0.025786 0.248036
20 0.605528 0.665539 0.042138 0.258072
21 0.639491 0.622527 0.078616 0.215060
22 0.688233 0.594569 0.096855 0.219361
23 0.724082 0.504244 0.089308 0.184952
24 0.493579 0.666973 0.027044 0.174915
25 0.475969 0.668406 0.024528 0.186385
26 0.454899 0.668406 0.030189 0.203590
27 0.432887 0.664822 0.026415 0.225096
28 0.414019 0.658370 0.026415 0.223662
30 0.325969 0.616075 0.099371 0.227964
29 0.375654 0.656220 0.083019 0.245168
31 0.283201 0.546539 0.095597 0.194988