0 0.472546 0.411117 0.036690 0.266393
1 0.443130 0.390625 0.029732 0.292008
2 0.421938 0.388704 0.037955 0.272797
3 0.398849 0.406634 0.043649 0.231814
4 0.369433 0.397029 0.037955 0.220287
5 0.333059 0.385502 0.049975 0.210041
6 0.296369 0.379098 0.057566 0.207480
8 0.505124 0.430328 0.036058 0.256148
9 0.530428 0.405994 0.028467 0.261270
10 0.558578 0.412398 0.037955 0.240779
11 0.571862 0.389985 0.041751 0.247182
12 0.604124 0.374616 0.046812 0.272797
13 0.631642 0.383581 0.062627 0.211322
14 0.676556 0.377177 0.057566 0.203637
16 0.487411 0.666624 0.032262 0.195953
17 0.509552 0.669185 0.037323 0.211322
18 0.539916 0.692239 0.036058 0.239498
19 0.562057 0.660861 0.044914 0.225410
20 0.589575 0.648053 0.061994 0.215164
21 0.637652 0.623079 0.086032 0.206199
22 0.681933 0.591701 0.077176 0.212602
23 0.717675 0.570569 0.055035 0.185707
24 0.468750 0.672387 0.036690 0.212602
25 0.446926 0.673028 0.030997 0.203637
26 0.419408 0.690318 0.048077 0.230533
27 0.397584 0.666624 0.056301 0.229252
28 0.373229 0.657018 0.063259 0.233094
29 0.334641 0.635886 0.082237 0.231814
30 0.286247 0.596183 0.084135 0.211322