0 0.476896 0.468907 0.033566 0.191327
1 0.453271 0.466032 0.028144 0.193940
2 0.429258 0.450872 0.027627 0.215896
3 0.403696 0.438587 0.032275 0.208055
4 0.383815 0.423950 0.035373 0.204918
5 0.345601 0.424212 0.042087 0.214850
6 0.307388 0.412973 0.052931 0.178781
7 0.289701 0.364357 0.056804 0.123369
8 0.504524 0.457668 0.028402 0.212759
9 0.528407 0.448258 0.027111 0.216941
10 0.550612 0.437019 0.033824 0.226874
12 0.588052 0.428655 0.032791 0.208055
13 0.618519 0.414018 0.043119 0.216419
14 0.656862 0.399381 0.049574 0.181917
15 0.679325 0.363050 0.053189 0.146893
16 0.499876 0.648471 0.020656 0.146893
17 0.519370 0.664154 0.021431 0.184531
18 0.541963 0.671734 0.027369 0.217464
19 0.566104 0.663631 0.032791 0.199168
20 0.603285 0.656574 0.065325 0.216419
22 0.670805 0.601947 0.098116 0.205441
23 0.701789 0.542353 0.082108 0.197077
24 0.481544 0.675654 0.020656 0.189758
25 0.460242 0.676177 0.025045 0.193940
26 0.432744 0.682712 0.036148 0.219555
27 0.406850 0.677036 0.042345 0.218958
28 0.371956 0.661652 0.070231 0.218061
29 0.326956 0.645671 0.099444 0.220152
30 0.288816 0.591454 0.093985 0.178034
31 0.249422 0.561732 0.078345 0.154435