0 0.488226 0.402062 0.036587 0.321265
1 0.460666 0.421781 0.036587 0.270286
2 0.435245 0.404948 0.038963 0.284714
3 0.414576 0.401100 0.047991 0.282790
4 0.382978 0.394848 0.042764 0.276057
5 0.348529 0.384749 0.049892 0.277019
6 0.300300 0.376573 0.053218 0.268362
7 0.270365 0.310204 0.055118 0.193336
8 0.521249 0.403986 0.032311 0.319341
9 0.550841 0.419707 0.033947 0.268661
10 0.573282 0.411179 0.039623 0.260047
11 0.594136 0.397248 0.047130 0.289598
12 0.619369 0.397248 0.040874 0.276089
13 0.653570 0.388382 0.052553 0.266802
14 0.700701 0.382472 0.059226 0.249916
15 0.719261 0.312817 0.068819 0.166329
23 0.770979 0.631121 0.099683 0.189970
22 0.711545 0.660672 0.090090 0.267646
21 0.655447 0.701199 0.083834 0.296353
20 0.612905 0.715974 0.061311 0.280311
19 0.581415 0.718507 0.043377 0.287065
18 0.554721 0.724417 0.031698 0.307329
17 0.530739 0.716396 0.029613 0.286221
16 0.507799 0.715130 0.025442 0.263425
24 0.485277 0.707109 0.032950 0.240628
25 0.461086 0.717241 0.037120 0.276089
26 0.441275 0.717241 0.033367 0.289598
27 0.409368 0.720196 0.054638 0.297197
28 0.376210 0.718929 0.064231 0.303107
29 0.335961 0.689379 0.083834 0.277778
30 0.287996 0.658983 0.092176 0.267646
31 0.232733 0.626900 0.086753 0.183215