0 0.475081 0.429193 0.039870 0.263885
1 0.440591 0.425739 0.034174 0.259740
2 0.417176 0.417450 0.034174 0.281846
3 0.397874 0.427121 0.033541 0.254214
4 0.372243 0.422285 0.031643 0.252832
5 0.342183 0.433338 0.051261 0.233490
6 0.305794 0.430575 0.039237 0.225200
7 0.272885 0.440937 0.049362 0.229345
8 0.508623 0.430575 0.041135 0.250069
9 0.534886 0.405706 0.036705 0.272175
10 0.558301 0.418831 0.043034 0.256977
11 0.587729 0.436101 0.033541 0.230727
12 0.619688 0.431956 0.054425 0.239016
13 0.663671 0.443700 0.052527 0.221056
14 0.707654 0.455443 0.056957 0.214148
16 0.512103 0.702059 0.029111 0.243161
17 0.532355 0.701368 0.040502 0.227964
18 0.557036 0.726927 0.040502 0.303951
19 0.586780 0.699295 0.054425 0.248687
20 0.598487 0.713802 0.070246 0.219674
21 0.635509 0.690315 0.086068 0.241779
22 0.688985 0.665446 0.091763 0.216911
24 0.492801 0.702059 0.022150 0.229345
25 0.471917 0.704822 0.031010 0.245924
26 0.447552 0.712421 0.036705 0.250069
27 0.423504 0.711730 0.044300 0.251451
28 0.397557 0.695151 0.043034 0.226582
29 0.356422 0.694460 0.075942 0.252832
30 0.318134 0.682716 0.056324 0.240398
31 0.254849 0.664065 0.089232 0.120199