0 0.501125 0.474640 0.041287 0.232500
1 0.463063 0.465567 0.041545 0.233634
2 0.432485 0.465000 0.042836 0.242707
3 0.401648 0.476058 0.030707 0.216055
7 0.267206 0.493637 0.044642 0.193372
6 0.300365 0.485131 0.055222 0.201311
5 0.343330 0.489101 0.064253 0.213787
4 0.379327 0.470671 0.035094 0.204146
8 0.540000 0.471457 0.039121 0.238502
9 0.572432 0.473399 0.028268 0.231291
10 0.601584 0.477004 0.032054 0.237393
11 0.625309 0.475063 0.034073 0.232401
12 0.653451 0.480887 0.030287 0.216316
13 0.689544 0.486156 0.046441 0.198012
14 0.726898 0.474785 0.038364 0.190802
15 0.759710 0.485601 0.036850 0.201340
22 0.714657 0.681672 0.068399 0.198567
21 0.667838 0.705799 0.079757 0.207996
20 0.630483 0.708850 0.044422 0.205223
19 0.597167 0.710514 0.030792 0.212988
18 0.570413 0.717447 0.034831 0.242385
17 0.539495 0.708573 0.032559 0.221308
16 0.517799 0.694253 0.028990 0.201867
24 0.491331 0.702740 0.029485 0.207347
25 0.468681 0.705391 0.032970 0.223251
26 0.441877 0.714816 0.037259 0.256238
27 0.411453 0.715110 0.035382 0.252115
28 0.379421 0.713049 0.038867 0.247991
30 0.305708 0.693021 0.099446 0.211470