0 0.478451 0.487287 0.030084 0.176620
1 0.449338 0.483180 0.022320 0.193050
2 0.426047 0.475992 0.024261 0.199211
3 0.403241 0.486261 0.023291 0.190996
4 0.379951 0.465723 0.032995 0.211534
5 0.335310 0.488314 0.060168 0.232071
6 0.297462 0.468804 0.038818 0.217695
8 0.512902 0.486261 0.032995 0.166352
9 0.542016 0.480099 0.029113 0.178674
10 0.573070 0.484207 0.034936 0.215641
11 0.600243 0.484207 0.023291 0.190996
12 0.623048 0.477019 0.026202 0.197158
13 0.654588 0.465723 0.032995 0.199211
14 0.706507 0.462643 0.033966 0.180728
17 0.533282 0.693687 0.017468 0.199211
16 0.507565 0.715251 0.022320 0.213587
18 0.559969 0.704982 0.026202 0.209480
19 0.590053 0.704982 0.028143 0.193050
20 0.615350 0.712956 0.042190 0.199468
22 0.674285 0.695581 0.061456 0.189970
23 0.718823 0.653203 0.067670 0.151976
24 0.483704 0.725538 0.022787 0.232347
25 0.465060 0.718231 0.033835 0.206044
26 0.441928 0.728460 0.034526 0.211889
27 0.413962 0.735036 0.028311 0.198737
28 0.379782 0.736498 0.048336 0.216273
29 0.341804 0.724076 0.064908 0.214812
30 0.293813 0.684621 0.068361 0.141747