0 0.510906 0.474660 0.038742 0.243794
1 0.479912 0.472813 0.034868 0.236407
2 0.447951 0.470966 0.043584 0.280733
3 0.413567 0.478354 0.048427 0.225325
5 0.332210 0.463579 0.061987 0.221631
6 0.288141 0.470966 0.055207 0.173611
8 0.550132 0.473737 0.042616 0.253029
9 0.578219 0.479277 0.034868 0.227172
10 0.608567 0.478354 0.034222 0.251182
11 0.638269 0.484818 0.040679 0.227172
12 0.679916 0.492206 0.061987 0.193927
13 0.727859 0.479277 0.055207 0.193927
16 0.542383 0.712503 0.032715 0.206856
17 0.569503 0.712503 0.033576 0.210139
18 0.604370 0.720712 0.053377 0.256107
19 0.638807 0.711682 0.061987 0.208498
20 0.687880 0.702653 0.096424 0.216706
21 0.742549 0.668998 0.100728 0.205214
22 0.789469 0.619747 0.101589 0.183872
24 0.514403 0.714966 0.030132 0.210139
25 0.491158 0.713324 0.035298 0.210139
26 0.458874 0.720712 0.043046 0.244615
27 0.413244 0.714145 0.074040 0.215064
28 0.361589 0.696907 0.106755 0.223273
29 0.304768 0.670640 0.106755 0.213423
30 0.256986 0.620567 0.100728 0.185514