0 0.483053 0.378854 0.043702 0.197568
1 0.450034 0.376683 0.030106 0.240990
2 0.422842 0.377768 0.028164 0.217108
3 0.396440 0.393121 0.028441 0.212456
4 0.373548 0.390019 0.033990 0.212456
5 0.336090 0.383816 0.046477 0.215557
6 0.294122 0.380715 0.044396 0.209354
7 0.255275 0.376062 0.040234 0.221760
8 0.515060 0.378388 0.033990 0.204702
9 0.544195 0.379939 0.031216 0.217108
10 0.571595 0.395447 0.034684 0.201600
11 0.598302 0.403201 0.029828 0.210905
12 0.624662 0.400875 0.033990 0.209354
13 0.656571 0.389244 0.047864 0.217108
14 0.703395 0.386918 0.043008 0.206253
15 0.733570 0.311705 0.038153 0.176788
16 0.503614 0.611780 0.026360 0.209354
17 0.523037 0.617207 0.022198 0.207803
18 0.547316 0.614106 0.030522 0.210905
19 0.574370 0.620309 0.030522 0.195397
20 0.601423 0.617207 0.037459 0.195397
21 0.644432 0.613330 0.056882 0.203151
22 0.703048 0.590069 0.074224 0.181440
24 0.477254 0.616432 0.029135 0.206253
25 0.458872 0.608678 0.021504 0.203151
26 0.430430 0.607903 0.035378 0.195397
27 0.407192 0.616432 0.029135 0.203151
28 0.377711 0.609454 0.047864 0.189194
29 0.340945 0.607903 0.053414 0.189194
30 0.288225 0.592395 0.068675 0.192296