0 0.481868 0.428514 0.030743 0.291447
1 0.463155 0.436209 0.031634 0.310684
2 0.437090 0.431880 0.036536 0.294333
3 0.414366 0.434285 0.044556 0.289523
4 0.394094 0.452080 0.039654 0.238544
5 0.360454 0.434766 0.049902 0.252010
6 0.319909 0.423704 0.043664 0.239506
8 0.511498 0.435728 0.030298 0.278943
9 0.533107 0.436209 0.032526 0.279905
10 0.553157 0.430437 0.035199 0.285676
11 0.574098 0.429476 0.048566 0.293371
12 0.604619 0.442942 0.048120 0.256820
13 0.643159 0.424185 0.053021 0.278943
14 0.685932 0.390520 0.045001 0.317418
23 0.736726 0.639164 0.070843 0.185641
22 0.688606 0.661768 0.077972 0.230849
21 0.642936 0.689181 0.073962 0.231811
20 0.606846 0.698800 0.059704 0.235658
19 0.575658 0.706975 0.044556 0.244315
18 0.554271 0.726694 0.041882 0.262591
17 0.532216 0.735832 0.028070 0.273171
16 0.511943 0.735351 0.025842 0.281828
24 0.490334 0.737274 0.022723 0.281828
25 0.467388 0.744969 0.031189 0.277981
26 0.444219 0.741603 0.039209 0.284714
27 0.422609 0.721884 0.036981 0.266438
29 0.360677 0.690143 0.078863 0.241430
30 0.318349 0.653111 0.067279 0.219307