0 0.482930 0.455167 0.036832 0.274099
1 0.449591 0.449061 0.028577 0.261887
2 0.421650 0.440919 0.040007 0.297167
3 0.396883 0.447704 0.037467 0.286311
4 0.372117 0.450418 0.042547 0.291739
5 0.337190 0.432099 0.052708 0.274099
6 0.291468 0.429386 0.052708 0.225250
8 0.520397 0.456524 0.038102 0.274099
9 0.552149 0.449739 0.034292 0.246960
10 0.580090 0.417173 0.036832 0.312093
11 0.604857 0.425315 0.043182 0.295810
12 0.630893 0.440919 0.034292 0.272742
13 0.663915 0.432099 0.055883 0.268671
14 0.713447 0.415816 0.055883 0.246960
16 0.524525 0.713662 0.020956 0.223893
17 0.545481 0.704163 0.031117 0.218465
18 0.571200 0.725195 0.031752 0.276813
19 0.598824 0.730623 0.029847 0.271385
21 0.658200 0.715697 0.093985 0.244247
22 0.702017 0.666848 0.087635 0.211680
24 0.501664 0.721125 0.022226 0.222536
25 0.481660 0.719089 0.035562 0.221179
26 0.460387 0.744871 0.047628 0.283597
27 0.429905 0.738765 0.040007 0.263244
29 0.362591 0.715018 0.087000 0.226607
30 0.308614 0.679738 0.092080 0.207610