0 0.492845 0.422275 0.032456 0.214937
1 0.465306 0.437473 0.026555 0.214937
2 0.445144 0.440729 0.021638 0.221450
3 0.432358 0.447243 0.033440 0.217108
4 0.412196 0.452670 0.022621 0.201911
5 0.391050 0.461355 0.035407 0.206253
6 0.362036 0.441815 0.054094 0.206253
7 0.338923 0.405992 0.051143 0.108554
8 0.521859 0.425532 0.021638 0.199739
9 0.544480 0.429874 0.023605 0.199739
10 0.566609 0.452670 0.030489 0.210595
11 0.597099 0.461355 0.040325 0.210595
12 0.621687 0.463526 0.036390 0.214937
13 0.651193 0.454842 0.042292 0.184542
14 0.677748 0.410334 0.050160 0.130265
16 0.512515 0.648068 0.016720 0.197568
17 0.528252 0.657838 0.018687 0.191055
18 0.544972 0.691489 0.016720 0.232306
19 0.559725 0.677377 0.028522 0.204082
20 0.579887 0.670864 0.027539 0.182371
21 0.617261 0.671950 0.057045 0.188884
22 0.656602 0.651324 0.055077 0.182371
23 0.688567 0.625271 0.040325 0.165002
24 0.491861 0.648068 0.020654 0.223621
25 0.475633 0.655667 0.017703 0.199739
26 0.453504 0.656752 0.018687 0.206253
27 0.419572 0.666522 0.047209 0.195397
28 0.387608 0.661094 0.040325 0.175858
29 0.348758 0.637212 0.051143 0.149805