0 0.491214 0.494343 0.034240 0.276089
1 0.469579 0.484634 0.030854 0.281999
2 0.450578 0.476613 0.030477 0.298041
3 0.435339 0.481256 0.043647 0.280311
4 0.417090 0.490966 0.037250 0.260892
5 0.384167 0.478723 0.058697 0.285377
6 0.348045 0.488433 0.046657 0.235562
8 0.523197 0.476613 0.040260 0.299730
9 0.545020 0.488011 0.034993 0.278622
10 0.562893 0.481678 0.034616 0.284532
11 0.583211 0.477879 0.042142 0.280311
13 0.617827 0.482523 0.045152 0.252448
14 0.656206 0.460993 0.039132 0.239784
22 0.692892 0.631543 0.080144 0.190814
21 0.648117 0.673759 0.068857 0.195880
20 0.615831 0.700130 0.043695 0.213869
19 0.583469 0.716982 0.024852 0.229189
18 0.560392 0.736592 0.021848 0.257378
17 0.542914 0.731383 0.023486 0.242058
16 0.520690 0.732782 0.023888 0.221484
24 0.501001 0.727186 0.021788 0.219717
25 0.481969 0.736022 0.027826 0.246813
26 0.463289 0.742192 0.030367 0.272508
27 0.441106 0.736624 0.030361 0.260062
28 0.422860 0.723142 0.040578 0.233310
30 0.351716 0.697173 0.085073 0.205723
31 0.311520 0.659179 0.074611 0.189043