0 0.488426 0.403286 0.028275 0.269888
1 0.470519 0.395425 0.030160 0.272508
2 0.452300 0.386272 0.029964 0.282844
5 0.387917 0.382050 0.052640 0.230496
6 0.348032 0.337724 0.048996 0.243161
7 0.310779 0.312394 0.059524 0.227964
8 0.515468 0.401891 0.031584 0.275245
9 0.538549 0.406113 0.032394 0.263425
10 0.563856 0.387116 0.032799 0.286221
11 0.583090 0.381628 0.034823 0.276933
12 0.610423 0.371918 0.045756 0.271023
14 0.676020 0.343634 0.048996 0.251604
15 0.718740 0.319571 0.048591 0.233874
16 0.519315 0.675025 0.027940 0.227119
17 0.542800 0.672070 0.027130 0.217832
18 0.568513 0.680935 0.037253 0.245694
19 0.595441 0.661094 0.045756 0.234718
20 0.629657 0.651385 0.063978 0.233874
22 0.706187 0.584684 0.103661 0.210233
23 0.751539 0.535714 0.099611 0.200101
24 0.501093 0.669537 0.022271 0.212766
25 0.481454 0.662361 0.025105 0.213610
26 0.462423 0.677558 0.021866 0.240628
27 0.439747 0.659828 0.036443 0.250760
28 0.417072 0.634921 0.055070 0.234718
30 0.334872 0.586795 0.097182 0.229652
31 0.283042 0.521361 0.113379 0.179838