0 0.476021 0.469647 0.032612 0.259625
1 0.450123 0.466481 0.026857 0.270179
2 0.425184 0.469647 0.034530 0.280733
3 0.401205 0.465426 0.040285 0.280733
4 0.377705 0.472813 0.037408 0.249071
5 0.348450 0.478090 0.049877 0.255404
6 0.308165 0.480201 0.047959 0.204745
7 0.297134 0.365164 0.081530 0.185748
8 0.507194 0.456982 0.037408 0.272290
9 0.534051 0.459093 0.031653 0.255404
10 0.559949 0.461204 0.033571 0.276511
11 0.583928 0.461204 0.031653 0.263847
12 0.607907 0.461204 0.041245 0.255404
13 0.645315 0.456982 0.052755 0.255404
14 0.684162 0.447484 0.047959 0.257514
16 0.503357 0.719774 0.023979 0.236407
17 0.525898 0.731383 0.026857 0.259625
18 0.551316 0.735605 0.037408 0.272290
19 0.577693 0.733494 0.036449 0.268068
20 0.614622 0.722940 0.048918 0.246960
21 0.657305 0.710275 0.082489 0.234296
22 0.707182 0.684946 0.090163 0.230074
23 0.744111 0.651174 0.075775 0.200523
24 0.486572 0.729272 0.028775 0.246960
25 0.464510 0.730328 0.032612 0.236407
26 0.439092 0.745103 0.041245 0.257514
27 0.409837 0.749325 0.040285 0.274401
28 0.378664 0.729272 0.050836 0.259625
30 0.295216 0.680724 0.094959 0.204745
31 0.236706 0.649063 0.089203 0.137200