8 0.521909 0.394662 0.027491 0.225114
9 0.540237 0.395612 0.032489 0.206117
10 0.563979 0.377565 0.034155 0.215616
11 0.583139 0.366166 0.031656 0.196619
12 0.604590 0.360467 0.029573 0.183321
14 0.656864 0.324373 0.040820 0.198518
15 0.692478 0.298252 0.042069 0.174772
0 0.492752 0.394187 0.027491 0.237462
1 0.468802 0.385638 0.021243 0.245061
16 0.522534 0.615502 0.022909 0.178571
17 0.542111 0.618826 0.019577 0.190919
18 0.568352 0.626425 0.027907 0.219415
19 0.595635 0.617401 0.035821 0.229863
20 0.625833 0.610277 0.047068 0.238412
22 0.681231 0.567534 0.099550 0.208017
23 0.722884 0.501045 0.098717 0.208017
24 0.498792 0.623100 0.025408 0.193769
25 0.476091 0.629749 0.024992 0.203267
26 0.453807 0.639723 0.032906 0.225114
27 0.429648 0.635448 0.028740 0.201368
28 0.405490 0.622150 0.027907 0.207067
29 0.365711 0.597454 0.080806 0.212766
30 0.327599 0.565160 0.101216 0.239362
31 0.276574 0.492496 0.102466 0.200418
2 0.447978 0.380366 0.033322 0.250162
3 0.420646 0.367559 0.039313 0.234794
5 0.362613 0.312489 0.052791 0.228817
6 0.326483 0.278764 0.059156 0.219426