6 0.357681 0.328089 0.051134 0.219024
5 0.393573 0.344851 0.046217 0.230198
4 0.418648 0.359378 0.037367 0.250313
3 0.439790 0.370552 0.034417 0.259253
2 0.455523 0.386197 0.022617 0.263723
1 0.469290 0.372787 0.024584 0.241373
0 0.484532 0.377257 0.029500 0.245843
8 0.511082 0.364965 0.033434 0.279367
9 0.534682 0.362730 0.021634 0.261488
10 0.552383 0.368318 0.027534 0.263723
11 0.572541 0.373905 0.032450 0.234668
12 0.589750 0.370552 0.029500 0.232433
13 0.608925 0.344851 0.040317 0.221259
14 0.640392 0.342616 0.048184 0.212319
15 0.669400 0.303504 0.055067 0.223494
24 0.505674 0.683444 0.034417 0.236903
25 0.484040 0.682326 0.036384 0.252548
26 0.467324 0.677856 0.030484 0.274897
27 0.448148 0.670034 0.029500 0.268192
28 0.430940 0.648802 0.056051 0.257018
29 0.389148 0.610808 0.104234 0.243608
30 0.342439 0.540408 0.105218 0.192205
16 0.522391 0.682326 0.032450 0.243608
17 0.542058 0.683444 0.034417 0.236903
18 0.563199 0.678974 0.035400 0.268192
19 0.586308 0.673386 0.042284 0.274897
20 0.598600 0.639862 0.043267 0.261488
22 0.652684 0.571697 0.086534 0.219024
23 0.696442 0.515823 0.093418 0.187735