0 0.482042 0.485698 0.028475 0.286311
1 0.462742 0.491804 0.035436 0.255102
2 0.445024 0.471450 0.040498 0.271385
3 0.426040 0.459916 0.048092 0.261887
4 0.403893 0.449061 0.050623 0.240176
5 0.375101 0.447026 0.061380 0.211680
6 0.338400 0.413102 0.063911 0.206253
7 0.319416 0.319475 0.068973 0.208967
8 0.510200 0.483663 0.029108 0.284954
9 0.537094 0.476878 0.036069 0.295810
10 0.565569 0.461273 0.032272 0.305308
11 0.589931 0.453132 0.041764 0.286311
12 0.614610 0.438206 0.043029 0.283597
13 0.647514 0.449739 0.059482 0.217108
14 0.683899 0.417852 0.060114 0.221179
15 0.705414 0.362218 0.067708 0.191327
16 0.502923 0.737408 0.023413 0.181828
17 0.522540 0.742157 0.031006 0.199468
18 0.549433 0.755726 0.037967 0.234748
19 0.578225 0.750299 0.039865 0.232034
20 0.609864 0.720446 0.079098 0.232034
21 0.649413 0.687880 0.112635 0.221179
22 0.687063 0.640388 0.086691 0.199468
23 0.731358 0.607821 0.076567 0.207610
24 0.485206 0.742157 0.020882 0.183185
25 0.470019 0.750977 0.024679 0.219822
26 0.448188 0.761832 0.029108 0.255102
27 0.429521 0.740122 0.038600 0.249674
28 0.410853 0.708234 0.051888 0.240176
29 0.369090 0.691272 0.098714 0.252388
30 0.330174 0.639031 0.104409 0.226607
31 0.285246 0.593574 0.094285 0.211680