0 0.491814 0.471378 0.038768 0.227964
1 0.461611 0.480146 0.045079 0.233809
2 0.429154 0.476249 0.036063 0.210428
3 0.401655 0.511320 0.038768 0.206531
4 0.372805 0.523985 0.042374 0.235757
5 0.339897 0.527882 0.059504 0.224067
6 0.294367 0.525933 0.051390 0.216273
7 0.244329 0.490862 0.068520 0.177305
8 0.526074 0.480146 0.029752 0.198737
9 0.558080 0.460662 0.036063 0.187047
10 0.582874 0.478197 0.038768 0.198737
11 0.616232 0.489888 0.040571 0.194841
12 0.645984 0.484043 0.031555 0.198737
13 0.674835 0.510346 0.049587 0.185099
14 0.715406 0.515217 0.045981 0.210428
15 0.753273 0.508398 0.040571 0.161718
16 0.502633 0.715903 0.020736 0.233809
17 0.528779 0.712980 0.022540 0.231860
18 0.556728 0.703238 0.029752 0.212376
19 0.581070 0.712980 0.027949 0.220170
20 0.607667 0.712980 0.034260 0.200686
21 0.646886 0.720774 0.045981 0.169511
22 0.687908 0.710058 0.057701 0.148079
23 0.737495 0.697393 0.061308 0.181202
24 0.479642 0.704212 0.025244 0.210428
25 0.456201 0.714929 0.016228 0.231860
26 0.433211 0.713954 0.024343 0.226015
27 0.403909 0.721748 0.021638 0.202634
28 0.379567 0.724671 0.028851 0.185099
30 0.302030 0.712006 0.057701 0.159769