0 0.483147 0.538100 0.045346 0.224724
1 0.449002 0.529338 0.029421 0.214415
2 0.419312 0.515421 0.033739 0.241217
3 0.391376 0.520576 0.035629 0.230909
4 0.360740 0.522895 0.035359 0.215962
5 0.318904 0.511813 0.049394 0.204107
6 0.281791 0.512329 0.063700 0.160811
7 0.272883 0.435789 0.073957 0.135556
8 0.519720 0.534234 0.054253 0.222147
9 0.551840 0.523926 0.035899 0.223177
10 0.589898 0.516452 0.041297 0.252556
11 0.618509 0.518772 0.057492 0.244825
12 0.659940 0.520318 0.037788 0.242763
13 0.702857 0.526761 0.053443 0.211323
14 0.736326 0.517999 0.065859 0.190706
15 0.749417 0.445066 0.068828 0.151018
17 0.543337 0.773390 0.036169 0.226270
18 0.576132 0.797615 0.042916 0.269565
19 0.616484 0.772617 0.074496 0.242248
20 0.653058 0.772874 0.080165 0.243794
21 0.711224 0.762824 0.105806 0.231940
22 0.758459 0.721332 0.094470 0.219054
23 0.802590 0.677264 0.074766 0.164935
16 0.517156 0.774936 0.031850 0.204622
24 0.491733 0.765057 0.031899 0.218342
25 0.467922 0.775995 0.036391 0.232498
26 0.436135 0.770633 0.051442 0.253518
27 0.407719 0.766772 0.049420 0.233785
28 0.369755 0.748542 0.070536 0.221345
29 0.321345 0.731597 0.097268 0.210621
30 0.270352 0.693634 0.099964 0.205045
31 0.227334 0.669827 0.076826 0.150566