0 0.476018 0.371716 0.033360 0.318878
1 0.451785 0.385964 0.030213 0.279527
2 0.420313 0.385285 0.030213 0.280884
3 0.397653 0.373752 0.045320 0.320234
4 0.366811 0.386642 0.056649 0.270028
6 0.287187 0.369002 0.048467 0.280884
7 0.245330 0.363575 0.046578 0.253745
8 0.508434 0.383929 0.033990 0.286311
9 0.534556 0.385285 0.024548 0.283597
10 0.566657 0.382572 0.035878 0.280884
14 0.696322 0.392070 0.047208 0.229320
16 0.506861 0.675668 0.022030 0.240176
17 0.528262 0.683131 0.023289 0.249674
18 0.553125 0.709591 0.031472 0.318878
19 0.588688 0.710269 0.050984 0.287668
20 0.613551 0.700771 0.061685 0.290382
22 0.710799 0.683131 0.090010 0.255102
24 0.485775 0.675668 0.021401 0.248317
25 0.465003 0.679060 0.022660 0.260530
26 0.443288 0.687201 0.028325 0.276813
31 0.235573 0.611214 0.084974 0.198111