0 0.490984 0.487589 0.031676 0.301418
1 0.466923 0.485056 0.028631 0.278622
2 0.442556 0.451494 0.038377 0.305218
3 0.417996 0.456076 0.048954 0.237471
4 0.392825 0.433921 0.050226 0.222496
5 0.357697 0.406813 0.067305 0.227964
6 0.320033 0.367892 0.069534 0.214990
8 0.522393 0.486044 0.032092 0.293758
9 0.544011 0.490214 0.036995 0.240937
10 0.569195 0.448514 0.034767 0.276151
11 0.592186 0.436012 0.044128 0.250809
12 0.614733 0.417169 0.046284 0.226436
13 0.647655 0.390420 0.065222 0.229274
14 0.683259 0.356684 0.065852 0.215517
16 0.517540 0.731383 0.031715 0.167806
17 0.536062 0.732175 0.031981 0.191553
18 0.562142 0.736132 0.042261 0.242211
19 0.587270 0.702096 0.053682 0.227964
20 0.614682 0.678350 0.067389 0.234296
21 0.650535 0.630066 0.090526 0.224446
22 0.698167 0.572020 0.101527 0.205449
24 0.499005 0.746862 0.031473 0.200523
25 0.478386 0.752603 0.035513 0.225808
26 0.455044 0.737019 0.032895 0.239910
27 0.428530 0.707073 0.039337 0.216372
28 0.398640 0.687432 0.061949 0.231183
29 0.352863 0.641675 0.101978 0.225149
30 0.295480 0.571740 0.124181 0.193174