0 0.489224 0.447212 0.028017 0.286142
1 0.467579 0.424541 0.043103 0.327078
2 0.447339 0.464600 0.028861 0.230441
3 0.434595 0.460470 0.033358 0.238701
4 0.416042 0.445603 0.032984 0.248612
5 0.380060 0.450971 0.041979 0.232919
6 0.346327 0.443538 0.044228 0.241179
7 0.310907 0.425367 0.045352 0.270913
8 0.515180 0.454688 0.028111 0.273391
9 0.539168 0.478641 0.030360 0.233745
10 0.563343 0.458818 0.036732 0.248612
11 0.577961 0.463774 0.038981 0.246960
12 0.599513 0.469968 0.038606 0.234571
13 0.623126 0.465839 0.047601 0.232919
14 0.662106 0.458818 0.050600 0.218878
16 0.502120 0.656797 0.017241 0.222358
17 0.518937 0.664894 0.020350 0.243535
18 0.540560 0.696970 0.029678 0.292740
19 0.563737 0.698216 0.033070 0.271563
20 0.592849 0.691365 0.051159 0.269072
21 0.635387 0.674236 0.096665 0.251009
22 0.676795 0.658665 0.108253 0.244781
23 0.714811 0.590151 0.088185 0.193707
24 0.486573 0.663717 0.018615 0.239395
25 0.472688 0.656992 0.032347 0.223256
26 0.451785 0.693641 0.025328 0.303279
27 0.430882 0.693641 0.033567 0.266966
28 0.400366 0.694314 0.036009 0.249482
29 0.367714 0.672795 0.084834 0.236033
30 0.323772 0.639508 0.092157 0.236705