0 0.499905 0.365128 0.029143 0.212508
1 0.478408 0.357400 0.034048 0.217660
2 0.450996 0.349995 0.027123 0.233759
3 0.435271 0.348385 0.037799 0.217660
5 0.378716 0.349673 0.059729 0.199629
6 0.339329 0.350961 0.045013 0.195765
7 0.304848 0.338403 0.045302 0.175802
8 0.528759 0.365450 0.029143 0.227320
9 0.551843 0.359976 0.032029 0.218948
10 0.578101 0.360942 0.025681 0.228607
11 0.596567 0.356756 0.034337 0.216372
13 0.637901 0.362230 0.048907 0.210576
14 0.678092 0.351402 0.047819 0.193516
15 0.713124 0.322357 0.047365 0.183384
16 0.508985 0.572442 0.021034 0.158055
17 0.528203 0.573624 0.021942 0.181358
18 0.550297 0.604525 0.025877 0.251942
19 0.574509 0.580378 0.034048 0.201621
20 0.596286 0.569628 0.047241 0.207775
22 0.679280 0.556026 0.097121 0.218929
23 0.720255 0.494826 0.084910 0.167053
24 0.491544 0.574035 0.019258 0.163322
25 0.474289 0.579020 0.020183 0.198050
26 0.449561 0.592430 0.031121 0.229683
27 0.427145 0.570596 0.043909 0.205958
28 0.408811 0.566814 0.049147 0.217648
29 0.367368 0.578849 0.089512 0.239654
30 0.323305 0.559938 0.091669 0.225901
31 0.271616 0.513176 0.102299 0.211459