0 0.490617 0.499911 0.039291 0.247598
1 0.466548 0.497926 0.026021 0.213858
2 0.437535 0.488995 0.033046 0.218819
3 0.412686 0.489243 0.040592 0.220308
4 0.385754 0.484033 0.034087 0.208896
5 0.349326 0.481800 0.049699 0.202445
6 0.302619 0.471628 0.049959 0.216835
7 0.264629 0.454509 0.059327 0.201453
8 0.529648 0.500903 0.042413 0.244621
9 0.559311 0.496934 0.031485 0.212865
10 0.592227 0.477086 0.046317 0.265461
11 0.616296 0.492716 0.050220 0.226262
12 0.647130 0.498174 0.042674 0.218323
13 0.683949 0.500159 0.054903 0.210384
14 0.729485 0.488250 0.049179 0.201453
15 0.764743 0.473365 0.056204 0.179621
16 0.521842 0.736097 0.035128 0.224774
17 0.542658 0.746765 0.039811 0.246110
18 0.567638 0.746021 0.042413 0.252560
19 0.604587 0.735849 0.050220 0.232217
20 0.640105 0.731879 0.063490 0.241148
22 0.730396 0.700619 0.113449 0.225270
23 0.777884 0.652241 0.100699 0.195995
24 0.495691 0.715257 0.032786 0.187063
25 0.471622 0.737833 0.041373 0.238171
26 0.446772 0.741803 0.052041 0.265957
27 0.421272 0.716745 0.049439 0.228743
28 0.394081 0.717986 0.058026 0.232217
29 0.354269 0.700619 0.090291 0.226262
30 0.292731 0.690447 0.111368 0.231720
31 0.250187 0.641821 0.104342 0.200957