0 0.481211 0.429874 0.032168 0.217108
1 0.461715 0.425532 0.026320 0.195397
3 0.436642 0.416782 0.026881 0.193424
4 0.414069 0.407571 0.027226 0.190353
5 0.386844 0.394139 0.034118 0.178840
6 0.358240 0.379555 0.050660 0.180375
8 0.508818 0.422317 0.029525 0.216273
9 0.530798 0.417202 0.019683 0.191431
10 0.548841 0.409165 0.019027 0.189970
11 0.562620 0.406973 0.022964 0.185586
12 0.576398 0.390168 0.025589 0.181202
13 0.604283 0.377747 0.044616 0.182663
14 0.639385 0.357289 0.054458 0.191431
16 0.512099 0.685352 0.017715 0.189970
17 0.530798 0.688274 0.022308 0.189970
18 0.549497 0.686813 0.017715 0.195815
19 0.569837 0.678776 0.040023 0.203121
20 0.597394 0.646627 0.051833 0.162205
21 0.629544 0.637129 0.079390 0.201660
22 0.670879 0.583061 0.088576 0.184124
23 0.733210 0.561141 0.076766 0.125672
24 0.493728 0.687544 0.022964 0.182663
25 0.478965 0.683160 0.038055 0.185586
26 0.462890 0.689005 0.022964 0.203121
27 0.440582 0.681699 0.025589 0.223580
28 0.418930 0.667086 0.038711 0.208967
29 0.381204 0.648819 0.066924 0.239654
30 0.337900 0.617401 0.066924 0.220657
31 0.271304 0.594751 0.083327 0.113982