2 0.422508 0.545819 0.035445 0.207426
3 0.399862 0.550953 0.029538 0.184835
4 0.378201 0.540684 0.039384 0.234125
5 0.344725 0.541711 0.045291 0.219749
6 0.301895 0.523228 0.034461 0.219749
7 0.263496 0.516040 0.042337 0.197158
10 0.564781 0.532469 0.034461 0.205373
11 0.590873 0.545819 0.033476 0.199211
12 0.619918 0.545819 0.038399 0.223856
13 0.650441 0.555060 0.048245 0.197158
14 0.692286 0.546845 0.045291 0.193050
16 0.500290 0.707036 0.019692 0.184835
17 0.522936 0.717305 0.033476 0.188943
18 0.547551 0.733734 0.029538 0.205373
19 0.580042 0.751191 0.033476 0.199211
20 0.611057 0.755299 0.032492 0.186889
21 0.652902 0.762487 0.059075 0.201265
22 0.705578 0.730654 0.073844 0.174567
24 0.476660 0.720385 0.019692 0.211534
25 0.454507 0.722439 0.024615 0.199211
26 0.424969 0.737842 0.030522 0.180728
27 0.396416 0.746057 0.030522 0.184835
28 0.370324 0.746057 0.025599 0.176620
30 0.285157 0.730654 0.079752 0.170459
31 0.241835 0.677257 0.073844 0.174567