0 0.477391 0.429980 0.034712 0.266884
2 0.448883 0.423809 0.028996 0.255133
3 0.426787 0.419686 0.039730 0.259671
4 0.403226 0.412997 0.042094 0.262904
5 0.371733 0.404781 0.054958 0.262061
6 0.327547 0.402833 0.045725 0.252319
7 0.302926 0.349739 0.061553 0.144182
8 0.510705 0.427618 0.033621 0.265212
10 0.540460 0.411228 0.031268 0.272662
11 0.580301 0.399309 0.037656 0.295012
12 0.605012 0.400799 0.036647 0.259253
14 0.677970 0.376587 0.051440 0.262978
15 0.709238 0.326673 0.053458 0.158680
16 0.513058 0.695810 0.030931 0.219024
17 0.529197 0.685381 0.039001 0.235413
18 0.556766 0.677186 0.037656 0.235413
19 0.585848 0.683518 0.050095 0.254038
20 0.612745 0.677186 0.058165 0.254783
21 0.646198 0.643289 0.080691 0.243608
22 0.690242 0.622057 0.072622 0.239883
23 0.755467 0.620567 0.082036 0.147506
24 0.495454 0.699756 0.033377 0.245499
25 0.476906 0.705601 0.037308 0.237149
26 0.455049 0.695163 0.031279 0.256355
27 0.432815 0.697669 0.032786 0.258025
28 0.399652 0.688901 0.056905 0.245499
29 0.365547 0.655500 0.088183 0.240489
30 0.309773 0.612078 0.079139 0.177027