0 0.474257 0.441101 0.032374 0.229779
1 0.446907 0.426787 0.025304 0.220739
2 0.424580 0.412473 0.030513 0.250874
3 0.402067 0.400273 0.027164 0.239112
4 0.374778 0.397290 0.029693 0.235238
5 0.343536 0.395983 0.044669 0.233669
6 0.307129 0.376903 0.056029 0.232101
8 0.505169 0.432576 0.032275 0.233669
9 0.531893 0.425519 0.025820 0.234192
10 0.555647 0.415325 0.026336 0.252488
11 0.572689 0.406177 0.026336 0.238374
12 0.594377 0.403040 0.025304 0.226874
13 0.622779 0.393393 0.039763 0.230486
14 0.657814 0.381923 0.046877 0.216083
16 0.500477 0.657610 0.026115 0.173064
17 0.523266 0.658266 0.020762 0.180945
18 0.548894 0.677806 0.035685 0.229219
19 0.569221 0.672402 0.030721 0.203800
20 0.597938 0.669439 0.043929 0.218739
21 0.639863 0.658021 0.079399 0.248185
22 0.680898 0.629176 0.082218 0.249387
23 0.714438 0.564726 0.075688 0.191397
24 0.480176 0.663129 0.028049 0.181482
25 0.459918 0.653664 0.032353 0.166158
26 0.430904 0.661326 0.040516 0.207923
27 0.407604 0.664331 0.038438 0.197707
28 0.380074 0.652012 0.048975 0.214533
31 0.254075 0.583055 0.081031 0.198007
30 0.298301 0.617308 0.077766 0.202214