0 0.475820 0.452888 0.028667 0.194191
1 0.450119 0.434946 0.026690 0.230074
2 0.424911 0.429669 0.027679 0.232185
3 0.406129 0.433891 0.027679 0.227964
4 0.385370 0.438112 0.031633 0.198413
6 0.324575 0.409617 0.042507 0.192080
8 0.506959 0.431780 0.035587 0.232185
9 0.539581 0.440223 0.029656 0.236407
10 0.571214 0.434946 0.039541 0.213188
11 0.605318 0.428614 0.034599 0.196302
13 0.675998 0.410672 0.039541 0.198413
16 0.503005 0.669242 0.033610 0.200523
17 0.527224 0.671353 0.034599 0.208967
18 0.552432 0.667131 0.029656 0.204745
19 0.585053 0.698793 0.031633 0.238517
20 0.606801 0.691405 0.041518 0.206856
21 0.643871 0.676630 0.068209 0.223742
22 0.689838 0.641802 0.069197 0.192080
24 0.483234 0.690350 0.019771 0.208967
25 0.463464 0.680851 0.021748 0.189970
26 0.443199 0.704070 0.024713 0.232185
27 0.418980 0.679796 0.027679 0.196302
28 0.386853 0.686128 0.054369 0.187859
29 0.348794 0.659743 0.071174 0.202634
30 0.308758 0.628082 0.060301 0.168862