0 0.490740 0.333944 0.033818 0.292777
1 0.467366 0.322770 0.028845 0.283837
2 0.441007 0.323887 0.027850 0.263723
3 0.423104 0.329474 0.033818 0.248078
4 0.401221 0.321652 0.033818 0.268192
5 0.365911 0.328357 0.060674 0.241373
6 0.322147 0.319417 0.054706 0.254783
7 0.280869 0.316065 0.055700 0.239138
8 0.522569 0.333944 0.031829 0.265957
9 0.546937 0.332827 0.024866 0.268192
10 0.573296 0.330592 0.033818 0.259253
11 0.590205 0.342884 0.029839 0.261488
12 0.612584 0.327239 0.026856 0.279367
13 0.649386 0.331709 0.054706 0.243608
14 0.691162 0.326122 0.056695 0.250313
16 0.514114 0.599902 0.030834 0.261488
17 0.530028 0.599902 0.024866 0.261488
18 0.551413 0.603254 0.027850 0.268192
19 0.580258 0.603254 0.029839 0.272662
20 0.638942 0.593197 0.083550 0.239138
21 0.689172 0.573082 0.086534 0.239138
22 0.734429 0.523914 0.085540 0.257018
24 0.491237 0.601019 0.030834 0.268192
25 0.469852 0.604372 0.039786 0.279367
26 0.440013 0.589844 0.039786 0.268192
27 0.411665 0.576435 0.030834 0.272662
28 0.367403 0.584257 0.065647 0.248078
29 0.315184 0.576435 0.082556 0.254783
30 0.261473 0.535089 0.102449 0.261488