0 0.481547 0.418852 0.037583 0.232253
1 0.448842 0.412418 0.029550 0.236543
2 0.419005 0.407515 0.035861 0.259829
3 0.397058 0.421916 0.037296 0.255540
4 0.369660 0.423448 0.035288 0.251250
5 0.334659 0.427125 0.049058 0.227964
6 0.289186 0.416095 0.048772 0.237768
7 0.245579 0.418852 0.054509 0.219997
8 0.517982 0.418240 0.039878 0.232253
9 0.551692 0.418852 0.030984 0.219997
10 0.585258 0.409660 0.042460 0.250637
11 0.619685 0.416708 0.063116 0.242671
12 0.646510 0.421610 0.050206 0.250025
13 0.679359 0.430189 0.056231 0.231640
14 0.719524 0.437543 0.048772 0.199774
15 0.759545 0.418852 0.053649 0.180778
16 0.520851 0.644365 0.031845 0.191808
17 0.536630 0.659991 0.040452 0.226738
18 0.588701 0.671634 0.045903 0.276988
19 0.619255 0.669490 0.038157 0.248186
20 0.646223 0.671634 0.033566 0.232866
22 0.753377 0.619852 0.090658 0.189357
21 0.708622 0.665200 0.092379 0.240832
24 0.498617 0.657234 0.026968 0.222448
25 0.476096 0.660910 0.026107 0.233479
26 0.449415 0.674392 0.032419 0.261668
27 0.421730 0.675924 0.037296 0.238994
28 0.395480 0.674086 0.045042 0.229189
29 0.353163 0.671022 0.079182 0.241445
30 0.299801 0.647429 0.085494 0.222448
31 0.249595 0.618627 0.081477 0.188131