0 0.499894 0.495779 0.046237 0.277521
1 0.463889 0.503006 0.034868 0.239940
2 0.430159 0.490720 0.044721 0.261621
3 0.398323 0.489275 0.037141 0.252949
4 0.368762 0.495057 0.038657 0.212477
5 0.328967 0.497225 0.056091 0.237049
6 0.283488 0.486384 0.056091 0.232713
8 0.543857 0.505897 0.047753 0.248612
9 0.580620 0.507343 0.034868 0.242831
10 0.619277 0.477712 0.050027 0.270294
11 0.645807 0.498670 0.045479 0.239940
12 0.679916 0.495779 0.042447 0.234158
13 0.716679 0.498670 0.062913 0.228377
14 0.759505 0.487830 0.057607 0.203804
16 0.540825 0.742946 0.034110 0.208141
17 0.560912 0.731383 0.033352 0.211031
18 0.595022 0.741501 0.050027 0.242831
19 0.626099 0.735719 0.057607 0.222595
20 0.657935 0.736442 0.059123 0.226931
21 0.703414 0.732828 0.090959 0.228377
22 0.762537 0.714761 0.087927 0.215368
23 0.826208 0.691634 0.087927 0.163333
24 0.512401 0.738610 0.025772 0.196577
25 0.487387 0.750173 0.034868 0.219704
26 0.449488 0.758846 0.054575 0.254394
27 0.421442 0.746560 0.048511 0.247167
28 0.387711 0.745114 0.056849 0.238494
29 0.340716 0.736442 0.084137 0.238494
30 0.277424 0.713315 0.090959 0.209586
31 0.223986 0.695970 0.090201 0.180678