0 0.494204 0.434819 0.030142 0.246257
1 0.468929 0.422858 0.027944 0.244850
2 0.444909 0.418285 0.033910 0.248368
3 0.426070 0.423562 0.031398 0.229371
4 0.408958 0.423210 0.027944 0.208967
5 0.382270 0.425321 0.051179 0.194895
6 0.349302 0.405268 0.059970 0.206856
8 0.524346 0.435875 0.033282 0.253996
9 0.549307 0.432357 0.024176 0.241332
10 0.570187 0.430598 0.027002 0.246257
11 0.592951 0.430598 0.028572 0.240628
13 0.627645 0.432005 0.044585 0.218113
14 0.665951 0.414415 0.047097 0.213892
16 0.509275 0.709220 0.027630 0.236407
17 0.525445 0.714849 0.036108 0.246257
18 0.553389 0.723292 0.024176 0.264550
19 0.582432 0.716608 0.032026 0.246960
21 0.632826 0.698314 0.083205 0.234296
22 0.667050 0.649766 0.088856 0.237110
24 0.491221 0.714145 0.022921 0.260329
25 0.470028 0.703239 0.022607 0.241332
26 0.443025 0.708868 0.034538 0.255404
27 0.419948 0.701480 0.037364 0.271586
29 0.355582 0.663486 0.076297 0.232185
30 0.313352 0.614587 0.089170 0.211781