0 0.487917 0.442324 0.027581 0.321776
1 0.465152 0.430129 0.031083 0.325528
2 0.446108 0.424500 0.032396 0.321776
3 0.422248 0.409490 0.043341 0.295508
4 0.396419 0.392135 0.052097 0.317085
5 0.357674 0.389789 0.055162 0.244850
6 0.310174 0.371496 0.048595 0.240159
8 0.513747 0.424500 0.028456 0.359301
9 0.538263 0.433412 0.027581 0.303951
10 0.561466 0.420278 0.026705 0.303951
11 0.580291 0.418402 0.042466 0.292694
12 0.605901 0.395887 0.043779 0.300199
13 0.637641 0.398233 0.047719 0.272993
14 0.675948 0.372434 0.053410 0.262674
15 0.706593 0.351327 0.058664 0.237345
16 0.513966 0.704060 0.021014 0.162295
17 0.531696 0.709689 0.024954 0.186686
18 0.555337 0.706405 0.030208 0.208263
19 0.580072 0.706405 0.048157 0.247664
20 0.612906 0.691396 0.065669 0.243912
21 0.650118 0.661376 0.086682 0.234530
22 0.700026 0.611186 0.098065 0.220459
23 0.739865 0.554899 0.084931 0.184810
24 0.496016 0.715787 0.021890 0.185748
25 0.477410 0.708751 0.024078 0.190439
26 0.456396 0.712034 0.026705 0.219520
27 0.436914 0.714380 0.033272 0.242973
28 0.402986 0.705936 0.067857 0.261736
29 0.358331 0.659499 0.105507 0.240159
30 0.311707 0.633232 0.093687 0.251417