0 0.482896 0.450268 0.035548 0.219880
1 0.454083 0.447843 0.027316 0.224730
2 0.430696 0.436526 0.035922 0.239281
8 0.517321 0.445014 0.037045 0.238472
9 0.545760 0.436122 0.031806 0.235239
10 0.572141 0.437334 0.032181 0.242514
11 0.595715 0.438951 0.032181 0.234431
12 0.624528 0.444610 0.032929 0.231197
13 0.660637 0.433697 0.043032 0.223922
14 0.701050 0.419954 0.039290 0.214221
16 0.517134 0.696825 0.027690 0.239281
17 0.539773 0.702888 0.025071 0.248173
18 0.567650 0.704100 0.036671 0.265149
19 0.591224 0.691570 0.034426 0.228772
20 0.623031 0.691974 0.050142 0.247365
21 0.665689 0.675403 0.078580 0.233622
22 0.714708 0.658022 0.088309 0.244131
24 0.498050 0.703292 0.032181 0.244131
25 0.473541 0.698441 0.031806 0.239281
26 0.450154 0.689953 0.028439 0.241706
27 0.417973 0.692379 0.043406 0.243323
28 0.391593 0.676615 0.036297 0.182694
29 0.351741 0.672573 0.091303 0.240898
30 0.303283 0.639834 0.085690 0.220688
27 0.404876 0.460373 0.044155 0.202904
28 0.380741 0.438547 0.028064 0.199670
29 0.345941 0.428442 0.050516 0.227964
30 0.297296 0.418337 0.057251 0.214221