0 0.502496 0.451501 0.033443 0.286245
1 0.477667 0.454820 0.033106 0.261900
2 0.452162 0.436912 0.034795 0.291814
3 0.429650 0.430598 0.043816 0.269053
4 0.403371 0.437948 0.044827 0.254354
5 0.372179 0.430485 0.057784 0.231356
6 0.321385 0.417933 0.059959 0.226607
8 0.534558 0.447823 0.032497 0.294352
9 0.561994 0.452599 0.024237 0.250857
10 0.581845 0.446429 0.025130 0.272290
11 0.601709 0.465426 0.038394 0.214207
12 0.625705 0.440205 0.037794 0.252856
13 0.651651 0.433000 0.042294 0.244995
14 0.688095 0.422519 0.034195 0.230584
15 0.719141 0.412365 0.039294 0.208967
23 0.718611 0.631453 0.074765 0.173956
22 0.675909 0.673843 0.075053 0.229848
21 0.628174 0.701475 0.083105 0.236128
20 0.590935 0.730048 0.047160 0.254339
19 0.564479 0.732246 0.029906 0.242407
18 0.541762 0.741980 0.031632 0.254339
17 0.520027 0.723010 0.033138 0.233983
16 0.503221 0.720334 0.027457 0.231065
24 0.479315 0.717232 0.035505 0.221760
25 0.463822 0.709151 0.030648 0.217369
26 0.437518 0.726775 0.045474 0.266334
27 0.414092 0.726399 0.053053 0.252039
28 0.386876 0.712104 0.079235 0.259562
29 0.359660 0.686900 0.108863 0.227211
30 0.311430 0.657934 0.112308 0.220440
31 0.273018 0.594737 0.092671 0.179813