0 0.485652 0.355401 0.034416 0.327698
1 0.454295 0.344716 0.029827 0.336405
2 0.422364 0.338779 0.039388 0.365691
3 0.397317 0.349861 0.049712 0.349861
4 0.365960 0.373211 0.038240 0.288912
6 0.294833 0.357380 0.066538 0.325323
7 0.241870 0.347090 0.079922 0.312658
8 0.519686 0.354610 0.035946 0.324531
9 0.540000 0.305988 0.035088 0.393280
10 0.577075 0.303025 0.044769 0.402180
11 0.600355 0.316462 0.042083 0.375306
12 0.634603 0.334532 0.044321 0.339165
14 0.710487 0.334532 0.071631 0.339165
15 0.761971 0.353529 0.072526 0.280784
23 0.779431 0.587979 0.098492 0.215917
22 0.727947 0.629216 0.085061 0.255764
21 0.678253 0.639410 0.083271 0.272444
20 0.630350 0.639410 0.051932 0.239084
19 0.598564 0.647750 0.049246 0.263177
18 0.566106 0.658870 0.039845 0.311365
17 0.539021 0.655163 0.038501 0.298391
16 0.516412 0.657944 0.030891 0.283564
24 0.493804 0.650530 0.027757 0.255764
25 0.473434 0.658407 0.032681 0.284491
26 0.443886 0.667210 0.034472 0.309511
27 0.409190 0.657944 0.038501 0.252057
28 0.373375 0.663967 0.050141 0.273371
29 0.328158 0.655163 0.073421 0.268737
30 0.283837 0.644043 0.075212 0.257617
31 0.229218 0.602806 0.096701 0.225183