0 0.492968 0.504034 0.029783 0.255844
1 0.465752 0.500208 0.032865 0.235070
2 0.439563 0.482167 0.043135 0.264591
3 0.413887 0.465767 0.046216 0.253657
4 0.387442 0.463581 0.043648 0.238350
5 0.349838 0.447484 0.060803 0.236407
6 0.315912 0.430598 0.079308 0.202634
7 0.289035 0.356486 0.060803 0.163233
8 0.519911 0.506586 0.029080 0.253293
9 0.546347 0.492514 0.029080 0.247664
10 0.570580 0.483133 0.035248 0.281436
11 0.594813 0.489699 0.048466 0.242035
12 0.622571 0.480318 0.040535 0.230778
13 0.658260 0.467185 0.053753 0.234530
14 0.693949 0.451236 0.051110 0.210139
15 0.707607 0.343352 0.066090 0.230778
16 0.510658 0.772074 0.021149 0.228902
17 0.526079 0.773012 0.025555 0.227025
18 0.555159 0.767383 0.023793 0.230778
19 0.583358 0.768322 0.037892 0.251417
20 0.619046 0.745807 0.059922 0.225149
21 0.663107 0.738302 0.089883 0.251417
22 0.710692 0.694210 0.096933 0.245788
23 0.755192 0.664190 0.073140 0.208263
24 0.485544 0.770198 0.030842 0.240159
25 0.468360 0.777703 0.031723 0.251417
26 0.434875 0.773950 0.051110 0.221397
27 0.409760 0.755188 0.066090 0.232654
28 0.382883 0.742992 0.063447 0.238283
29 0.337061 0.726106 0.100457 0.238283
30 0.293441 0.674509 0.097814 0.225149
31 0.249822 0.639799 0.075784 0.200758