0 0.486879 0.383272 0.047971 0.315949
1 0.450745 0.366608 0.039249 0.319949
2 0.418037 0.347278 0.052333 0.382605
3 0.389067 0.353277 0.045479 0.362609
4 0.359786 0.375940 0.052956 0.317283
5 0.313684 0.384605 0.075384 0.289287
6 0.260417 0.377273 0.069777 0.282621
8 0.534228 0.373274 0.061678 0.319949
9 0.571297 0.405935 0.059809 0.265291
10 0.596529 0.387271 0.050464 0.310617
11 0.623629 0.374607 0.051087 0.327948
12 0.656026 0.351277 0.056071 0.361276
13 0.684684 0.391937 0.053579 0.287954
14 0.722687 0.387938 0.048594 0.285288
15 0.765675 0.365941 0.051087 0.289287
16 0.510242 0.664560 0.027412 0.251960
17 0.534851 0.666560 0.028035 0.261292
18 0.562263 0.683891 0.034265 0.287954
19 0.589987 0.673892 0.034888 0.275956
20 0.627367 0.676558 0.063547 0.281288
21 0.663190 0.665893 0.072892 0.257292
22 0.711162 0.651896 0.076630 0.239962
23 0.760379 0.622567 0.075384 0.229297
31 0.239546 0.621234 0.099058 0.237295
30 0.293748 0.649229 0.100304 0.258625
29 0.347015 0.656562 0.093451 0.265291
28 0.386575 0.671892 0.069154 0.279955
27 0.417726 0.679891 0.044233 0.277289
26 0.440154 0.684557 0.034265 0.315949
25 0.466009 0.679891 0.032396 0.295953
24 0.487502 0.681891 0.026789 0.286621