0 0.466524 0.319494 0.044131 0.351156
1 0.429486 0.333310 0.036250 0.339643
2 0.402692 0.331008 0.039402 0.358064
3 0.379051 0.341945 0.041504 0.329281
4 0.353045 0.332159 0.035725 0.346551
8 0.509341 0.325251 0.040453 0.341945
9 0.543490 0.314313 0.032047 0.343097
10 0.575537 0.281500 0.052011 0.422538
11 0.597865 0.322948 0.051486 0.341945
12 0.627811 0.338491 0.048334 0.299346
14 0.702150 0.335613 0.058315 0.265957
16 0.507240 0.653380 0.034149 0.312011
17 0.530881 0.661440 0.028895 0.323524
18 0.555573 0.653956 0.028895 0.303951
19 0.578426 0.654532 0.042029 0.293589
20 0.610474 0.629202 0.047283 0.254444
23 0.741552 0.553790 0.082482 0.216450
24 0.479133 0.659137 0.031522 0.323524
25 0.452864 0.660288 0.038877 0.309708
26 0.430536 0.675256 0.041504 0.332735
27 0.398226 0.686769 0.036776 0.337340
28 0.370907 0.667772 0.034674 0.292438
30 0.298407 0.632081 0.094566 0.248687
31 0.254802 0.583149 0.091413 0.226812