8 0.506929 0.359313 0.040690 0.225931
9 0.536881 0.355121 0.035604 0.227351
10 0.578609 0.351187 0.059345 0.268353
11 0.599707 0.349958 0.045288 0.281207
12 0.633077 0.351250 0.047671 0.269317
13 0.661561 0.348665 0.044096 0.260013
14 0.678246 0.350216 0.035515 0.269317
15 0.711854 0.350475 0.050293 0.248124
0 0.469605 0.338600 0.032174 0.273843
1 0.442427 0.330887 0.033993 0.261421
2 0.406212 0.338543 0.040007 0.271061
3 0.382548 0.338543 0.030855 0.277866
4 0.357184 0.335707 0.031901 0.274464
5 0.325806 0.330037 0.047590 0.267659
6 0.287630 0.310756 0.049159 0.269927
16 0.498581 0.624097 0.019530 0.251632
17 0.519260 0.622540 0.025848 0.258483
18 0.547405 0.630637 0.030443 0.265957
19 0.574402 0.636865 0.033315 0.258483
20 0.605707 0.632817 0.042506 0.254123
21 0.650511 0.625343 0.071226 0.249140
22 0.699335 0.610083 0.075247 0.241043
23 0.742944 0.582835 0.059421 0.224830
24 0.478553 0.624900 0.021669 0.254959
25 0.457691 0.616651 0.024204 0.239462
26 0.434639 0.617401 0.026970 0.251960
27 0.411242 0.609153 0.036422 0.227464
28 0.389573 0.613152 0.037805 0.225464
29 0.346006 0.610652 0.077454 0.242461
30 0.303821 0.581157 0.084830 0.232463
31 0.260138 0.565659 0.054171 0.215466