0 0.470819 0.430784 0.032470 0.255900
1 0.444239 0.417541 0.028637 0.241281
2 0.421843 0.404765 0.031574 0.252734
3 0.399459 0.402236 0.033091 0.236495
4 0.375742 0.386284 0.035613 0.232018
5 0.345098 0.384329 0.046337 0.211413
6 0.309423 0.362692 0.050920 0.225131
7 0.271635 0.384245 0.049475 0.187223
8 0.503165 0.431642 0.033410 0.249115
9 0.532352 0.426159 0.026434 0.241281
10 0.560071 0.408141 0.031207 0.292984
11 0.585220 0.434776 0.037448 0.217780
12 0.613857 0.423025 0.035245 0.224047
13 0.645982 0.410099 0.048095 0.218563
14 0.684165 0.386206 0.051032 0.222480
15 0.714086 0.364663 0.049931 0.206029
16 0.498759 0.683107 0.020927 0.211513
17 0.519319 0.693291 0.023130 0.233447
18 0.540797 0.710134 0.028637 0.267133
19 0.569801 0.687416 0.035980 0.234231
20 0.601742 0.670573 0.046994 0.208379
21 0.642678 0.659997 0.075998 0.232664
22 0.686184 0.623962 0.075631 0.218563
24 0.477098 0.680757 0.023864 0.206812
25 0.459475 0.680365 0.023864 0.229530
26 0.435795 0.684674 0.028637 0.252248
27 0.410829 0.664306 0.041854 0.236581
28 0.386965 0.647463 0.049197 0.224830
29 0.346947 0.632579 0.086645 0.248331
30 0.305644 0.590277 0.089215 0.212296