0 0.492864 0.399376 0.034214 0.239962
1 0.465004 0.391377 0.041057 0.247960
2 0.444475 0.403375 0.044968 0.255959
3 0.413682 0.416373 0.043990 0.273956
4 0.392176 0.409375 0.049855 0.267957
5 0.347697 0.409375 0.048878 0.267957
6 0.303218 0.412374 0.051810 0.229963
8 0.530011 0.392377 0.038125 0.257959
9 0.556894 0.396377 0.029327 0.257959
10 0.588175 0.392377 0.029327 0.265957
11 0.615058 0.395377 0.032259 0.251960
12 0.641941 0.395377 0.037147 0.247960
13 0.684465 0.395377 0.047900 0.247960
14 0.728943 0.391377 0.037147 0.239962
15 0.757293 0.329387 0.035192 0.195969
16 0.515836 0.662334 0.046923 0.217965
17 0.537831 0.671333 0.034214 0.231963
18 0.565203 0.667333 0.038125 0.243961
19 0.604794 0.675332 0.052788 0.259958
20 0.636076 0.676332 0.058653 0.265957
21 0.677133 0.653335 0.074294 0.223964
22 0.729921 0.637338 0.078204 0.211966
23 0.788574 0.612342 0.078204 0.153975
24 0.497263 0.675332 0.041057 0.259958
25 0.473313 0.678331 0.043990 0.229963
26 0.446430 0.673332 0.033237 0.247960
27 0.409283 0.679331 0.044968 0.219965
28 0.370669 0.694329 0.036170 0.229963
29 0.304196 0.676332 0.088958 0.205967
30 0.254340 0.620341 0.098733 0.189970