0 0.487145 0.472526 0.032112 0.213209
1 0.462036 0.467731 0.028354 0.210995
2 0.436586 0.459247 0.035528 0.241243
3 0.411477 0.462567 0.034503 0.246407
4 0.387051 0.461460 0.029379 0.230915
5 0.353061 0.468100 0.051584 0.216160
6 0.313945 0.466993 0.045777 0.181486
7 0.283542 0.443016 0.043727 0.182223
8 0.518574 0.464780 0.032795 0.230177
9 0.545732 0.461091 0.031087 0.228701
10 0.573403 0.462936 0.032454 0.219111
11 0.598512 0.461091 0.032795 0.215422
12 0.629087 0.464411 0.030404 0.217635
13 0.665469 0.458509 0.047143 0.211733
14 0.705096 0.455189 0.045093 0.191814
15 0.736525 0.433795 0.051926 0.177059
16 0.519940 0.673931 0.029379 0.171895
17 0.538900 0.682415 0.026988 0.199191
18 0.569987 0.709712 0.046118 0.253785
19 0.595096 0.705654 0.044410 0.233865
20 0.621229 0.692375 0.041336 0.205831
21 0.664102 0.688686 0.085404 0.230915
22 0.708854 0.664709 0.082671 0.219848
23 0.752613 0.619377 0.080764 0.208584
24 0.499813 0.686950 0.027157 0.198894
25 0.478678 0.692815 0.029283 0.209604
26 0.454591 0.701230 0.034006 0.225414
27 0.427787 0.712960 0.032825 0.235613
28 0.400158 0.704800 0.040854 0.222354
29 0.360839 0.706840 0.078874 0.253973
30 0.314317 0.677006 0.085014 0.224904
31 0.267137 0.636573 0.098220 0.225166