0 0.492055 0.503240 0.026503 0.250903
1 0.473440 0.481734 0.027134 0.256638
2 0.456717 0.476716 0.025241 0.243735
3 0.439995 0.472415 0.035969 0.260939
4 0.419486 0.465246 0.032814 0.232265
5 0.397716 0.462379 0.048590 0.217927
6 0.361431 0.420084 0.053007 0.245168
8 0.518874 0.500373 0.029659 0.256638
9 0.537490 0.511126 0.026503 0.235132
10 0.554528 0.485319 0.034076 0.266674
11 0.571881 0.475282 0.037231 0.258072
12 0.593652 0.480301 0.031552 0.230831
13 0.619209 0.472415 0.046066 0.220795
14 0.655493 0.442307 0.049221 0.226530
16 0.512879 0.716866 0.022717 0.167747
17 0.530233 0.719734 0.023348 0.182084
18 0.549479 0.730487 0.029028 0.220795
19 0.571566 0.738372 0.031552 0.245168
20 0.595860 0.726186 0.052376 0.232265
21 0.632776 0.696794 0.092131 0.236566
22 0.681050 0.649481 0.094024 0.230831
24 0.497104 0.729053 0.023979 0.209325
25 0.481012 0.719017 0.023348 0.177783
26 0.461135 0.724752 0.026503 0.220795
27 0.440310 0.724035 0.034076 0.242301
28 0.417593 0.702529 0.042910 0.239433
29 0.385726 0.693927 0.075093 0.256638
30 0.339976 0.644463 0.088345 0.243735