0 0.477771 0.370441 0.032668 0.253293
1 0.452156 0.374398 0.023016 0.232713
2 0.429882 0.359359 0.036380 0.275456
3 0.413920 0.361734 0.041578 0.286537
4 0.392760 0.376773 0.034895 0.278622
5 0.365660 0.369649 0.046032 0.261208
6 0.324448 0.352584 0.051319 0.203040
7 0.294227 0.368997 0.033072 0.187234
8 0.509765 0.357447 0.031361 0.261398
9 0.538845 0.355623 0.029081 0.252888
10 0.568211 0.350152 0.036493 0.273556
11 0.590164 0.351368 0.038204 0.263830
12 0.615823 0.353191 0.035923 0.248024
14 0.687384 0.336778 0.050178 0.251672
15 0.724163 0.347112 0.039344 0.192097
16 0.516607 0.608511 0.038774 0.209119
17 0.535424 0.618845 0.046757 0.234650
18 0.563843 0.642035 0.054730 0.285893
19 0.588980 0.624864 0.059184 0.252388
20 0.614118 0.625543 0.066185 0.270028
21 0.649756 0.602475 0.085913 0.252388
22 0.699394 0.586870 0.085913 0.245604
23 0.741714 0.544806 0.080185 0.210323
24 0.499249 0.621472 0.044547 0.238819
25 0.481430 0.631649 0.045820 0.261887
26 0.463293 0.647932 0.046457 0.283597
27 0.439110 0.652003 0.037547 0.275456
29 0.351288 0.625543 0.085913 0.255102
30 0.307377 0.576693 0.092277 0.200825