8 0.547951 0.495916 0.044767 0.241261
0 0.505671 0.496866 0.041783 0.243161
1 0.479308 0.488317 0.044767 0.233663
2 0.438520 0.476919 0.052726 0.233663
3 0.416136 0.485467 0.049741 0.246960
4 0.385296 0.479768 0.035814 0.235562
5 0.348488 0.478818 0.047752 0.233663
6 0.308197 0.483568 0.058695 0.227964
7 0.273876 0.467420 0.063669 0.203267
9 0.576303 0.491166 0.033824 0.235562
10 0.621070 0.480718 0.067648 0.233663
11 0.651413 0.492116 0.086550 0.237462
12 0.700159 0.500665 0.052726 0.220365
13 0.745424 0.492116 0.047752 0.203267
14 0.780740 0.483568 0.068643 0.186170
16 0.525070 0.729578 0.026860 0.229863
17 0.550438 0.725779 0.023876 0.233663
18 0.581277 0.733378 0.043772 0.237462
19 0.613609 0.725779 0.048747 0.229863
20 0.657879 0.752375 0.073617 0.248860
21 0.702149 0.732428 0.102467 0.220365
22 0.754377 0.704882 0.107441 0.203267
23 0.794170 0.667838 0.093514 0.208967
24 0.499702 0.730528 0.025865 0.231763
25 0.475826 0.728628 0.027855 0.246960
26 0.444986 0.724829 0.033824 0.246960
27 0.412654 0.735277 0.044767 0.264058
28 0.384302 0.731478 0.041783 0.252660
29 0.314166 0.713431 0.112415 0.216565
30 0.266912 0.668788 0.105452 0.214666