0 0.464935 0.446922 0.035084 0.235090
1 0.438545 0.444094 0.024527 0.239490
2 0.412931 0.433722 0.029806 0.236347
3 0.389179 0.434351 0.031358 0.198632
4 0.360926 0.440008 0.033221 0.214975
5 0.326929 0.457294 0.044087 0.204289
6 0.289828 0.447237 0.042535 0.195489
8 0.496448 0.448808 0.031668 0.235090
9 0.520976 0.434037 0.032910 0.234461
10 0.545037 0.431836 0.033842 0.250176
11 0.568633 0.425865 0.040672 0.233204
12 0.594868 0.427751 0.035394 0.230690
13 0.626847 0.428379 0.045329 0.210575
14 0.661310 0.418322 0.045950 0.201775
16 0.482477 0.694584 0.023596 0.218747
17 0.500950 0.695841 0.024527 0.230061
18 0.521752 0.699299 0.034463 0.247033
19 0.548918 0.711870 0.039120 0.269662
20 0.569565 0.699613 0.038809 0.245147
21 0.624208 0.696784 0.089727 0.252062
23 0.698256 0.603754 0.099352 0.190461
24 0.466332 0.710927 0.017387 0.247662
25 0.450032 0.717527 0.028874 0.272176
26 0.429220 0.758435 0.034601 0.348361
27 0.402455 0.708341 0.043257 0.232965
28 0.374324 0.715782 0.046932 0.228386
29 0.334319 0.706338 0.073225 0.220945
30 0.292900 0.684873 0.071246 0.212359
31 0.253319 0.606454 0.072942 0.181450