0 0.477891 0.422577 0.031368 0.357143
1 0.455593 0.427221 0.023054 0.307329
2 0.438020 0.390493 0.029478 0.374029
3 0.423469 0.423421 0.035147 0.303107
4 0.404195 0.420888 0.035903 0.282844
5 0.376228 0.404424 0.050265 0.297197
6 0.346561 0.403158 0.053666 0.223742
7 0.332766 0.308595 0.053288 0.149443
8 0.505102 0.412023 0.026077 0.357987
9 0.524943 0.445795 0.028723 0.246538
10 0.544218 0.414978 0.033258 0.289598
11 0.560091 0.385849 0.037793 0.314083
12 0.578798 0.401047 0.035903 0.276933
13 0.606009 0.383316 0.053288 0.293820
14 0.641345 0.359676 0.055933 0.258359
15 0.645692 0.292553 0.068405 0.134245
23 0.705026 0.551756 0.055556 0.122425
22 0.667989 0.601570 0.099395 0.220365
21 0.627551 0.653495 0.102419 0.239784
20 0.592026 0.692334 0.069917 0.226275
19 0.564059 0.716396 0.049509 0.242317
18 0.540438 0.727795 0.037037 0.249916
17 0.519652 0.730750 0.034769 0.247383
16 0.497543 0.724417 0.026833 0.234718
24 0.478080 0.746792 0.030990 0.269335
25 0.456160 0.742570 0.043084 0.264269
26 0.442744 0.725684 0.032124 0.232185
27 0.420068 0.713019 0.029856 0.216988
28 0.393424 0.708376 0.050642 0.236407
29 0.357143 0.683046 0.082389 0.233029
30 0.315382 0.634498 0.085034 0.228808
31 0.280423 0.588061 0.053666 0.124113