0 0.484020 0.482785 0.031528 0.258097
1 0.459790 0.484095 0.023938 0.224033
2 0.435559 0.457237 0.033864 0.296091
3 0.416000 0.490646 0.034448 0.231894
4 0.396441 0.478854 0.035032 0.244995
5 0.366956 0.476889 0.055467 0.238445
6 0.332800 0.461823 0.057218 0.252856
8 0.511753 0.478199 0.029777 0.259407
9 0.537443 0.477544 0.027441 0.226653
10 0.564884 0.462478 0.034448 0.277749
11 0.586195 0.474269 0.035032 0.246305
12 0.606338 0.478854 0.033280 0.224033
13 0.634656 0.472959 0.046709 0.227964
14 0.673190 0.457237 0.049044 0.254166
16 0.507374 0.686511 0.018684 0.204381
17 0.524890 0.688476 0.021019 0.218793
18 0.548536 0.704198 0.028609 0.279059
19 0.578021 0.698957 0.029193 0.242375
20 0.600208 0.715989 0.033864 0.268578
21 0.637867 0.698957 0.071815 0.242375
22 0.680781 0.677995 0.068895 0.226653
24 0.489858 0.683891 0.019851 0.233204
25 0.470591 0.706163 0.022187 0.254166
26 0.448112 0.720574 0.028609 0.280369
27 0.426218 0.712058 0.032696 0.244995
28 0.406950 0.721229 0.032696 0.255476
29 0.371043 0.713369 0.078821 0.244995
30 0.326378 0.682580 0.087579 0.222723