0 0.480720 0.402134 0.038894 0.261067
1 0.454449 0.394610 0.028659 0.259562
2 0.424937 0.383701 0.031047 0.296428
3 0.404296 0.396867 0.040259 0.274610
5 0.350731 0.414171 0.044353 0.259562
6 0.310813 0.421695 0.046400 0.238496
8 0.522173 0.396491 0.044694 0.278371
9 0.549467 0.400629 0.031047 0.270095
10 0.582903 0.399500 0.053565 0.305456
11 0.604738 0.409657 0.056294 0.288152
12 0.628791 0.423952 0.051859 0.267086
13 0.662909 0.443513 0.067553 0.246020
14 0.701633 0.451037 0.053565 0.238496
16 0.516714 0.660191 0.024906 0.230973
17 0.538209 0.665082 0.022177 0.248277
18 0.560726 0.672981 0.025588 0.249029
19 0.586997 0.679376 0.031047 0.240754
20 0.618727 0.697057 0.042647 0.259562
22 0.699074 0.685395 0.081883 0.225706
23 0.749739 0.640254 0.087683 0.227211
24 0.496073 0.668091 0.025247 0.248277
25 0.474067 0.672605 0.032412 0.264829
26 0.449332 0.686900 0.029341 0.293418
27 0.424084 0.672229 0.029341 0.250534
28 0.394743 0.691038 0.039577 0.273105
29 0.355678 0.672981 0.062436 0.229468
30 0.314225 0.652292 0.079836 0.219688
31 0.269360 0.617683 0.084271 0.221192