0 0.478868 0.438174 0.041064 0.266648
1 0.453598 0.436101 0.032219 0.248687
2 0.430855 0.440246 0.042327 0.243161
3 0.405585 0.438174 0.047381 0.236253
4 0.379367 0.408469 0.032851 0.196187
5 0.350306 0.405015 0.046750 0.261122
6 0.317139 0.390508 0.042327 0.251451
8 0.518037 0.426430 0.037273 0.279083
9 0.545834 0.425739 0.029692 0.272175
10 0.572367 0.424358 0.033483 0.283227
11 0.593847 0.443009 0.032219 0.221056
12 0.622276 0.420213 0.032219 0.241779
13 0.658285 0.423667 0.052435 0.237635
14 0.696822 0.416068 0.047381 0.222437
16 0.518668 0.704131 0.029692 0.234872
17 0.540148 0.716565 0.025902 0.248687
18 0.568893 0.711730 0.039169 0.266648
19 0.589424 0.704131 0.033483 0.256977
20 0.619117 0.686170 0.048645 0.237635
21 0.666498 0.666137 0.084023 0.225200
22 0.711668 0.642650 0.087182 0.219674
24 0.498768 0.728309 0.025270 0.283227
25 0.477604 0.709657 0.036010 0.243161
26 0.449176 0.703440 0.033483 0.252832
27 0.417904 0.697914 0.046750 0.252832
28 0.392002 0.688243 0.025270 0.216911
29 0.352518 0.669591 0.077705 0.229345
30 0.314297 0.635051 0.075810 0.218292