0 0.465426 0.373238 0.044035 0.285991
1 0.437666 0.355278 0.034462 0.277701
8 0.505951 0.371857 0.040844 0.285991
9 0.538498 0.371857 0.029356 0.280464
10 0.565302 0.349751 0.034462 0.327439
13 0.654009 0.354587 0.084240 0.284609
14 0.696129 0.359422 0.063818 0.230727
16 0.526373 0.659920 0.026804 0.223819
17 0.545837 0.663374 0.027442 0.263885
18 0.570727 0.660611 0.035100 0.291517
20 0.629439 0.647485 0.044035 0.187897
22 0.714318 0.572879 0.088707 0.179608
24 0.504994 0.673045 0.026165 0.216911
25 0.483296 0.673736 0.024889 0.215529
26 0.452663 0.686170 0.049140 0.276319
27 0.419477 0.646795 0.046587 0.239016
28 0.401927 0.630216 0.058713 0.269411
29 0.368423 0.623998 0.092536 0.292899
30 0.325026 0.590840 0.086155 0.276319
31 0.280992 0.545247 0.072115 0.215529