0 0.486856 0.391890 0.037644 0.259740
1 0.463329 0.392581 0.033252 0.247306
2 0.432273 0.379456 0.036389 0.265267
3 0.419725 0.389127 0.041408 0.240398
4 0.398394 0.387745 0.043917 0.248687
5 0.364828 0.391890 0.047054 0.265267
6 0.327185 0.393272 0.043290 0.243161
7 0.301148 0.329027 0.051446 0.128489
8 0.523245 0.392581 0.037644 0.269411
9 0.554614 0.410542 0.025096 0.227964
10 0.584102 0.390508 0.031370 0.276319
11 0.604806 0.400180 0.037644 0.273556
12 0.628647 0.393962 0.035134 0.277701
13 0.664722 0.420904 0.049564 0.248687
14 0.708953 0.423667 0.050191 0.226582
15 0.739381 0.364949 0.049564 0.134015
16 0.512579 0.667519 0.022586 0.214148
17 0.534538 0.674427 0.025096 0.208621
18 0.559320 0.694460 0.033252 0.265267
19 0.586611 0.686861 0.032624 0.239016
20 0.612648 0.690315 0.042035 0.248687
21 0.656566 0.686861 0.077169 0.230727
22 0.708639 0.663374 0.093481 0.219674
23 0.758831 0.631597 0.075914 0.145068
24 0.493130 0.664065 0.031370 0.210003
25 0.471485 0.670973 0.033252 0.237635
26 0.445762 0.668209 0.028233 0.254214
27 0.424431 0.666828 0.034507 0.262503
28 0.400276 0.664065 0.042663 0.245924
29 0.358554 0.671663 0.075914 0.244543
30 0.318401 0.634360 0.083443 0.211384