1 0.443238 0.490234 0.033607 0.187500
2 0.394672 0.485938 0.060246 0.210156
3 0.368033 0.509766 0.044672 0.171875
4 0.337500 0.519141 0.036885 0.160938
5 0.302459 0.536719 0.049590 0.147656
6 0.258811 0.533594 0.044262 0.161719
7 0.217828 0.544922 0.039344 0.137500
25 0.476639 0.680859 0.043033 0.164062
26 0.444035 0.709375 0.042667 0.189844
27 0.410861 0.713672 0.033607 0.190625
28 0.376844 0.714063 0.031967 0.183594
29 0.337090 0.720703 0.049180 0.176563
9 0.548770 0.491797 0.031557 0.187500
10 0.594467 0.475781 0.057377 0.230469
11 0.627869 0.505078 0.049590 0.181250
12 0.658811 0.514062 0.039344 0.174219
13 0.697951 0.523047 0.056148 0.171875
14 0.744057 0.525781 0.045902 0.166406
15 0.786066 0.529297 0.044672 0.142187
17 0.545082 0.678906 0.025000 0.149219
18 0.575205 0.712500 0.036066 0.203906
19 0.606762 0.716016 0.036066 0.201563
21 0.679303 0.714063 0.058197 0.171094
0 0.473283 0.485067 0.044096 0.192840
8 0.516082 0.486551 0.037352 0.183940
16 0.521270 0.669502 0.023864 0.148339
20 0.638774 0.712520 0.036833 0.182951
22 0.733970 0.697191 0.063291 0.162184
23 0.789479 0.665051 0.077817 0.111748
24 0.498184 0.673457 0.033721 0.158228
30 0.285744 0.723398 0.059141 0.182951
31 0.224269 0.692247 0.084561 0.114715