29 0.345451 0.645852 0.065332 0.174450
0 0.490868 0.464252 0.035827 0.211628
22 0.704266 0.627621 0.114200 0.176313
1 0.461431 0.460518 0.028442 0.198242
2 0.434497 0.447799 0.033183 0.227189
3 0.405408 0.467536 0.030166 0.185962
4 0.379983 0.449554 0.031028 0.195611
5 0.347231 0.463588 0.041370 0.172804
6 0.309955 0.439905 0.047835 0.179821
8 0.523486 0.464466 0.033613 0.199119
10 0.579078 0.463588 0.031028 0.195611
9 0.551498 0.457010 0.026718 0.201751
11 0.606443 0.464466 0.034906 0.200874
12 0.639625 0.451308 0.036630 0.204382
14 0.710084 0.417975 0.045680 0.199119
24 0.479961 0.672795 0.025856 0.152629
25 0.461215 0.677620 0.028011 0.188593
26 0.436005 0.683321 0.035337 0.185962
27 0.412303 0.681567 0.033613 0.214031
28 0.385800 0.669287 0.040939 0.187716
30 0.300905 0.628059 0.067658 0.177190
16 0.499785 0.667532 0.024133 0.164909
17 0.522409 0.677181 0.026287 0.166664
18 0.549127 0.692970 0.035768 0.208768
20 0.610106 0.677181 0.044818 0.192979
23 0.740465 0.566218 0.084895 0.146489