0 0.488249 0.454043 0.040013 0.145207
1 0.458716 0.456747 0.030486 0.124353
2 0.427039 0.436665 0.034773 0.161427
3 0.400840 0.446320 0.034773 0.137484
6 0.311288 0.438210 0.044300 0.124353
8 0.528499 0.445161 0.041442 0.149069
9 0.563034 0.449409 0.031438 0.132849
10 0.592567 0.437823 0.031438 0.148297
11 0.618051 0.443616 0.040489 0.124353
16 0.519449 0.554839 0.027151 0.107361
17 0.548744 0.561018 0.037155 0.121264
18 0.574228 0.571445 0.038584 0.151386
19 0.604238 0.565266 0.032867 0.132849
20 0.635438 0.555998 0.039060 0.120491
21 0.674498 0.541709 0.065735 0.128987
24 0.493250 0.558701 0.026199 0.110450
25 0.469195 0.556384 0.031438 0.113540
26 0.440853 0.566811 0.031915 0.140573
27 0.412511 0.566425 0.032391 0.139801
28 0.385597 0.553680 0.032867 0.122036
29 0.344870 0.545570 0.055255 0.127443