0 0.507580 0.380952 0.033594 0.139456
1 0.477398 0.380102 0.034119 0.132653
2 0.450890 0.373299 0.040942 0.170068
3 0.428057 0.380527 0.036218 0.152211
4 0.400500 0.372449 0.028345 0.141156
8 0.539259 0.381653 0.036743 0.149860
9 0.567789 0.385154 0.028098 0.135854
10 0.598048 0.376751 0.036743 0.170868
11 0.622687 0.387605 0.036743 0.130952
12 0.654459 0.385504 0.030259 0.128151
13 0.686015 0.379902 0.043227 0.135154
14 0.724920 0.365896 0.051873 0.139356
15 0.747614 0.344888 0.041066 0.111345
16 0.519374 0.537465 0.022910 0.115546
17 0.537530 0.541667 0.022046 0.139356
18 0.558927 0.562325 0.030259 0.180672
19 0.588970 0.563025 0.035879 0.130252
20 0.617500 0.558824 0.043659 0.138655
22 0.703738 0.519958 0.063112 0.116947
24 0.498842 0.538866 0.023343 0.122549
26 0.478092 0.555322 0.025936 0.165266
27 0.448482 0.556723 0.045389 0.148459
28 0.421033 0.546218 0.046685 0.134454
29 0.381264 0.532213 0.070893 0.137255
30 0.344521 0.492997 0.063112 0.121849
31 0.309723 0.453431 0.054034 0.108543