0 0.501314 0.474659 0.023191 0.159170
1 0.477930 0.471096 0.020485 0.159962
2 0.452613 0.452487 0.038652 0.187678
3 0.435026 0.475847 0.036719 0.159962
4 0.413188 0.480599 0.034014 0.163130
5 0.382460 0.497228 0.056818 0.164713
6 0.344581 0.488518 0.045223 0.185303
8 0.523925 0.476639 0.022032 0.161546
9 0.546150 0.479807 0.019326 0.153627
10 0.567795 0.463969 0.028602 0.191638
11 0.587121 0.486934 0.034787 0.169465
12 0.611085 0.492873 0.028602 0.189262
13 0.644712 0.500792 0.048701 0.179759
14 0.684910 0.509899 0.040971 0.164713
16 0.521606 0.640561 0.016620 0.126703
17 0.540353 0.650063 0.020099 0.139373
18 0.563737 0.680155 0.023578 0.185303
19 0.587314 0.687282 0.027443 0.175800
24 0.502860 0.643332 0.018553 0.129078
25 0.485274 0.654419 0.015847 0.146500
26 0.465948 0.673820 0.025897 0.178967
27 0.441211 0.675008 0.030535 0.167089