0 0.503053 0.357561 0.023578 0.132985
1 0.483341 0.370166 0.020485 0.127943
2 0.462856 0.380250 0.022032 0.117859
8 0.525085 0.378359 0.025124 0.126683
9 0.545377 0.374263 0.017780 0.129834
10 0.564510 0.371426 0.024351 0.136767
11 0.582096 0.380880 0.027829 0.122901
16 0.530496 0.524580 0.015074 0.096430
17 0.546150 0.524895 0.020099 0.114708
18 0.564896 0.538761 0.026670 0.123531
19 0.582676 0.542543 0.023578 0.123531
20 0.605481 0.529937 0.030535 0.119750
21 0.633310 0.518278 0.047542 0.116599
22 0.673122 0.500000 0.056818 0.126683
23 0.713513 0.465336 0.074985 0.119120
25 0.500155 0.526786 0.017780 0.114708
26 0.482182 0.534034 0.021259 0.122901
27 0.463435 0.538131 0.024737 0.121010
28 0.442177 0.531198 0.025510 0.123531
29 0.415121 0.518908 0.051020 0.116599
30 0.370864 0.500000 0.061456 0.127943
31 0.341489 0.472584 0.052953 0.117229