0 0.505138 0.407579 0.030932 0.154219
1 0.479448 0.411251 0.028835 0.159727
2 0.455594 0.400694 0.025165 0.173496
3 0.433837 0.403907 0.022544 0.141367
4 0.407623 0.399776 0.029884 0.131270
8 0.528730 0.419053 0.024641 0.158809
9 0.553895 0.425938 0.023592 0.150547
10 0.575915 0.421348 0.028835 0.161563
11 0.598721 0.412169 0.030408 0.146875
12 0.622575 0.413546 0.029884 0.142285
13 0.651935 0.402530 0.045612 0.166153
14 0.691255 0.390137 0.044563 0.139531
15 0.730314 0.373614 0.039845 0.128516
16 0.523225 0.542979 0.018874 0.129434
17 0.543148 0.535177 0.019922 0.130352
18 0.566478 0.555372 0.028835 0.150547
19 0.593740 0.555831 0.031981 0.140449
20 0.616546 0.554913 0.036699 0.155137
22 0.703313 0.514063 0.080214 0.141367
23 0.744469 0.486524 0.073398 0.137696
24 0.508021 0.537472 0.016777 0.107403
25 0.488623 0.541143 0.023068 0.122090
26 0.462672 0.550323 0.026738 0.156973
27 0.439079 0.543438 0.031981 0.141367
28 0.412079 0.538390 0.032505 0.138613
31 0.287564 0.487442 0.069728 0.128516