0 0.506333 0.413207 0.028211 0.141811
1 0.482728 0.398048 0.024757 0.156481
3 0.459123 0.393647 0.032817 0.165283
4 0.438108 0.399026 0.033393 0.150613
5 0.404716 0.389246 0.050665 0.156481
6 0.373626 0.395114 0.037999 0.136921
7 0.338506 0.377021 0.035696 0.128119
8 0.534544 0.403916 0.028211 0.154525
9 0.563043 0.400493 0.025332 0.145723
11 0.603344 0.394625 0.026484 0.137899
12 0.626950 0.393647 0.028787 0.135943
13 0.660918 0.382889 0.043756 0.149635
16 0.535408 0.563820 0.026484 0.130075
17 0.556422 0.557952 0.023605 0.122251
18 0.575709 0.551106 0.028787 0.122251
19 0.599026 0.554040 0.039726 0.145723
20 0.625222 0.534969 0.043756 0.133009
22 0.692871 0.489002 0.088087 0.109537
23 0.723097 0.429344 0.086360 0.099756
24 0.514393 0.556974 0.020151 0.120295
25 0.495303 0.555519 0.021528 0.124337
27 0.453226 0.554854 0.037576 0.138965