16 0.497905 0.523502 0.028280 0.118809
17 0.530113 0.532784 0.032993 0.107671
18 0.567033 0.542530 0.034564 0.145727
19 0.604478 0.534176 0.037183 0.121594
20 0.642184 0.537425 0.036135 0.116953
24 0.472768 0.521181 0.027232 0.104886
25 0.446059 0.523502 0.029327 0.139229
26 0.414899 0.547635 0.035088 0.159650
27 0.382430 0.538353 0.032993 0.128091
28 0.351008 0.536497 0.025661 0.131804
0 0.463079 0.433003 0.036135 0.162434
1 0.429563 0.431611 0.034040 0.154080
2 0.398665 0.422329 0.030898 0.172644
3 0.370123 0.431147 0.028280 0.123450
4 0.342105 0.415831 0.025661 0.126234
5 0.303875 0.417688 0.045562 0.124378
6 0.257528 0.421400 0.050275 0.129947
8 0.501309 0.428362 0.039277 0.155009
9 0.535873 0.424185 0.038230 0.154080
10 0.572008 0.415831 0.038230 0.161506
11 0.606834 0.425577 0.041896 0.140157
12 0.641398 0.427434 0.040848 0.140157
13 0.680937 0.428826 0.045562 0.137373
14 0.730689 0.426041 0.054988 0.131804
15 0.778083 0.424185 0.056559 0.141086