0 0.473084 0.376769 0.028866 0.178685
1 0.449485 0.375400 0.019894 0.156777
2 0.426275 0.361707 0.027306 0.181424
3 0.398774 0.374715 0.031597 0.144454
4 0.368348 0.367869 0.028476 0.147193
5 0.332850 0.378823 0.046420 0.140347
8 0.504096 0.385327 0.032377 0.169785
9 0.531402 0.386011 0.022235 0.153354
10 0.565924 0.371634 0.048370 0.180739
13 0.654472 0.374030 0.052271 0.147193
16 0.500000 0.546896 0.019504 0.125970
17 0.520089 0.553400 0.023795 0.132131
18 0.548370 0.555112 0.040568 0.157462
19 0.571190 0.544842 0.038618 0.146508
20 0.600251 0.536285 0.040568 0.141716
21 0.637309 0.521565 0.066314 0.141031
22 0.687239 0.494865 0.071775 0.139662
24 0.479521 0.550319 0.019114 0.134185
25 0.457676 0.548266 0.026135 0.149247
26 0.436222 0.541762 0.030816 0.155408
27 0.411452 0.520196 0.030426 0.132816
28 0.380635 0.520196 0.031206 0.134185