0 0.500264 0.396438 0.034910 0.160367
1 0.471702 0.402709 0.024331 0.154992
2 0.447370 0.385239 0.035968 0.159471
3 0.419072 0.376280 0.037555 0.161263
4 0.390773 0.377176 0.032795 0.157679
5 0.355598 0.371800 0.048134 0.173806
6 0.316721 0.361050 0.049721 0.141553
8 0.529621 0.398230 0.032266 0.169326
9 0.552894 0.393302 0.035439 0.159471
10 0.584631 0.374488 0.039671 0.193515
11 0.612401 0.385239 0.043373 0.163055
12 0.642815 0.387479 0.037555 0.165742
13 0.680899 0.397782 0.054481 0.164846
14 0.728239 0.369113 0.051836 0.154096
16 0.506347 0.534407 0.023802 0.090486
17 0.533588 0.536199 0.028563 0.103029
18 0.563738 0.541127 0.040200 0.127218
19 0.606582 0.549190 0.047605 0.146928
23 0.791448 0.443473 0.097855 0.086007
24 0.474346 0.529480 0.042316 0.084215
25 0.448692 0.536647 0.043902 0.111092
26 0.416162 0.544262 0.059242 0.151408
27 0.394211 0.533063 0.044960 0.134386
28 0.363268 0.525896 0.046547 0.137969
30 0.284720 0.477069 0.065060 0.124531
31 0.215693 0.477517 0.074052 0.089590