8 0.507685 0.499005 0.025374 0.194669
0 0.487257 0.505171 0.028384 0.180575
1 0.464894 0.508254 0.021503 0.167363
2 0.448122 0.486673 0.025804 0.180575
3 0.427479 0.495922 0.030964 0.162077
4 0.402966 0.489315 0.028384 0.178814
5 0.374152 0.488434 0.055908 0.208763
6 0.337167 0.489756 0.037845 0.170886
9 0.525748 0.515300 0.027954 0.155031
10 0.547896 0.507813 0.028384 0.168243
11 0.570904 0.507813 0.036555 0.180575
12 0.591117 0.520145 0.033115 0.180575
13 0.626382 0.514420 0.051177 0.172648
14 0.665302 0.515741 0.042146 0.155911
16 0.506180 0.679580 0.019783 0.110107
17 0.527683 0.686627 0.024943 0.124201
18 0.554992 0.702923 0.036555 0.169124
23 0.740347 0.602505 0.079561 0.100418
24 0.484892 0.671212 0.023653 0.103941
25 0.462099 0.679580 0.024513 0.129486
26 0.434145 0.691031 0.038275 0.177052
27 0.410492 0.680901 0.039996 0.163839
30 0.305987 0.615718 0.065799 0.140937
31 0.236318 0.628931 0.068379 0.109226