8 0.525803 0.528339 0.024054 0.177230
0 0.504811 0.529238 0.025803 0.157438
1 0.482944 0.524290 0.022304 0.172732
2 0.465231 0.501799 0.026240 0.176330
3 0.446207 0.498201 0.035425 0.176330
4 0.421279 0.488754 0.032801 0.182628
6 0.351086 0.487405 0.041985 0.167334
9 0.543515 0.526090 0.026240 0.163735
10 0.566694 0.523391 0.027115 0.161936
11 0.587905 0.526540 0.030176 0.157438
12 0.610647 0.526540 0.029302 0.177230
13 0.642792 0.517543 0.041985 0.173631
14 0.681059 0.509446 0.039798 0.168234
16 0.522742 0.697922 0.023179 0.100760
17 0.542203 0.703320 0.027990 0.124151
18 0.566257 0.717264 0.034987 0.166434
23 0.736601 0.604359 0.080908 0.102559
24 0.501531 0.690725 0.018368 0.104359
25 0.481413 0.701520 0.021867 0.127750
26 0.458015 0.705569 0.030176 0.162836
27 0.433743 0.693424 0.034113 0.158337
30 0.327032 0.620552 0.069100 0.140345
31 0.255964 0.632698 0.069537 0.105258