16 0.512060 0.695747 0.017709 0.108807
17 0.531065 0.697516 0.019437 0.119423
18 0.555037 0.718747 0.025916 0.170730
23 0.729107 0.624978 0.080340 0.105269
24 0.494134 0.691324 0.017277 0.110576
25 0.476425 0.699285 0.021597 0.130038
26 0.452237 0.710343 0.029372 0.171615
27 0.430208 0.705920 0.030235 0.152153
30 0.331295 0.646651 0.061335 0.136230
31 0.262185 0.666555 0.069110 0.103500
0 0.494350 0.582517 0.021165 0.115884
1 0.474697 0.578536 0.019005 0.122076
2 0.457852 0.582074 0.025052 0.152153
3 0.437983 0.571901 0.029372 0.163653
4 0.413794 0.563055 0.028508 0.176038
6 0.348140 0.559074 0.039738 0.162768
8 0.516163 0.584728 0.020733 0.114999
9 0.533440 0.579420 0.024188 0.129153
10 0.555469 0.585170 0.027644 0.161884
11 0.579442 0.582959 0.034987 0.168076
12 0.600390 0.579863 0.029372 0.145961
13 0.633434 0.570574 0.045353 0.159230
14 0.671876 0.556863 0.046217 0.158345