1 0.473692 0.434453 0.022894 0.135255
2 0.454413 0.432026 0.022894 0.158144
3 0.436741 0.453528 0.030123 0.138723
4 0.412843 0.458036 0.028918 0.144966
5 0.382920 0.451794 0.040566 0.142191
6 0.344363 0.444164 0.041369 0.138030
9 0.541169 0.432026 0.019681 0.135949
10 0.563058 0.416419 0.021689 0.171323
13 0.623506 0.432026 0.057435 0.133174
14 0.668691 0.436881 0.052214 0.141498
15 0.706446 0.433066 0.040968 0.128319
16 0.518676 0.565894 0.019681 0.105430
17 0.538357 0.577338 0.021287 0.133868
18 0.561653 0.586355 0.029320 0.158838
19 0.586555 0.573870 0.030123 0.154676
24 0.499799 0.570402 0.020484 0.124157
25 0.480721 0.573870 0.018476 0.132481
26 0.459032 0.594332 0.028918 0.148434