0 0.481571 0.348059 0.023256 0.120540
1 0.463580 0.344669 0.016235 0.124307
2 0.442298 0.333368 0.026328 0.158962
3 0.427599 0.343162 0.030277 0.146908
4 0.404781 0.352956 0.037298 0.151428
5 0.377795 0.364257 0.048268 0.137868
6 0.334354 0.372921 0.047390 0.134101
7 0.293985 0.377441 0.043880 0.129581
8 0.505046 0.348059 0.021940 0.114513
9 0.524353 0.354463 0.020185 0.116773
10 0.546512 0.334875 0.025011 0.160469
11 0.563845 0.340149 0.030716 0.149922
12 0.586882 0.356723 0.025011 0.127320
14 0.643487 0.369907 0.049584 0.122047
15 0.686269 0.374051 0.045635 0.127320
16 0.495612 0.493837 0.013603 0.118280
17 0.511628 0.492707 0.017552 0.122047
18 0.526986 0.527363 0.021062 0.156702
23 0.693071 0.505138 0.083810 0.100199
24 0.482009 0.493461 0.015358 0.114513
25 0.469065 0.491954 0.020185 0.128074
26 0.453707 0.514179 0.021940 0.125814
27 0.435277 0.526986 0.026328 0.137868
28 0.415093 0.527363 0.038614 0.141635
29 0.381086 0.530376 0.059238 0.131087
30 0.330405 0.522466 0.067575 0.101706