0 0.480964 0.439964 0.037300 0.174501
1 0.444189 0.434859 0.035199 0.175429
2 0.409253 0.424649 0.031521 0.182854
3 0.377206 0.432539 0.030471 0.152224
4 0.349887 0.437644 0.028369 0.140157
5 0.318366 0.411654 0.047282 0.166147
6 0.278439 0.394483 0.039927 0.155937
8 0.519052 0.432539 0.038876 0.176357
9 0.555564 0.433467 0.030996 0.165219
10 0.586823 0.414439 0.030471 0.179142
11 0.618082 0.424185 0.030996 0.161506
12 0.645400 0.433931 0.028895 0.147583
13 0.680599 0.435787 0.041503 0.149439
14 0.717637 0.406549 0.040978 0.168931
15 0.751260 0.388914 0.048333 0.148511
18 0.573952 0.576409 0.046757 0.168931
19 0.608888 0.565735 0.039927 0.149439
20 0.641197 0.553668 0.046757 0.106742
26 0.428691 0.571304 0.037826 0.160578
27 0.387976 0.567591 0.035199 0.147583
28 0.355141 0.551812 0.036775 0.121594
29 0.308647 0.553668 0.070923 0.155009
30 0.260577 0.505866 0.079854 0.137373
17 0.542078 0.566293 0.049850 0.134480
16 0.508040 0.565346 0.040738 0.125009
25 0.465426 0.562505 0.036986 0.119327