0 0.486306 0.427102 0.026606 0.119474
1 0.463808 0.423588 0.022302 0.103501
2 0.439158 0.418157 0.026997 0.116918
3 0.414117 0.406977 0.032475 0.129057
4 0.390641 0.405380 0.036388 0.113085
8 0.514086 0.429658 0.025824 0.114362
9 0.536192 0.423269 0.022302 0.113085
10 0.560451 0.425185 0.026215 0.120751
11 0.587057 0.412407 0.031693 0.136085
12 0.611902 0.410491 0.032866 0.130974
13 0.640465 0.405060 0.040692 0.130335
14 0.682135 0.405699 0.045778 0.107335
16 0.506652 0.567340 0.020346 0.098390
17 0.526019 0.561590 0.021520 0.098390
18 0.547539 0.575645 0.026997 0.117557
19 0.575123 0.566062 0.032866 0.116279
20 0.608381 0.561270 0.043039 0.114362
24 0.486893 0.565742 0.019172 0.095196
25 0.469090 0.564784 0.021128 0.109890
26 0.446201 0.567659 0.025432 0.114362
27 0.420182 0.557117 0.034431 0.118835
28 0.395727 0.544339 0.038735 0.109890
29 0.358753 0.529325 0.074341 0.129696
30 0.318648 0.493228 0.059864 0.120112