16 0.485921 0.656734 0.025079 0.131454
17 0.506820 0.655815 0.027279 0.135131
18 0.533658 0.661330 0.031679 0.136970
19 0.562697 0.667306 0.038718 0.163629
24 0.459742 0.666846 0.030799 0.146163
25 0.442143 0.656734 0.023759 0.146163
26 0.416844 0.668225 0.026839 0.158113
27 0.390885 0.660411 0.035638 0.157194
28 0.363386 0.652597 0.037838 0.152597
0 0.464142 0.523901 0.032559 0.159951
1 0.437083 0.515627 0.025079 0.156274
2 0.410024 0.512410 0.028159 0.164548
3 0.382525 0.493106 0.034758 0.195803
4 0.354587 0.505056 0.033438 0.149840
8 0.494720 0.522062 0.032119 0.163629
9 0.522659 0.518845 0.025519 0.151678
10 0.551258 0.512870 0.033438 0.182014
11 0.582936 0.505516 0.038718 0.158113
12 0.611755 0.513329 0.035638 0.164548
13 0.643654 0.501379 0.044878 0.171902
14 0.689631 0.504596 0.048838 0.145243
29 0.327968 0.642026 0.067317 0.170063
30 0.282430 0.589168 0.063357 0.148920