16 0.500710 0.579311 0.011360 0.096843
17 0.517304 0.579905 0.015943 0.107683
18 0.535580 0.587450 0.022165 0.152951
19 0.556384 0.585735 0.025665 0.144035
20 0.579132 0.588136 0.030720 0.144721
22 0.663320 0.547326 0.077771 0.138548
23 0.702594 0.504115 0.070772 0.123458
24 0.485418 0.581620 0.012055 0.101510
25 0.470252 0.581963 0.012832 0.102196
26 0.450226 0.599453 0.019443 0.150894
27 0.430978 0.589507 0.026053 0.135118
28 0.411146 0.598424 0.029164 0.155695
30 0.334347 0.559329 0.080882 0.152951
31 0.298378 0.524692 0.064161 0.131689
0 0.480168 0.460905 0.020221 0.157753
8 0.506805 0.463991 0.025276 0.152951
1 0.457809 0.469478 0.019832 0.131003
2 0.436616 0.442729 0.023331 0.166669
3 0.418729 0.456790 0.030331 0.134433
4 0.401230 0.449588 0.032664 0.143349
6 0.347957 0.424553 0.038886 0.150894
7 0.309655 0.401919 0.045496 0.144035
9 0.527998 0.455761 0.019443 0.137862
10 0.549385 0.431755 0.025665 0.158438
11 0.567661 0.426954 0.030331 0.146093
12 0.589243 0.430383 0.033053 0.148836
14 0.653015 0.410493 0.041608 0.154323
15 0.689957 0.391288 0.047052 0.141977