0 0.452686 0.378888 0.038938 0.168538
1 0.423935 0.381240 0.029430 0.162266
2 0.393373 0.366346 0.038032 0.179512
3 0.367566 0.385943 0.042560 0.154427
4 0.347417 0.390255 0.037580 0.148940
6 0.285615 0.374969 0.043466 0.148156
7 0.241923 0.359683 0.047541 0.153644
8 0.488681 0.372225 0.034863 0.175593
9 0.520375 0.368306 0.032146 0.153644
10 0.551389 0.340085 0.035316 0.181864
11 0.577650 0.352628 0.044371 0.161483
12 0.607759 0.356939 0.043918 0.157563
14 0.686767 0.345181 0.047993 0.159131
15 0.732722 0.322448 0.053879 0.159131
16 0.489360 0.541155 0.020827 0.123072
17 0.512225 0.541155 0.023091 0.123072
18 0.535542 0.552129 0.028072 0.173241
19 0.562935 0.551737 0.033052 0.161483
20 0.590780 0.556440 0.038938 0.164618
22 0.688125 0.519597 0.085120 0.152076
23 0.733175 0.478051 0.074707 0.130127
24 0.470344 0.542330 0.020827 0.122288
25 0.447932 0.549777 0.022186 0.119936
26 0.423935 0.570159 0.027619 0.168538
27 0.398580 0.561536 0.030335 0.135614
28 0.374357 0.575254 0.036221 0.163050
30 0.289010 0.546642 0.078329 0.162266
31 0.249393 0.518422 0.059765 0.140317