0 0.452489 0.381371 0.036819 0.165524
8 0.489792 0.373885 0.034881 0.173842
1 0.424148 0.384283 0.026645 0.154711
2 0.393384 0.368895 0.036819 0.178833
3 0.366981 0.389273 0.040210 0.146393
4 0.347118 0.390521 0.034397 0.148889
6 0.286076 0.376797 0.045055 0.148057
7 0.243201 0.361409 0.049415 0.150552
9 0.519102 0.368479 0.032459 0.154711
10 0.550835 0.342278 0.035850 0.182160
11 0.575542 0.354339 0.043602 0.153048
12 0.606790 0.357666 0.046993 0.159702
14 0.684789 0.348100 0.047962 0.152216
15 0.730086 0.325226 0.052322 0.164693
16 0.488339 0.538162 0.019379 0.114786
17 0.510624 0.541489 0.024223 0.119776
18 0.533636 0.541489 0.030521 0.148057
19 0.561493 0.548559 0.031975 0.153879
20 0.589350 0.555629 0.036335 0.163029
22 0.686242 0.519863 0.082843 0.143066
23 0.729844 0.481601 0.072185 0.123104
24 0.468476 0.541489 0.022285 0.121440
25 0.447886 0.548143 0.021801 0.119776
26 0.423421 0.567690 0.025192 0.160534
27 0.398229 0.561452 0.032944 0.139739
28 0.374732 0.571433 0.035366 0.154711
30 0.291162 0.542737 0.079452 0.155543
31 0.248530 0.519031 0.059105 0.138076