0 0.477791 0.417032 0.031029 0.155473
1 0.449392 0.417947 0.025770 0.155473
8 0.509082 0.421605 0.031555 0.159131
2 0.423622 0.394169 0.024718 0.188396
3 0.399956 0.416575 0.036288 0.161874
9 0.541426 0.417032 0.039443 0.168276
10 0.569562 0.402857 0.042073 0.196627
13 0.662649 0.417947 0.047332 0.149985
14 0.706299 0.397827 0.046280 0.133524
16 0.506453 0.559701 0.017881 0.120720
17 0.524860 0.570676 0.018933 0.139011
18 0.547737 0.574791 0.026821 0.156387
19 0.572718 0.569761 0.036814 0.155473
23 0.726284 0.500713 0.086250 0.132609
24 0.486731 0.560616 0.014200 0.122549
25 0.466747 0.565646 0.019459 0.149071
26 0.445184 0.563360 0.025770 0.157302
27 0.421255 0.553757 0.026296 0.152729
29 0.360775 0.538667 0.086250 0.151814
30 0.323962 0.505743 0.073628 0.137182
31 0.280837 0.464132 0.075731 0.138096