0 0.483576 0.516668 0.029516 0.188254
1 0.455479 0.507879 0.026799 0.187839
2 0.429112 0.482507 0.031121 0.211876
3 0.404258 0.478056 0.033283 0.172705
4 0.378756 0.454019 0.035876 0.163803
5 0.346554 0.423751 0.050140 0.201193
6 0.311759 0.406837 0.047114 0.151340
9 0.534579 0.516336 0.036308 0.149559
10 0.563756 0.476720 0.030689 0.225229
11 0.588826 0.480726 0.038470 0.176266
12 0.618434 0.475385 0.033715 0.160242
13 0.647178 0.445562 0.053166 0.186059
14 0.680029 0.425532 0.060082 0.162023
15 0.684783 0.345856 0.062675 0.109499
16 0.496326 0.692157 0.021180 0.127303
17 0.517938 0.697498 0.022909 0.139767
18 0.549059 0.705511 0.041927 0.182498
19 0.571536 0.690822 0.035876 0.172705
20 0.603090 0.666340 0.045385 0.166474
21 0.646530 0.650761 0.080397 0.204754
22 0.693860 0.587109 0.083423 0.170035
23 0.737085 0.558622 0.077371 0.100596
24 0.475578 0.690822 0.026367 0.131755
25 0.451805 0.690822 0.034147 0.142437
26 0.422845 0.704620 0.044521 0.187839
27 0.399720 0.664560 0.043224 0.143328
28 0.374650 0.652542 0.044089 0.156681
30 0.294901 0.586219 0.079100 0.175376
31 0.255567 0.532360 0.069591 0.097926