1 0.449071 0.375179 0.038636 0.154395
2 0.424923 0.372092 0.039514 0.185274
3 0.401654 0.394093 0.033367 0.150535
5 0.345895 0.407988 0.049173 0.136639
6 0.305942 0.421112 0.040392 0.135095
8 0.512513 0.369776 0.031172 0.143587
9 0.541929 0.375565 0.026782 0.158255
10 0.567613 0.362056 0.039514 0.202257
11 0.595931 0.392549 0.028538 0.159799
12 0.624908 0.402971 0.041709 0.143587
14 0.697351 0.416866 0.039953 0.131236
16 0.519538 0.523013 0.018879 0.133552
17 0.537099 0.526100 0.018001 0.135095
18 0.560588 0.546558 0.028977 0.163659
24 0.501756 0.520697 0.017562 0.136639
25 0.480682 0.524942 0.023708 0.148219
26 0.460266 0.546944 0.028538 0.175238
27 0.435680 0.538838 0.025904 0.138955
28 0.411971 0.545014 0.033806 0.145131