0 0.489883 0.476983 0.028413 0.178814
1 0.466851 0.475222 0.024539 0.166482
2 0.440806 0.448355 0.032718 0.211405
3 0.419927 0.473460 0.030566 0.147103
8 0.518942 0.481388 0.029705 0.177052
9 0.546279 0.481388 0.024108 0.177052
10 0.571463 0.455843 0.032288 0.217571
11 0.596002 0.468615 0.029705 0.179695
16 0.512295 0.663634 0.018771 0.132027
17 0.531457 0.662834 0.021118 0.127226
18 0.555508 0.682438 0.024637 0.166435
19 0.581514 0.674836 0.031285 0.162434
20 0.612408 0.662834 0.047710 0.178437
21 0.650732 0.636028 0.071174 0.193640
22 0.693163 0.584818 0.065308 0.150431
24 0.492155 0.660033 0.021509 0.132828
25 0.472406 0.654432 0.022682 0.153632
26 0.448356 0.672036 0.023073 0.168035
27 0.424305 0.671236 0.032067 0.171236
28 0.394780 0.661634 0.045755 0.177637
29 0.356456 0.626826 0.073129 0.184838
30 0.315785 0.604022 0.066872 0.172836
31 0.263187 0.609223 0.068045 0.103221