0 0.491562 0.476568 0.025510 0.172915
1 0.470173 0.460811 0.025903 0.168875
5 0.384223 0.438995 0.045526 0.178571
6 0.343799 0.440611 0.037677 0.157563
8 0.518250 0.478184 0.030220 0.176147
9 0.545526 0.480608 0.023548 0.156755
13 0.636185 0.440207 0.041601 0.197156
14 0.674451 0.443439 0.041994 0.168067
16 0.520408 0.700792 0.018838 0.178571
17 0.540620 0.693116 0.020016 0.172915
18 0.561224 0.690288 0.024333 0.193116
19 0.588305 0.672107 0.031397 0.166451
20 0.614796 0.661603 0.041209 0.161603
21 0.651295 0.646655 0.054553 0.173723
22 0.698587 0.609486 0.068289 0.157563
24 0.500589 0.715740 0.019231 0.203620
25 0.479984 0.699580 0.022763 0.184228
26 0.456044 0.701196 0.025118 0.216548
27 0.427002 0.692308 0.042386 0.198772
28 0.400706 0.660391 0.045526 0.162411
29 0.364011 0.641807 0.063972 0.164027
30 0.321232 0.611506 0.062402 0.163219