0 0.480579 0.364467 0.024513 0.173916
1 0.452626 0.364845 0.023653 0.145938
6 0.314580 0.317963 0.042575 0.156524
8 0.505092 0.362576 0.025373 0.171647
9 0.530465 0.368626 0.024513 0.148963
16 0.487890 0.534980 0.015912 0.129303
24 0.473483 0.539895 0.018922 0.120985
17 0.504662 0.541029 0.019352 0.142913
18 0.525519 0.559555 0.026663 0.155768
19 0.546376 0.550481 0.028813 0.145182
20 0.568524 0.551615 0.043005 0.165598
21 0.606583 0.530065 0.071818 0.158793
22 0.648298 0.513429 0.062357 0.140645
23 0.700549 0.467682 0.077409 0.115692
25 0.459077 0.531199 0.021072 0.135352
26 0.437789 0.548591 0.024943 0.147450
27 0.417147 0.540273 0.030963 0.147450
30 0.332427 0.503599 0.059347 0.125522
31 0.296088 0.462389 0.068378 0.112667