0 0.480312 0.397018 0.015595 0.119409
1 0.463548 0.396344 0.014815 0.107266
2 0.445029 0.401741 0.020663 0.128854
3 0.428070 0.389597 0.022612 0.122108
4 0.406238 0.368346 0.021053 0.143021
5 0.378363 0.375430 0.037037 0.139648
6 0.343470 0.366660 0.034308 0.140997
7 0.311891 0.367672 0.035867 0.130878
8 0.500780 0.403764 0.016764 0.116711
9 0.519103 0.405788 0.019883 0.120758
10 0.532359 0.388585 0.025341 0.132227
11 0.553021 0.385549 0.024561 0.131552
12 0.574854 0.371382 0.030019 0.155839
13 0.604678 0.361600 0.046784 0.157863
14 0.644250 0.358564 0.040936 0.139648
15 0.681092 0.340349 0.038986 0.146394
16 0.503704 0.568036 0.016374 0.121433
17 0.513255 0.552857 0.026121 0.131552
18 0.539376 0.577481 0.028460 0.140322
24 0.487719 0.574108 0.017154 0.124131
25 0.471345 0.562639 0.020273 0.128179
26 0.452437 0.575120 0.023002 0.153140
27 0.429630 0.556230 0.025731 0.142346
28 0.405848 0.549147 0.031189 0.124131
29 0.367641 0.529582 0.049903 0.110639