0 0.470066 0.532425 0.025428 0.172004
1 0.449949 0.520608 0.024462 0.182508
2 0.429994 0.414582 0.051499 0.204173
3 0.409233 0.513386 0.020278 0.156248
4 0.394749 0.439858 0.025428 0.120797
6 0.320076 0.471370 0.042165 0.136553
8 0.499034 0.536692 0.031865 0.167409
9 0.520278 0.540631 0.026715 0.184478
10 0.550499 0.513480 0.033553 0.152083
15 0.694878 0.497641 0.036142 0.174563
16 0.494966 0.686905 0.020187 0.137914
17 0.513913 0.694446 0.020947 0.157790
18 0.540573 0.699301 0.029992 0.183036
19 0.563662 0.694203 0.032849 0.189348
20 0.590084 0.672355 0.046178 0.179638
22 0.668515 0.644681 0.053081 0.162160
23 0.710766 0.626960 0.058556 0.138370
24 0.476899 0.687163 0.022137 0.142254
25 0.460475 0.684250 0.025470 0.164587
26 0.438814 0.685949 0.032134 0.176725
27 0.420366 0.678910 0.035705 0.187891
28 0.398943 0.650022 0.043798 0.151478
29 0.369308 0.627446 0.060222 0.151964
30 0.330747 0.622591 0.058318 0.171384
31 0.297065 0.581808 0.053319 0.135457