0 0.483758 0.531001 0.045978 0.173809
1 0.447025 0.516263 0.036482 0.199219
2 0.416844 0.407028 0.073057 0.206322
3 0.387412 0.502972 0.035068 0.179152
4 0.370505 0.430377 0.033815 0.137548
6 0.278661 0.449905 0.051349 0.166416
8 0.533110 0.541604 0.054271 0.163020
9 0.572561 0.533538 0.042164 0.185945
10 0.608672 0.496179 0.039242 0.175756
15 0.764597 0.478349 0.038825 0.170662
16 0.530605 0.671935 0.030893 0.116322
17 0.573187 0.696133 0.055106 0.163020
18 0.602243 0.696749 0.046664 0.188269
19 0.630317 0.687104 0.042111 0.193670
20 0.661806 0.668971 0.051216 0.183639
22 0.740906 0.641965 0.053872 0.165121
23 0.780741 0.604543 0.050078 0.131942
24 0.500759 0.663184 0.028074 0.105708
25 0.466804 0.687489 0.049699 0.177466
26 0.432470 0.687875 0.048561 0.189040
27 0.404586 0.677073 0.046664 0.195213
28 0.379737 0.654311 0.050837 0.157405
29 0.341040 0.623833 0.069806 0.162806
30 0.297601 0.598370 0.064115 0.138115
31 0.253403 0.574451 0.059183 0.147374