0 0.492533 0.523245 0.029125 0.184632
1 0.465511 0.522249 0.024918 0.182639
2 0.440755 0.508634 0.026536 0.207213
3 0.417779 0.501660 0.032361 0.166700
6 0.334126 0.507638 0.046276 0.149432
8 0.521658 0.517268 0.029772 0.192601
10 0.572464 0.517268 0.026536 0.205884
14 0.672297 0.526566 0.046923 0.183303
15 0.705467 0.509298 0.033008 0.146111
16 0.520564 0.706829 0.020308 0.150658
17 0.541161 0.710104 0.023244 0.166966
18 0.564405 0.720043 0.025666 0.187837
19 0.588982 0.717310 0.028813 0.180383
20 0.618400 0.725012 0.032445 0.176905
23 0.716856 0.663303 0.072555 0.119370
24 0.501289 0.709759 0.021587 0.156904
25 0.481352 0.711605 0.024285 0.170441
26 0.458818 0.726499 0.025008 0.205858
27 0.432858 0.710879 0.031261 0.190237
28 0.403364 0.705579 0.035338 0.181869