0 0.482350 0.489752 0.026232 0.191699
1 0.461454 0.476141 0.025011 0.187891
2 0.451449 0.408440 0.072679 0.120489
6 0.328748 0.483000 0.045608 0.188488
8 0.509563 0.494632 0.029425 0.183120
9 0.534280 0.484790 0.022363 0.170593
10 0.560468 0.466895 0.024128 0.193260
11 0.581801 0.481509 0.030307 0.181927
12 0.605635 0.483895 0.030307 0.193856
13 0.649625 0.471965 0.052965 0.230838
16 0.511865 0.683348 0.017876 0.132508
17 0.528940 0.685512 0.017876 0.155224
18 0.548550 0.699303 0.020811 0.200115
19 0.571095 0.672261 0.025880 0.157928
24 0.495056 0.691191 0.016809 0.147111
25 0.477911 0.691611 0.018015 0.152279
26 0.458205 0.693567 0.018998 0.167825
27 0.439708 0.692553 0.025197 0.167420
28 0.412911 0.694377 0.032396 0.170258