24 0.494939 0.682013 0.017234 0.106503
25 0.474833 0.694974 0.018602 0.127916
26 0.450077 0.702017 0.030364 0.149893
27 0.426141 0.692438 0.033373 0.158909
28 0.399606 0.682013 0.032279 0.166235
30 0.323148 0.662572 0.085622 0.135242
31 0.285671 0.627071 0.068115 0.171306
17 0.532896 0.694346 0.022632 0.135527
18 0.558686 0.706001 0.038422 0.174017
19 0.581844 0.697870 0.032632 0.164259
20 0.608424 0.680522 0.033159 0.129564
22 0.708690 0.671306 0.081581 0.123059
8 0.519737 0.529545 0.026316 0.163717
9 0.545659 0.530900 0.021316 0.165343
10 0.571581 0.520058 0.034738 0.205459
0 0.492763 0.514366 0.025527 0.184317
1 0.467631 0.523582 0.021580 0.157211
2 0.442762 0.506776 0.027106 0.203833