0 0.495215 0.520256 0.035088 0.190435
1 0.466862 0.516998 0.033670 0.196952
2 0.436913 0.513015 0.037569 0.197676
3 0.402889 0.509395 0.043239 0.173057
4 0.370459 0.498172 0.034379 0.182470
6 0.320840 0.498534 0.055644 0.175953
7 0.283271 0.501430 0.025873 0.135404
8 0.526582 0.511929 0.031898 0.208537
9 0.556353 0.526773 0.026936 0.178849
10 0.585770 0.524601 0.034024 0.202020
11 0.613060 0.522791 0.038986 0.186814
12 0.645667 0.531480 0.033316 0.188263
13 0.679514 0.538358 0.043594 0.175953
14 0.725412 0.523515 0.050328 0.176677
15 0.760500 0.502154 0.036151 0.152782
16 0.531287 0.695639 0.022222 0.163082
17 0.553363 0.723118 0.026023 0.189367
18 0.580994 0.733274 0.029825 0.190562
19 0.610234 0.728495 0.033918 0.167861
22 0.711842 0.696535 0.082164 0.162485
23 0.764912 0.678614 0.069006 0.123059
24 0.508626 0.686081 0.021345 0.158303
25 0.484064 0.701016 0.026023 0.182198
26 0.456433 0.722222 0.030409 0.215054
27 0.426170 0.715054 0.038304 0.203106
28 0.396784 0.704301 0.035673 0.194743
30 0.307310 0.660992 0.073684 0.167861