0 0.491902 0.568883 0.024943 0.162391
1 0.467144 0.562251 0.021370 0.176166
2 0.442702 0.540299 0.029116 0.234340
3 0.424004 0.564172 0.041938 0.181106
4 0.402500 0.558684 0.030986 0.171227
6 0.329042 0.541945 0.042740 0.160800
7 0.295651 0.541122 0.031520 0.139397
8 0.521236 0.566093 0.026979 0.159702
9 0.546346 0.566641 0.020568 0.170678
10 0.571856 0.549628 0.028315 0.213485
11 0.598034 0.571306 0.033123 0.170130
12 0.616465 0.558409 0.030452 0.173971
14 0.667753 0.545512 0.046479 0.182203
15 0.697404 0.564446 0.018164 0.125676
18 0.540603 0.744180 0.028315 0.196472
19 0.568517 0.738143 0.028048 0.176715
20 0.594561 0.734576 0.033657 0.160800
16 0.514692 0.736771 0.020836 0.156409
24 0.492387 0.727716 0.022171 0.136104
26 0.470483 0.733204 0.031253 0.186594
27 0.445641 0.728813 0.032322 0.181106
28 0.420397 0.731009 0.050219 0.158056
29 0.380329 0.721405 0.067315 0.165190
30 0.330110 0.704940 0.066246 0.153117
31 0.280960 0.703843 0.065712 0.127872