0 0.494868 0.579243 0.024311 0.161443
1 0.470850 0.585157 0.021968 0.150798
2 0.447856 0.561502 0.029291 0.206387
3 0.432479 0.573625 0.038957 0.179775
4 0.410950 0.575399 0.031634 0.159669
6 0.339334 0.561206 0.040714 0.152572
7 0.306821 0.558545 0.032513 0.140154
8 0.521816 0.580721 0.025483 0.156121
9 0.546420 0.581017 0.019625 0.167357
10 0.570731 0.576878 0.025483 0.193377
11 0.594750 0.592549 0.033684 0.171496
12 0.613935 0.578652 0.029877 0.169722
14 0.665487 0.579243 0.047451 0.162626
15 0.695071 0.585748 0.024018 0.135423
16 0.524891 0.741573 0.019918 0.147842
18 0.550903 0.754565 0.027665 0.189044
19 0.576573 0.747046 0.027399 0.169710
20 0.603174 0.745972 0.034315 0.156821
24 0.502530 0.737693 0.021923 0.146404
26 0.478498 0.741949 0.028950 0.186693
27 0.456013 0.738261 0.031760 0.184991
28 0.432544 0.734572 0.049468 0.152646
29 0.388839 0.731735 0.069423 0.165130
30 0.338809 0.719535 0.063240 0.153213
31 0.285547 0.715279 0.070266 0.128813