0 0.512656 0.498867 0.020120 0.187693
1 0.494646 0.488989 0.017848 0.183741
2 0.475499 0.486354 0.019146 0.169253
3 0.463655 0.472524 0.025961 0.175838
4 0.443859 0.465280 0.031802 0.189010
5 0.421306 0.454084 0.039266 0.153447
6 0.389666 0.425437 0.035696 0.171228
7 0.361271 0.409960 0.037968 0.165301
9 0.552409 0.502819 0.017848 0.178473
10 0.570906 0.494257 0.019795 0.179790
12 0.606278 0.471207 0.024988 0.200864
13 0.630617 0.476805 0.036670 0.163326
14 0.660796 0.478122 0.034723 0.142251
16 0.528903 0.665793 0.012682 0.144246
17 0.543411 0.668795 0.016317 0.150913
18 0.563340 0.690509 0.021399 0.217141
19 0.584204 0.673952 0.026214 0.176427
20 0.609081 0.664723 0.034239 0.166656
21 0.637435 0.642195 0.053499 0.169370
24 0.514388 0.660923 0.014980 0.140599
25 0.500078 0.657123 0.016317 0.154713
26 0.481353 0.680195 0.019527 0.213884
27 0.457814 0.663366 0.030762 0.170456
30 0.367134 0.599581 0.063396 0.168827
31 0.327679 0.545296 0.074363 0.144942