0 0.495021 0.493808 0.027739 0.198142
1 0.472439 0.486888 0.022404 0.175560
2 0.452169 0.483245 0.028805 0.182845
4 0.402822 0.481761 0.037396 0.179781
5 0.372931 0.484106 0.048844 0.181344
6 0.335026 0.490620 0.038668 0.153726
7 0.309078 0.403075 0.049861 0.147473
8 0.522514 0.501303 0.033580 0.194893
9 0.542992 0.509119 0.021115 0.167796
10 0.564998 0.496873 0.028492 0.201668
11 0.587766 0.492705 0.032308 0.207921
12 0.613459 0.509901 0.034852 0.157895
13 0.640807 0.525795 0.046300 0.165711
14 0.678584 0.506514 0.042992 0.169880
15 0.711657 0.481083 0.039918 0.160488
16 0.515362 0.712742 0.015957 0.159003
17 0.533077 0.711634 0.019473 0.167867
18 0.555255 0.721053 0.023801 0.203324
19 0.576892 0.717729 0.028669 0.186704
20 0.604885 0.718283 0.033808 0.183380
22 0.683859 0.698338 0.078163 0.141274
23 0.725780 0.652632 0.072213 0.141828
24 0.498482 0.711712 0.015972 0.154576
25 0.481931 0.716453 0.018055 0.181128
26 0.464339 0.700806 0.023148 0.181128
27 0.444085 0.699384 0.028471 0.196302
28 0.416655 0.698198 0.033332 0.192982
30 0.339574 0.669275 0.070368 0.155998