0 0.501293 0.509621 0.022956 0.168211
1 0.481247 0.512613 0.017783 0.147600
2 0.460555 0.512280 0.030716 0.174860
3 0.443095 0.523583 0.037829 0.165552
4 0.423858 0.526242 0.031685 0.165552
5 0.392819 0.514607 0.047852 0.167547
6 0.352727 0.503637 0.040738 0.166882
8 0.522632 0.503969 0.020369 0.162228
9 0.542032 0.505631 0.021663 0.156244
10 0.564664 0.497321 0.031362 0.186163
11 0.581154 0.516934 0.026836 0.170871
12 0.604109 0.515272 0.035242 0.171536
13 0.635310 0.514607 0.044618 0.175525
14 0.671037 0.517267 0.038475 0.168876
16 0.518177 0.699917 0.016431 0.154464
17 0.535049 0.702632 0.020246 0.163515
18 0.555441 0.721638 0.024060 0.206355
19 0.579355 0.719526 0.026114 0.173169
20 0.602095 0.720432 0.030516 0.172566
21 0.639506 0.715906 0.050175 0.168342
22 0.682638 0.695391 0.053109 0.163515
25 0.501543 0.703831 0.028468 0.159397
26 0.484737 0.716879 0.033955 0.186904
27 0.458156 0.728517 0.029497 0.184788
29 0.391446 0.711942 0.070997 0.168566
30 0.346515 0.684435 0.062080 0.151639