0 0.487029 0.552689 0.029833 0.188223
1 0.464817 0.534795 0.018483 0.163038
2 0.441794 0.494035 0.026914 0.200815
4 0.392018 0.501326 0.032427 0.158399
6 0.315918 0.508181 0.048848 0.177825
7 0.277614 0.514557 0.047470 0.164589
8 0.515606 0.554340 0.029284 0.188105
9 0.543147 0.539734 0.023009 0.197368
10 0.567899 0.519427 0.025798 0.233706
16 0.513941 0.693856 0.022670 0.159772
17 0.535568 0.696253 0.030487 0.178412
18 0.561886 0.705839 0.040389 0.211431
19 0.586380 0.685601 0.033614 0.180542
20 0.615434 0.680009 0.036480 0.172553
22 0.700121 0.620095 0.068270 0.152848
24 0.495440 0.691726 0.023191 0.160837
25 0.474464 0.702644 0.021888 0.178412
26 0.451403 0.704508 0.034656 0.188531
27 0.428212 0.695188 0.036741 0.184803
28 0.396813 0.676548 0.045861 0.170956
29 0.350170 0.663500 0.077651 0.173619