0 0.502279 0.551008 0.025598 0.163799
1 0.479938 0.543613 0.021907 0.154137
2 0.462354 0.532688 0.025366 0.181893
3 0.439294 0.529735 0.028825 0.181893
4 0.414505 0.519695 0.027672 0.172444
6 0.353540 0.492234 0.050444 0.162405
7 0.314049 0.480128 0.046408 0.164176
8 0.523608 0.551586 0.023348 0.177169
9 0.543353 0.568417 0.016142 0.163586
10 0.578808 0.544794 0.025943 0.188390
11 0.601580 0.553948 0.028249 0.160633
12 0.627378 0.533869 0.027384 0.172444
14 0.673354 0.510542 0.045544 0.168310
15 0.712268 0.481013 0.040355 0.162405
16 0.525626 0.677080 0.017583 0.157680
17 0.545515 0.681214 0.019313 0.160043
18 0.567134 0.696864 0.025654 0.196067
19 0.593364 0.681805 0.028537 0.157680
20 0.622766 0.687710 0.031419 0.171854
22 0.696414 0.664974 0.071486 0.170082
23 0.740228 0.595583 0.085322 0.130514
24 0.508763 0.677080 0.017295 0.151775
25 0.491612 0.686825 0.021619 0.168901
26 0.468264 0.708675 0.038337 0.210240
27 0.441744 0.690368 0.045255 0.157090
28 0.409316 0.696274 0.064568 0.192523
29 0.373573 0.659954 0.073792 0.193114
30 0.326588 0.638398 0.070910 0.178350
31 0.277009 0.592925 0.078981 0.096852