2 0.453130 0.555424 0.029402 0.182484
3 0.426035 0.588791 0.035743 0.153546
4 0.394471 0.597650 0.031996 0.128743
5 0.357719 0.584067 0.050156 0.190161
6 0.312896 0.605622 0.048138 0.165948
9 0.543209 0.569007 0.034302 0.157680
10 0.569872 0.562806 0.034590 0.206697
12 0.616713 0.578456 0.030843 0.136420
13 0.648276 0.584362 0.043238 0.167129
14 0.691946 0.592039 0.045255 0.174216
16 0.519716 0.686234 0.016142 0.134648
17 0.539317 0.695388 0.017872 0.149412
18 0.562954 0.708380 0.030555 0.176578
19 0.592211 0.713105 0.029113 0.160043
24 0.498962 0.682691 0.022484 0.142916
25 0.477632 0.690073 0.027672 0.152956
26 0.453563 0.712219 0.033149 0.181893