0 0.483788 0.488782 0.027338 0.158260
1 0.458834 0.488782 0.021298 0.145234
2 0.426887 0.461428 0.043232 0.214269
3 0.409880 0.481292 0.032106 0.188870
4 0.383654 0.490410 0.031788 0.190172
5 0.349164 0.500505 0.047365 0.156957
6 0.308793 0.493992 0.039100 0.175193
8 0.514623 0.490410 0.034331 0.158911
9 0.543232 0.488456 0.024159 0.162819
10 0.576133 0.469569 0.041007 0.222736
11 0.597431 0.497248 0.032106 0.196034
12 0.624293 0.506366 0.021616 0.134814
13 0.653538 0.513856 0.041325 0.174542
14 0.690254 0.516135 0.042279 0.171285
16 0.507629 0.667557 0.019709 0.170634
17 0.527497 0.682862 0.022570 0.199941
18 0.554358 0.698492 0.031153 0.214269
19 0.575974 0.691654 0.027338 0.179752
20 0.600134 0.703051 0.036875 0.196034
21 0.635737 0.679931 0.049590 0.171937
22 0.678015 0.677977 0.055312 0.164121
23 0.720294 0.653229 0.051497 0.134163
24 0.486490 0.667557 0.020662 0.169331
25 0.465510 0.670162 0.021934 0.188870
26 0.442781 0.681234 0.027974 0.213618
27 0.419098 0.683513 0.027656 0.206454
30 0.317376 0.657462 0.058809 0.164773