0 0.494550 0.535635 0.028989 0.184511
1 0.467880 0.530884 0.024351 0.178175
2 0.443530 0.505939 0.027443 0.205892
3 0.417826 0.515046 0.033241 0.181343
4 0.392316 0.509899 0.033241 0.177384
5 0.361781 0.491685 0.046382 0.177384
6 0.319071 0.484162 0.042904 0.175008
7 0.285637 0.470700 0.044063 0.149667
8 0.523669 0.540231 0.029104 0.188225
9 0.551020 0.541309 0.024897 0.177449
10 0.579248 0.522989 0.025949 0.209778
11 0.603794 0.530892 0.033663 0.185351
12 0.629743 0.528018 0.030156 0.172420
14 0.697244 0.496408 0.044533 0.170983
15 0.731257 0.474496 0.045936 0.165954
16 0.524000 0.723566 0.023206 0.143280
17 0.541643 0.729428 0.019709 0.152398
18 0.566915 0.744082 0.029563 0.186916
19 0.590279 0.726171 0.033696 0.164121
20 0.621909 0.727800 0.050544 0.184311
21 0.660373 0.700446 0.068981 0.169983
22 0.704400 0.675046 0.068027 0.167378
23 0.742864 0.628155 0.054040 0.142629
24 0.502861 0.718356 0.020980 0.141978
25 0.482993 0.718031 0.021934 0.150444
26 0.460582 0.732359 0.023523 0.189521
27 0.437059 0.716402 0.033060 0.178449
28 0.405271 0.715100 0.048318 0.187567
29 0.364422 0.690677 0.077246 0.168680
30 0.319283 0.671790 0.065802 0.179101
31 0.279706 0.620665 0.053405 0.140675