0 0.493387 0.514255 0.028710 0.196103
1 0.470000 0.505341 0.025807 0.196103
2 0.445644 0.496085 0.033226 0.228329
3 0.420322 0.512884 0.036775 0.189246
4 0.391773 0.514598 0.032581 0.183075
5 0.354030 0.509798 0.053226 0.196788
6 0.310643 0.500199 0.042581 0.183075
8 0.524516 0.514598 0.029033 0.196788
9 0.550807 0.513912 0.024194 0.188560
10 0.577259 0.498827 0.029355 0.224215
11 0.602421 0.512541 0.031291 0.187189
12 0.630486 0.519055 0.027420 0.182389
13 0.665970 0.498485 0.044194 0.201588
14 0.704519 0.487171 0.040646 0.188560
16 0.512581 0.714472 0.024516 0.174161
17 0.529517 0.725443 0.026129 0.185132
18 0.562259 0.737099 0.040001 0.205702
19 0.588711 0.723043 0.037420 0.194046
20 0.617905 0.724071 0.041613 0.179646
21 0.660486 0.706244 0.070646 0.194731
22 0.708712 0.674360 0.069033 0.183075
24 0.491129 0.717557 0.022904 0.183075
25 0.469677 0.727500 0.027097 0.186503
26 0.445483 0.735385 0.029033 0.207759
27 0.416934 0.725100 0.032581 0.191303
28 0.386611 0.726814 0.037097 0.191989
31 0.257255 0.628077 0.075162 0.128907