0 0.495698 0.533258 0.027435 0.202729
1 0.469110 0.524642 0.023032 0.190972
2 0.443368 0.498973 0.027774 0.236832
4 0.401368 0.491786 0.029129 0.188234
5 0.367667 0.491102 0.040984 0.171806
6 0.330409 0.462353 0.040984 0.177282
7 0.301788 0.440450 0.045387 0.163592
8 0.525505 0.533882 0.030145 0.203977
9 0.553617 0.529775 0.024726 0.203977
10 0.580375 0.511979 0.029468 0.220405
12 0.627117 0.497947 0.030145 0.196448
13 0.657939 0.483230 0.040306 0.197132
14 0.693842 0.478096 0.040306 0.169068
15 0.727205 0.436685 0.044709 0.179335
16 0.502473 0.751891 0.022016 0.149902
17 0.525505 0.754287 0.025403 0.157432
18 0.561069 0.760105 0.050467 0.180020
19 0.592569 0.747784 0.055887 0.188234
20 0.628133 0.724169 0.070112 0.177966
21 0.663020 0.692341 0.084338 0.181389
22 0.712133 0.647507 0.095177 0.161539
23 0.768358 0.602673 0.095177 0.103357
24 0.475207 0.750522 0.029129 0.138951
25 0.456916 0.750522 0.031839 0.155378
26 0.425925 0.750864 0.049790 0.175228
27 0.398997 0.739228 0.052161 0.175228
28 0.374102 0.710137 0.060629 0.163592
29 0.338030 0.689603 0.081967 0.169068
30 0.298740 0.629368 0.075193 0.133475
31 0.265039 0.597539 0.068080 0.135528