0 0.488986 0.497646 0.023000 0.186979
1 0.469550 0.504708 0.017817 0.168819
2 0.447522 0.493947 0.028831 0.198413
3 0.429381 0.492265 0.028183 0.196395
8 0.511824 0.493947 0.023971 0.188997
9 0.532394 0.498991 0.019760 0.165456
10 0.552640 0.487221 0.025267 0.187651
16 0.519700 0.673552 0.017290 0.138300
17 0.534014 0.672964 0.018141 0.140654
18 0.556264 0.689736 0.029762 0.188324
19 0.576389 0.668256 0.035431 0.178319
20 0.600624 0.656780 0.035147 0.175377
22 0.676587 0.607345 0.075964 0.145951
24 0.496882 0.674141 0.015306 0.133592
25 0.482710 0.682380 0.022676 0.140654
26 0.460459 0.693562 0.024093 0.171257
27 0.440760 0.688559 0.026644 0.167137
28 0.418367 0.683557 0.039116 0.190089
30 0.359552 0.627648 0.080215 0.147717
31 0.327239 0.593515 0.068311 0.166549