0 0.487836 0.476481 0.028226 0.189287
1 0.469595 0.481104 0.024765 0.173513
2 0.448426 0.476209 0.028226 0.201797
3 0.426990 0.480288 0.027960 0.186023
4 0.405021 0.475393 0.026096 0.181672
5 0.376129 0.465058 0.040209 0.181672
8 0.513400 0.473217 0.023966 0.188199
9 0.533904 0.468050 0.021303 0.183304
10 0.556937 0.457171 0.027960 0.210500
11 0.580637 0.454723 0.032221 0.202341
12 0.603537 0.453636 0.029025 0.186023
13 0.630565 0.451460 0.042073 0.175145
14 0.670109 0.426439 0.040742 0.167530
17 0.550680 0.667671 0.033019 0.139789
18 0.577308 0.679909 0.040475 0.169705
19 0.598212 0.656521 0.035949 0.147948
20 0.625772 0.639115 0.045801 0.152300
21 0.661987 0.618718 0.077756 0.158283
25 0.486505 0.665767 0.025031 0.124015
26 0.460142 0.686165 0.033019 0.153932
27 0.434446 0.677462 0.044470 0.157195
28 0.408350 0.662776 0.054056 0.153932
29 0.368407 0.639115 0.079620 0.164266
30 0.325535 0.601312 0.072696 0.153932