0 0.497384 0.507588 0.020408 0.188855
1 0.476190 0.503752 0.021978 0.177968
2 0.453166 0.472661 0.025641 0.225141
3 0.436552 0.483382 0.031659 0.187617
4 0.410649 0.468909 0.031136 0.200482
5 0.377943 0.465157 0.045788 0.200482
6 0.336081 0.452292 0.042125 0.187617
7 0.302459 0.431118 0.037677 0.178504
8 0.520147 0.512329 0.026164 0.189761
9 0.543825 0.519566 0.029042 0.179577
10 0.569335 0.499196 0.034537 0.225677
11 0.591968 0.494640 0.036368 0.217636
12 0.615254 0.489815 0.032705 0.207987
13 0.647436 0.475878 0.048927 0.205843
14 0.689037 0.447735 0.045788 0.191370
16 0.508503 0.676771 0.018821 0.121719
17 0.526077 0.673287 0.021315 0.138908
18 0.548639 0.695587 0.030612 0.169570
19 0.575170 0.702091 0.039683 0.173287
20 0.606576 0.694657 0.053968 0.185366
21 0.649206 0.666783 0.080726 0.187224
22 0.701927 0.627991 0.080499 0.182114
23 0.750454 0.568060 0.082313 0.184901
24 0.492063 0.664228 0.017687 0.129152
25 0.475737 0.664228 0.021315 0.148664
26 0.445238 0.686760 0.046485 0.185366
27 0.420068 0.692102 0.048299 0.183972
28 0.394785 0.680023 0.052608 0.176539
29 0.355782 0.658653 0.080726 0.187689