0 0.474251 0.462080 0.031153 0.231203
1 0.451205 0.476733 0.023206 0.197988
2 0.425138 0.465336 0.030835 0.236413
3 0.405747 0.475756 0.035921 0.201244
4 0.383337 0.469895 0.036875 0.214269
5 0.350912 0.484874 0.038146 0.194731
6 0.314356 0.469244 0.039418 0.206454
8 0.503974 0.464685 0.027020 0.233808
9 0.529404 0.469244 0.023841 0.205152
10 0.556742 0.451659 0.029563 0.245531
11 0.577405 0.471197 0.026384 0.205152
13 0.629538 0.452310 0.039100 0.205152
14 0.666571 0.447751 0.039418 0.188218
16 0.498530 0.673242 0.019889 0.207878
17 0.517459 0.675422 0.022596 0.203699
18 0.540769 0.694428 0.031159 0.230014
19 0.566219 0.691016 0.033538 0.188105
20 0.591908 0.683219 0.040198 0.185181
21 0.629252 0.670305 0.057324 0.180795
22 0.670282 0.648132 0.053280 0.167637
24 0.482494 0.675666 0.024499 0.195414
25 0.467984 0.660072 0.026878 0.188592
26 0.445983 0.693697 0.027591 0.246095
27 0.421126 0.700275 0.029256 0.210521
28 0.397222 0.682732 0.045669 0.189079