0 0.488556 0.440913 0.025431 0.186265
1 0.468053 0.439285 0.022570 0.184311
2 0.442781 0.425934 0.034331 0.212316
3 0.427363 0.439611 0.039100 0.174542
4 0.402410 0.432121 0.036239 0.173890
5 0.365217 0.425282 0.055312 0.190172
6 0.330886 0.428539 0.049590 0.162819
7 0.294011 0.411931 0.036239 0.159562
8 0.513828 0.449380 0.025749 0.183660
9 0.535285 0.437982 0.024795 0.192126
10 0.563418 0.437331 0.038464 0.201244
11 0.583762 0.447751 0.037192 0.184311
12 0.606173 0.453613 0.033696 0.166075
13 0.642571 0.458823 0.051815 0.183008
14 0.678174 0.466638 0.044186 0.168680
15 0.714572 0.460451 0.041325 0.147188
16 0.509942 0.631332 0.017792 0.139373
17 0.522240 0.625168 0.022501 0.166711
18 0.546180 0.645805 0.033752 0.198338
19 0.569466 0.647682 0.035322 0.194586
20 0.597331 0.632940 0.035583 0.168319
24 0.492543 0.626508 0.019623 0.146878
25 0.475929 0.636425 0.019362 0.158135
26 0.448587 0.648218 0.043694 0.196730
27 0.432889 0.641249 0.041601 0.173144
28 0.410911 0.632404 0.047881 0.177968
30 0.322998 0.610158 0.071952 0.174216
31 0.274202 0.567006 0.068550 0.155454