0 0.487576 0.496663 0.026807 0.196067
1 0.460769 0.498730 0.022772 0.186027
2 0.434682 0.474812 0.028825 0.229138
3 0.413064 0.491939 0.034590 0.193705
4 0.384959 0.489577 0.032572 0.184256
6 0.314626 0.479537 0.043526 0.167720
7 0.302952 0.413985 0.059956 0.064962
8 0.515104 0.499321 0.028825 0.190752
9 0.541479 0.500797 0.025654 0.181893
10 0.573187 0.478946 0.037761 0.231501
11 0.594950 0.493120 0.042085 0.209059
12 0.623198 0.501093 0.034590 0.193114
13 0.655915 0.491053 0.046408 0.190752
14 0.698000 0.475994 0.044102 0.187799
16 0.508765 0.685741 0.018053 0.153846
17 0.527473 0.691638 0.019362 0.164567
18 0.548535 0.713080 0.024856 0.196730
19 0.569466 0.708791 0.030612 0.184937
20 0.596023 0.703967 0.031397 0.181721
21 0.638540 0.687617 0.066196 0.173680
22 0.685767 0.662423 0.063841 0.160815
24 0.490319 0.688957 0.020408 0.153846
25 0.471088 0.692442 0.020670 0.173680
26 0.449241 0.715224 0.023025 0.198874
27 0.430795 0.695390 0.032705 0.172072
28 0.406201 0.695658 0.036368 0.172608
29 0.368263 0.674752 0.064103 0.168319
30 0.322868 0.654918 0.062794 0.164031