0 0.499364 0.508320 0.025431 0.183008
1 0.474410 0.506692 0.022570 0.182357
2 0.450728 0.484223 0.026702 0.229900
4 0.416714 0.479664 0.029881 0.185613
5 0.384131 0.487479 0.046729 0.156957
6 0.345826 0.472826 0.039418 0.171937
7 0.307521 0.472174 0.037828 0.178449
8 0.524159 0.497900 0.023523 0.193429
9 0.547524 0.493992 0.021298 0.189521
10 0.570252 0.469895 0.028610 0.223387
11 0.596160 0.478036 0.028292 0.170634
12 0.619683 0.473151 0.025749 0.169983
13 0.651790 0.460126 0.044186 0.177798
14 0.691366 0.454590 0.036239 0.169331
16 0.515393 0.701293 0.022484 0.144688
17 0.535426 0.701884 0.023925 0.163586
18 0.558918 0.708675 0.028825 0.188980
19 0.581402 0.694797 0.027096 0.187208
21 0.639340 0.669994 0.065721 0.177759
22 0.678975 0.641056 0.057362 0.132877
23 0.725672 0.588791 0.083881 0.134648
24 0.495647 0.706313 0.018736 0.155909
25 0.474605 0.700112 0.021042 0.161224
26 0.453707 0.710742 0.024213 0.197839
27 0.430070 0.692435 0.032861 0.171854
28 0.402398 0.685939 0.035167 0.181303