0 0.489142 0.634816 0.024856 0.179577
8 0.515437 0.642321 0.025118 0.164567
1 0.464678 0.625436 0.022501 0.174752
2 0.439168 0.602117 0.024333 0.204235
3 0.416405 0.620611 0.032182 0.153310
4 0.393773 0.619271 0.026688 0.138837
5 0.367085 0.602117 0.037677 0.135620
6 0.333987 0.580943 0.034799 0.137229
9 0.539116 0.640981 0.020670 0.154382
10 0.563187 0.619003 0.028519 0.191906
11 0.587781 0.627580 0.031136 0.157598
12 0.611983 0.627044 0.029827 0.154382
13 0.640241 0.629992 0.043433 0.157062
14 0.677394 0.607478 0.038723 0.157062
16 0.509027 0.757572 0.018577 0.132404
17 0.529304 0.755427 0.020931 0.129188
18 0.553244 0.772849 0.025903 0.154382
19 0.577446 0.769097 0.026688 0.150094
20 0.603218 0.762396 0.033752 0.139909
24 0.488357 0.755964 0.019100 0.135620
25 0.468995 0.756232 0.017530 0.149022
26 0.444008 0.766953 0.028781 0.171536
27 0.421507 0.756500 0.030874 0.148486
28 0.399006 0.746047 0.032444 0.138301
29 0.362114 0.723801 0.054945 0.128116
30 0.326923 0.696998 0.054160 0.129188