0 0.496980 0.518089 0.023841 0.197336
1 0.473139 0.518089 0.021934 0.190824
2 0.451841 0.493341 0.020662 0.218177
3 0.436264 0.505064 0.027020 0.169983
4 0.415284 0.508971 0.028927 0.133511
5 0.385562 0.507017 0.043232 0.166075
6 0.349482 0.489759 0.038464 0.158911
7 0.319124 0.453287 0.043868 0.158911
8 0.518914 0.512879 0.027656 0.196034
10 0.549431 0.484223 0.029563 0.223387
11 0.565643 0.500830 0.026384 0.170634
12 0.589643 0.504738 0.030517 0.145886
13 0.618730 0.485525 0.039736 0.172588
14 0.654651 0.476082 0.039100 0.149793
15 0.681035 0.423980 0.046093 0.177147
16 0.509681 0.682793 0.029304 0.151166
17 0.527211 0.680113 0.027734 0.161887
18 0.551282 0.703163 0.035060 0.199410
19 0.569990 0.680649 0.035322 0.170464
20 0.591837 0.659743 0.043956 0.142589
21 0.627682 0.645805 0.063841 0.127580
23 0.704605 0.571027 0.066457 0.135620
24 0.487964 0.683061 0.018838 0.151702
25 0.469519 0.686813 0.022240 0.164567
26 0.449241 0.701287 0.023025 0.187081
27 0.428441 0.692710 0.026426 0.175288
28 0.397043 0.673680 0.033752 0.130796
31 0.303768 0.596757 0.066457 0.132404