0 0.480836 0.502550 0.029101 0.202513
2 0.424585 0.481060 0.030876 0.239665
3 0.399033 0.492715 0.032295 0.209069
4 0.373303 0.482517 0.032650 0.213440
6 0.304454 0.488345 0.044717 0.188672
9 0.538683 0.512384 0.029101 0.187215
10 0.568317 0.480696 0.031585 0.269532
12 0.621728 0.491623 0.031940 0.222910
13 0.659524 0.501457 0.047911 0.193043
14 0.706370 0.495993 0.052169 0.189401
16 0.517739 0.699603 0.019674 0.170804
17 0.539026 0.713836 0.024190 0.183383
18 0.564183 0.732704 0.031285 0.222443
19 0.594178 0.725091 0.031930 0.209864
20 0.622561 0.723767 0.033220 0.213836
21 0.663845 0.705561 0.059668 0.190665
22 0.714159 0.690003 0.062248 0.180735
24 0.497259 0.696955 0.022577 0.173452
25 0.476778 0.703244 0.022254 0.182059
26 0.453233 0.722443 0.026770 0.220457
27 0.424851 0.716485 0.029995 0.200596
28 0.395662 0.716485 0.049669 0.208540
30 0.309547 0.678749 0.062571 0.172790