0 0.488009 0.559558 0.021907 0.161224
1 0.466678 0.543908 0.019025 0.186618
2 0.446645 0.533278 0.022772 0.201972
3 0.426467 0.535936 0.026807 0.193114
4 0.407443 0.544794 0.023925 0.168310
5 0.378041 0.536822 0.044102 0.164176
7 0.331921 0.492234 0.035455 0.196657
8 0.512942 0.539774 0.026231 0.200791
9 0.534850 0.542432 0.022195 0.180122
10 0.557045 0.530916 0.028537 0.205516
11 0.576214 0.530621 0.035167 0.203744
12 0.598265 0.534164 0.037184 0.197839
13 0.635737 0.537707 0.070621 0.213193
14 0.668886 0.551586 0.049867 0.167720
15 0.704053 0.515857 0.041220 0.175397
16 0.520313 0.731951 0.015461 0.140347
17 0.532919 0.739504 0.019266 0.158378
18 0.549807 0.755099 0.021645 0.199313
24 0.504852 0.733413 0.014034 0.139373
25 0.488916 0.734388 0.016888 0.150094
26 0.472623 0.736824 0.020456 0.161789
27 0.454902 0.735362 0.024975 0.156916
28 0.428381 0.742428 0.039960 0.161302
29 0.401028 0.721474 0.063746 0.156429
30 0.365349 0.696864 0.056134 0.145221
31 0.328362 0.671000 0.032444 0.080407