0 0.488719 0.471591 0.032232 0.193182
1 0.470552 0.499053 0.037506 0.174874
2 0.442423 0.481061 0.042194 0.223485
3 0.424402 0.524621 0.049519 0.200758
4 0.394661 0.509470 0.055673 0.183081
5 0.349098 0.505051 0.060654 0.175505
6 0.301336 0.503157 0.059482 0.181818
8 0.516262 0.493687 0.039850 0.189394
9 0.543513 0.488952 0.032818 0.184975
10 0.566954 0.497475 0.033404 0.190657
11 0.591714 0.484848 0.044831 0.199495
12 0.622920 0.483902 0.048054 0.197601
14 0.707747 0.470960 0.051864 0.190657
18 0.580432 0.713384 0.046296 0.169192
20 0.627168 0.704230 0.046003 0.179924
21 0.664967 0.679924 0.068272 0.189394
22 0.718149 0.651515 0.079700 0.164141
25 0.485349 0.706439 0.021390 0.143939
26 0.457806 0.716856 0.031939 0.173611
30 0.296951 0.681389 0.087175 0.167238