0 0.494565 0.531970 0.020689 0.178886
1 0.472123 0.525863 0.020689 0.186788
2 0.451960 0.506466 0.024546 0.222709
3 0.427940 0.520116 0.029104 0.168109
4 0.405674 0.513291 0.031559 0.167391
5 0.376745 0.503233 0.040325 0.158770
8 0.517182 0.529814 0.021039 0.183196
9 0.537871 0.525863 0.018935 0.172420
10 0.561014 0.491379 0.021741 0.224146
11 0.584333 0.511495 0.026299 0.172420
12 0.604495 0.498204 0.025949 0.174575
13 0.632373 0.498204 0.038923 0.168828
14 0.665860 0.480244 0.032260 0.165954
16 0.518529 0.698570 0.019504 0.132063
17 0.533395 0.701737 0.020694 0.145221
18 0.554564 0.713677 0.029256 0.185668
19 0.575020 0.701494 0.027829 0.173972
20 0.599995 0.682001 0.040674 0.165201
24 0.500928 0.702225 0.015699 0.132550
25 0.486299 0.702225 0.017839 0.138398
26 0.467509 0.718550 0.022596 0.176896
27 0.446458 0.700032 0.026164 0.159353
28 0.421483 0.687849 0.043290 0.157404
30 0.352026 0.620564 0.073746 0.143690
31 0.316658 0.585720 0.063211 0.148007