0 0.497163 0.473886 0.028293 0.201109
1 0.472225 0.471184 0.023334 0.196907
2 0.446849 0.448672 0.029751 0.249136
3 0.422494 0.457977 0.033543 0.217318
4 0.396535 0.440568 0.032960 0.213716
5 0.364742 0.442369 0.043460 0.193305
8 0.524435 0.469083 0.028001 0.209514
9 0.550832 0.466082 0.023626 0.202310
10 0.578833 0.448972 0.034126 0.241331
11 0.603042 0.466682 0.034126 0.201109
12 0.630314 0.450473 0.028584 0.217919
13 0.661815 0.445070 0.041418 0.209514
14 0.702067 0.449573 0.041418 0.190904
16 0.516997 0.684000 0.019542 0.154284
17 0.536832 0.684300 0.023042 0.164489
18 0.560166 0.709514 0.027709 0.226923
19 0.585104 0.689703 0.030918 0.198108
20 0.618209 0.679197 0.041126 0.177096
21 0.654377 0.662088 0.063877 0.183700
22 0.702212 0.648281 0.066794 0.157286
24 0.499351 0.697207 0.019834 0.169892
25 0.479809 0.698408 0.021584 0.190304
26 0.456620 0.707713 0.027709 0.225723
27 0.431099 0.690304 0.034418 0.200509
28 0.402514 0.692405 0.035585 0.214317
29 0.366638 0.664189 0.068836 0.175896