0 0.486367 0.432749 0.024345 0.185129
1 0.463969 0.422723 0.022398 0.177109
2 0.436703 0.403342 0.034083 0.231913
6 0.340783 0.364244 0.038303 0.203175
7 0.308647 0.363241 0.031811 0.165079
8 0.516555 0.432749 0.025644 0.191813
9 0.540737 0.422389 0.021424 0.185798
10 0.567517 0.390309 0.030188 0.244612
12 0.602899 0.390309 0.041224 0.191145
13 0.632924 0.380618 0.049989 0.205180
14 0.667332 0.383960 0.035706 0.193150
16 0.510225 0.624561 0.017528 0.158396
17 0.526713 0.620867 0.017008 0.161500
18 0.546422 0.645793 0.022411 0.226182
24 0.494197 0.619425 0.019609 0.143784
25 0.479190 0.619837 0.016008 0.152848
26 0.460281 0.627253 0.027013 0.196519
27 0.434868 0.616335 0.035017 0.175507
19 0.569834 0.610980 0.028014 0.182923
20 0.596747 0.616129 0.031815 0.190751
23 0.692150 0.542158 0.064975 0.146453
28 0.409682 0.623834 0.034881 0.197148
29 0.374972 0.596022 0.057793 0.189403
30 0.335816 0.575955 0.057451 0.171801
31 0.295976 0.536525 0.056425 0.149269