0 0.498624 0.417439 0.036182 0.232019
1 0.466965 0.420402 0.029496 0.209155
2 0.428816 0.413205 0.050733 0.252341
6 0.312167 0.387096 0.047399 0.232019
7 0.275877 0.392279 0.039252 0.189761
8 0.540274 0.409022 0.036290 0.245573
9 0.574342 0.405434 0.029624 0.233613
10 0.608596 0.383907 0.036660 0.281452
12 0.660994 0.387096 0.057027 0.222451
13 0.686359 0.392279 0.051472 0.216870
14 0.727648 0.397860 0.039993 0.220059
16 0.518056 0.632271 0.025181 0.180193
17 0.543792 0.632271 0.031476 0.189761
18 0.578231 0.656190 0.037401 0.247168
19 0.613039 0.629081 0.038141 0.215275
20 0.651736 0.636257 0.039993 0.216870
23 0.762642 0.559715 0.078875 0.156274
24 0.488802 0.633466 0.034068 0.190558
25 0.467509 0.641041 0.027032 0.196139
26 0.436404 0.654197 0.039623 0.247965
27 0.401966 0.642636 0.044066 0.205707
28 0.372341 0.657785 0.041104 0.226437
29 0.332904 0.631473 0.062211 0.204113
30 0.285134 0.608750 0.060730 0.187369
31 0.242179 0.572073 0.059249 0.176207