0 0.487260 0.426490 0.022577 0.172191
1 0.467421 0.424823 0.022202 0.180077
2 0.444736 0.407163 0.027994 0.211416
3 0.423137 0.423828 0.032097 0.174108
4 0.399487 0.413133 0.027270 0.180575
5 0.368356 0.402686 0.037888 0.172615
6 0.334329 0.373585 0.044163 0.174108
8 0.508808 0.428554 0.024857 0.192513
9 0.531373 0.426315 0.021237 0.192016
10 0.552851 0.415371 0.028477 0.210919
11 0.574570 0.435269 0.033786 0.170128
12 0.600030 0.428056 0.028718 0.176595
13 0.628507 0.412884 0.045611 0.178087
14 0.656380 0.377316 0.055505 0.154707
15 0.696802 0.357667 0.050920 0.153215
16 0.518944 0.617087 0.015204 0.158687
17 0.533786 0.617336 0.016410 0.169133
18 0.552006 0.631016 0.023891 0.220371
19 0.572881 0.604651 0.025581 0.162666
20 0.598582 0.600423 0.027270 0.143266
22 0.693629 0.515376 0.082051 0.149273
24 0.503027 0.615910 0.016638 0.164097
25 0.486916 0.615259 0.016427 0.155849
26 0.466698 0.624375 0.024009 0.191447
27 0.450376 0.613957 0.025483 0.179292
28 0.431211 0.575754 0.028853 0.136748