0 0.471417 0.494175 0.023573 0.196211
1 0.448728 0.484671 0.021805 0.195598
2 0.419703 0.475167 0.027404 0.213379
3 0.394067 0.477926 0.030940 0.185787
4 0.378597 0.462904 0.034181 0.175363
5 0.341616 0.459225 0.038601 0.153290
6 0.306698 0.446042 0.035949 0.146545
7 0.286514 0.377062 0.048031 0.138574
8 0.496464 0.492336 0.025931 0.186400
9 0.521511 0.491722 0.023573 0.187626
10 0.550535 0.473634 0.030940 0.244650
11 0.576466 0.484364 0.036833 0.192532
12 0.606227 0.493868 0.033297 0.151450
14 0.679747 0.450334 0.043611 0.171071
15 0.699932 0.371237 0.049209 0.141640
16 0.515659 0.678679 0.021146 0.143144
17 0.538143 0.685641 0.028105 0.164866
18 0.565177 0.692882 0.036671 0.196057
19 0.591275 0.690097 0.038009 0.168208
20 0.625938 0.693160 0.054872 0.183246
21 0.663947 0.649994 0.074144 0.165980
22 0.707711 0.607107 0.070129 0.153726
24 0.496654 0.677286 0.020610 0.148156
25 0.476847 0.672274 0.019540 0.150384
26 0.453693 0.689540 0.025161 0.208310
27 0.425856 0.672831 0.032120 0.191601
28 0.389854 0.669767 0.043095 0.189930
29 0.350373 0.644982 0.066917 0.165980
30 0.311829 0.610449 0.050857 0.155954