7 0.355500 0.442330 0.026917 0.085598
0 0.495088 0.485572 0.023832 0.147984
8 0.516788 0.485572 0.020571 0.141818
1 0.477276 0.484544 0.018815 0.147984
2 0.459590 0.474267 0.019568 0.179841
3 0.446493 0.496223 0.025042 0.137937
4 0.431419 0.489002 0.021152 0.160345
5 0.411240 0.460369 0.039143 0.182753
6 0.379513 0.456137 0.039872 0.158353
9 0.535475 0.484770 0.016775 0.143912
10 0.552129 0.464602 0.019936 0.177276
11 0.570728 0.464851 0.024555 0.168810
12 0.589205 0.469084 0.030390 0.149390
14 0.635763 0.436218 0.034037 0.166321
16 0.505862 0.678778 0.016625 0.121027
17 0.521285 0.678983 0.015824 0.130463
18 0.539412 0.695598 0.023235 0.164515
19 0.558040 0.684726 0.028843 0.156720
20 0.579272 0.674470 0.036856 0.159181
21 0.610720 0.654982 0.060090 0.166976
22 0.647074 0.615802 0.071107 0.156720
24 0.490639 0.679598 0.016224 0.128412
25 0.476317 0.681034 0.016024 0.137848
26 0.463298 0.684521 0.016825 0.153028
27 0.447674 0.669547 0.022834 0.146874
30 0.360122 0.629632 0.060249 0.162667