0 0.499197 0.614284 0.031960 0.196689
1 0.468996 0.618194 0.027269 0.182855
2 0.441727 0.593232 0.029615 0.221952
3 0.419882 0.596540 0.037531 0.198494
4 0.391147 0.603157 0.032840 0.175637
5 0.354935 0.595337 0.046621 0.174434
6 0.316818 0.571879 0.041930 0.156389
7 0.285444 0.546315 0.056004 0.138946
8 0.532037 0.616991 0.033133 0.182855
9 0.560038 0.610976 0.026389 0.172028
10 0.587894 0.579698 0.029908 0.224960
11 0.612377 0.597743 0.034892 0.174434
12 0.639060 0.580901 0.034892 0.176840
13 0.676444 0.584811 0.044569 0.150976
14 0.720280 0.581804 0.043102 0.142555
16 0.533209 0.748418 0.021405 0.156991
17 0.557839 0.752027 0.029028 0.182253
18 0.584962 0.760147 0.028735 0.203306
19 0.611644 0.761350 0.029908 0.185261
20 0.642138 0.749020 0.031081 0.169021
24 0.509166 0.737892 0.021991 0.145562
25 0.486149 0.758042 0.025803 0.172630
26 0.458733 0.767967 0.029028 0.194885
27 0.427359 0.771275 0.032547 0.189471
28 0.395545 0.764658 0.039877 0.177441
29 0.351270 0.748418 0.049846 0.143758
30 0.303183 0.709622 0.071544 0.163607
31 0.261840 0.649773 0.066266 0.136540