0 0.487366 0.465452 0.027928 0.143383
1 0.461565 0.454590 0.023672 0.141211
2 0.433903 0.439926 0.032184 0.160763
3 0.411295 0.455133 0.034312 0.144469
4 0.386026 0.457577 0.028992 0.137409
5 0.348257 0.465995 0.057186 0.149901
6 0.314477 0.474957 0.040163 0.152616
7 0.289209 0.474957 0.030588 0.143926
8 0.518486 0.469526 0.033780 0.141754
9 0.546015 0.465452 0.028726 0.143383
10 0.574475 0.449702 0.028726 0.186833
11 0.597483 0.474142 0.034312 0.148814
13 0.640838 0.491522 0.043355 0.144469
14 0.671559 0.505371 0.043621 0.151530
16 0.519417 0.679984 0.029790 0.152073
17 0.540961 0.689217 0.027662 0.174884
18 0.559846 0.708226 0.035110 0.186833
19 0.582854 0.683786 0.031120 0.154246
20 0.603866 0.679984 0.036972 0.142297
21 0.638311 0.683786 0.044685 0.142297
24 0.500133 0.672923 0.021545 0.156418
25 0.476062 0.681613 0.026598 0.175970
26 0.452256 0.685687 0.027928 0.189548
27 0.427520 0.665048 0.032184 0.161306
28 0.400389 0.664777 0.031652 0.155332