0 0.493483 0.454590 0.029563 0.186265
1 0.469483 0.455241 0.020980 0.166726
2 0.442622 0.457521 0.035921 0.181706
3 0.421642 0.463708 0.030199 0.170634
4 0.399072 0.459474 0.028927 0.188218
7 0.302912 0.337360 0.046411 0.148491
8 0.519550 0.448403 0.028927 0.190824
9 0.541484 0.448403 0.021934 0.180403
10 0.566438 0.439285 0.024795 0.210362
11 0.587100 0.452962 0.030517 0.183008
12 0.613326 0.439611 0.028292 0.205803
16 0.505245 0.626526 0.019391 0.108112
17 0.522729 0.633690 0.019391 0.134163
18 0.548001 0.643785 0.033060 0.168680
19 0.572478 0.637272 0.036239 0.151747
20 0.600292 0.637598 0.054358 0.157609
21 0.634147 0.623270 0.073113 0.168029
22 0.679128 0.580286 0.075339 0.141978
23 0.719976 0.543815 0.075656 0.141978
24 0.487126 0.633365 0.016848 0.125696
25 0.469960 0.637598 0.018119 0.139373
26 0.445960 0.655183 0.029245 0.175844
27 0.423072 0.638575 0.032424 0.141327
28 0.397959 0.634342 0.043232 0.149793
29 0.363946 0.627178 0.059126 0.158911
30 0.324846 0.591358 0.060398 0.143280
31 0.287653 0.553258 0.059126 0.150444