0 0.486182 0.513799 0.018296 0.151755
1 0.467223 0.500249 0.018031 0.166930
2 0.448926 0.502417 0.019092 0.183190
3 0.434342 0.512173 0.028108 0.178854
4 0.410212 0.516238 0.034472 0.183732
5 0.381839 0.499978 0.046669 0.207579
6 0.343788 0.519761 0.036858 0.175602
8 0.508191 0.512986 0.023600 0.157717
9 0.528344 0.504314 0.017766 0.159885
11 0.557512 0.504585 0.032615 0.160427
12 0.584824 0.499707 0.046404 0.187526
13 0.614523 0.517593 0.061253 0.174518
14 0.648331 0.509734 0.039775 0.189152
16 0.504305 0.664657 0.014450 0.119616
17 0.519116 0.671794 0.015654 0.139798
18 0.537299 0.695176 0.017340 0.176717
19 0.557649 0.695914 0.026732 0.175240
20 0.581733 0.694684 0.032512 0.168841
24 0.489975 0.661962 0.012985 0.122557
25 0.474793 0.667622 0.016613 0.131534
26 0.460662 0.699432 0.017377 0.181103
27 0.444431 0.695919 0.015086 0.160026
28 0.422357 0.704423 0.026027 0.124925