0 0.486797 0.484433 0.023014 0.167532
1 0.468507 0.487151 0.019380 0.167037
2 0.449248 0.457994 0.030766 0.222387
3 0.431443 0.464665 0.036338 0.206079
4 0.403705 0.460217 0.031735 0.205090
5 0.374514 0.456017 0.046028 0.195701
6 0.332241 0.440944 0.042394 0.188288
8 0.511027 0.483366 0.022169 0.165302
9 0.532941 0.490123 0.024207 0.168421
10 0.552816 0.471930 0.028794 0.213125
11 0.572437 0.478947 0.035419 0.197011
12 0.597791 0.475569 0.031087 0.198571
13 0.627731 0.473749 0.046121 0.190773
14 0.669521 0.454516 0.044083 0.182456
16 0.521859 0.675528 0.017655 0.153071
17 0.537517 0.677029 0.020388 0.168936
18 0.556959 0.696538 0.024801 0.190803
19 0.579238 0.680888 0.027324 0.168936
20 0.603514 0.694179 0.030056 0.186086
24 0.507672 0.669525 0.016184 0.144496
25 0.493379 0.684746 0.018706 0.167220
26 0.476775 0.698038 0.023751 0.194662
27 0.457018 0.698467 0.026273 0.174081
28 0.436105 0.689249 0.035311 0.192518
30 0.355815 0.642727 0.068519 0.167220