0 0.488595 0.543634 0.026905 0.150030
1 0.462421 0.547221 0.023688 0.151225
2 0.425135 0.532875 0.030414 0.199044
3 0.399547 0.552899 0.031876 0.158996
4 0.374104 0.566348 0.030706 0.146444
5 0.338719 0.551405 0.041234 0.165571
8 0.515792 0.541841 0.027489 0.163180
9 0.542696 0.547221 0.025150 0.161984
10 0.575303 0.534369 0.031291 0.205619
11 0.599868 0.554991 0.036555 0.171548
12 0.632476 0.568141 0.031584 0.158398
13 0.676488 0.560669 0.052932 0.149432
16 0.515499 0.681710 0.023980 0.156007
17 0.534654 0.693066 0.023688 0.152421
18 0.559804 0.711297 0.024857 0.192469
20 0.615222 0.702331 0.035678 0.147041
22 0.705001 0.684997 0.077204 0.149432
24 0.492689 0.681112 0.020471 0.152421
25 0.472072 0.690377 0.022518 0.161387
26 0.449262 0.702929 0.025442 0.188882
27 0.423527 0.702929 0.028952 0.179319
28 0.396476 0.695158 0.031584 0.148237
30 0.319272 0.672146 0.048545 0.148834