0 0.493264 0.514175 0.027299 0.195545
1 0.470042 0.516719 0.022690 0.184641
2 0.449210 0.495798 0.028981 0.210084
3 0.427693 0.498800 0.035129 0.181273
4 0.401200 0.500900 0.030738 0.161465
5 0.369438 0.500300 0.048595 0.177071
6 0.327137 0.480792 0.045375 0.160864
8 0.518296 0.510804 0.027225 0.190876
9 0.541569 0.515006 0.023419 0.162065
10 0.563671 0.481693 0.025468 0.197479
11 0.586505 0.489796 0.027225 0.159664
12 0.611388 0.481693 0.031909 0.166267
13 0.643150 0.470288 0.038642 0.167467
14 0.678425 0.447779 0.038349 0.159664
16 0.516833 0.681873 0.026639 0.133253
17 0.531416 0.676719 0.022550 0.138553
18 0.553966 0.680008 0.032620 0.166092
19 0.570167 0.667663 0.031745 0.163848
20 0.596110 0.663848 0.038094 0.175968
22 0.670218 0.606613 0.072466 0.135118
23 0.700211 0.563070 0.070714 0.123447
24 0.497373 0.679783 0.020579 0.135118
25 0.480625 0.688313 0.018609 0.149483
26 0.462782 0.686741 0.020142 0.154421
27 0.444939 0.686292 0.032183 0.180457
28 0.424250 0.677763 0.035904 0.179559
30 0.333285 0.635118 0.085601 0.140056
31 0.293240 0.598863 0.072324 0.162712