0 0.487747 0.542351 0.024020 0.195849
1 0.468337 0.542100 0.020623 0.165216
2 0.449291 0.521762 0.021836 0.180784
3 0.432186 0.505692 0.029358 0.172749
4 0.411685 0.503181 0.029600 0.160697
5 0.382448 0.493640 0.041489 0.177771
6 0.346176 0.485605 0.037849 0.168731
7 0.319002 0.458236 0.044158 0.160194
8 0.512495 0.548879 0.024505 0.190827
9 0.534938 0.552395 0.016984 0.168731
10 0.555682 0.543858 0.024990 0.185805
11 0.577519 0.530801 0.026931 0.196853
12 0.599234 0.542351 0.027174 0.159692
13 0.628470 0.526784 0.041004 0.163710
14 0.663772 0.498662 0.040761 0.171745
15 0.700893 0.483847 0.050466 0.159190
16 0.522564 0.690995 0.015043 0.116505
17 0.540518 0.699532 0.018925 0.137596
18 0.565145 0.716606 0.027902 0.150653
19 0.589165 0.729663 0.029843 0.155675
20 0.611001 0.697273 0.041974 0.125042
21 0.651641 0.694511 0.073758 0.158688
22 0.692523 0.656345 0.066722 0.156679
23 0.742382 0.620942 0.068905 0.119016
24 0.506308 0.691498 0.018439 0.123536
25 0.489810 0.692000 0.020380 0.140610
26 0.469308 0.697524 0.026931 0.171745
27 0.442377 0.701290 0.033725 0.176264
28 0.419085 0.679696 0.043430 0.159190