0 0.478074 0.547175 0.026740 0.170702
1 0.458153 0.549356 0.022194 0.167430
2 0.437296 0.540085 0.027542 0.190336
3 0.415637 0.542812 0.032355 0.195790
4 0.390903 0.546902 0.032087 0.195244
5 0.361623 0.542539 0.042516 0.177792
6 0.326193 0.514998 0.041179 0.183791
8 0.505348 0.549902 0.028344 0.172884
9 0.530483 0.550993 0.021926 0.166339
10 0.551206 0.533268 0.027542 0.185428
11 0.575673 0.532450 0.028344 0.193608
12 0.598803 0.515271 0.023263 0.149433
13 0.632494 0.531359 0.041981 0.173975
14 0.669930 0.518543 0.040911 0.178883
15 0.692658 0.464823 0.024333 0.101985
16 0.504679 0.702062 0.017915 0.157613
17 0.523397 0.705061 0.021659 0.174520
18 0.543184 0.718423 0.023263 0.167430
19 0.561234 0.718695 0.029413 0.189791
21 0.631291 0.694699 0.063105 0.169066
24 0.486764 0.701516 0.019520 0.164158
25 0.472325 0.698789 0.025937 0.166339
26 0.454676 0.715423 0.027007 0.179974
27 0.436494 0.716241 0.025403 0.183791
31 0.288758 0.614529 0.059362 0.146161