0 0.485119 0.504503 0.026225 0.191523
1 0.462283 0.497298 0.021216 0.195125
2 0.438857 0.478987 0.028583 0.216138
3 0.418525 0.475985 0.032708 0.202930
5 0.362390 0.473283 0.042432 0.193924
7 0.314802 0.457073 0.033887 0.151897
8 0.510166 0.502702 0.027404 0.204731
9 0.531382 0.496398 0.022689 0.195725
10 0.556576 0.479887 0.031824 0.227546
15 0.700079 0.446566 0.033592 0.157301
16 0.504952 0.630617 0.019540 0.147797
17 0.523153 0.639071 0.019540 0.146161
18 0.549117 0.660886 0.039883 0.208333
19 0.569728 0.637162 0.041489 0.196880
20 0.602383 0.619164 0.045771 0.160886
21 0.640526 0.607439 0.064241 0.188700
22 0.684424 0.583715 0.065847 0.169612
23 0.734478 0.563264 0.065311 0.175611
24 0.485814 0.634435 0.017666 0.148887
25 0.469486 0.635253 0.019807 0.164703
26 0.446332 0.649433 0.029711 0.193063
27 0.423447 0.646706 0.034262 0.147251
28 0.391862 0.645615 0.048180 0.171248