0 0.480559 0.398493 0.027183 0.204749
1 0.457583 0.393824 0.022005 0.195411
2 0.432989 0.359144 0.029772 0.252768
3 0.416161 0.370815 0.043364 0.226757
6 0.312283 0.406162 0.049836 0.188075
7 0.281702 0.293451 0.066340 0.172069
8 0.508228 0.393824 0.026860 0.210084
9 0.532337 0.412498 0.021358 0.182073
10 0.559196 0.384487 0.029125 0.242097
11 0.576186 0.401827 0.040451 0.206082
12 0.602398 0.394491 0.039157 0.235428
14 0.681682 0.408497 0.064398 0.188742
15 0.724398 0.275110 0.051454 0.190076
16 0.507282 0.597255 0.019747 0.164987
17 0.528364 0.604954 0.019747 0.184786
18 0.548244 0.636027 0.026952 0.215034
19 0.567190 0.638226 0.031221 0.188636
20 0.592808 0.631077 0.042963 0.187536
21 0.634303 0.620353 0.069381 0.158388
22 0.696613 0.618428 0.076586 0.195235
23 0.745179 0.586530 0.062710 0.162238
24 0.489003 0.595055 0.018413 0.160588
25 0.469656 0.599454 0.020814 0.177087
26 0.449509 0.618428 0.025884 0.216134
27 0.428161 0.618978 0.032823 0.190835
28 0.400676 0.621178 0.040294 0.191935
29 0.361449 0.609629 0.067513 0.179836
30 0.310347 0.595605 0.046432 0.183686
31 0.262714 0.634652 0.053637 0.180386