0 0.485773 0.469925 0.045761 0.217143
1 0.459666 0.487368 0.042828 0.177444
2 0.435612 0.463008 0.038134 0.228571
3 0.408624 0.465414 0.038134 0.211729
4 0.391170 0.475639 0.043121 0.196090
5 0.353916 0.482857 0.051921 0.187669
6 0.308302 0.480451 0.048108 0.173233
7 0.263860 0.470226 0.046641 0.163609
8 0.534028 0.471729 0.049575 0.218346
9 0.562628 0.495489 0.041068 0.179248
10 0.584629 0.481654 0.035788 0.212932
11 0.613230 0.497594 0.044881 0.178647
13 0.648871 0.501504 0.048695 0.147970
14 0.694779 0.486466 0.051921 0.167218
15 0.734086 0.473233 0.044295 0.163609
16 0.532317 0.682983 0.028992 0.172893
17 0.556787 0.688165 0.030588 0.178893
18 0.577401 0.701527 0.034046 0.205618
19 0.602403 0.694164 0.027662 0.177802
20 0.629002 0.689801 0.048941 0.182165
21 0.669165 0.687074 0.063304 0.184347
22 0.718771 0.663894 0.063038 0.181620
23 0.773031 0.636079 0.070485 0.113990
24 0.507846 0.687347 0.028460 0.182711
25 0.485371 0.688437 0.026598 0.188165
26 0.455315 0.719253 0.036174 0.224707
27 0.432706 0.701800 0.037238 0.200709
28 0.408768 0.702345 0.035642 0.202891
30 0.314344 0.677802 0.075539 0.184347
31 0.262743 0.651623 0.068092 0.167985