0 0.489610 0.571509 0.040775 0.165643
1 0.453148 0.566257 0.030581 0.169683
2 0.419431 0.555349 0.037638 0.212508
3 0.390810 0.580802 0.035286 0.184228
4 0.360425 0.588882 0.032541 0.192308
5 0.324418 0.591570 0.047571 0.173403
6 0.285908 0.574563 0.042393 0.176737
8 0.534764 0.575897 0.050807 0.174070
9 0.566477 0.580232 0.035921 0.169401
10 0.604340 0.558890 0.042393 0.204082
11 0.632494 0.573229 0.029448 0.160731
12 0.663722 0.570562 0.026536 0.171402
13 0.697054 0.566560 0.039480 0.159397
14 0.735887 0.562225 0.045952 0.172069
16 0.518056 0.709176 0.024970 0.145909
17 0.548902 0.719771 0.043771 0.159833
18 0.576663 0.736118 0.036427 0.180418
19 0.608830 0.733393 0.040246 0.196765
21 0.700338 0.708268 0.065804 0.159833
22 0.742053 0.693435 0.060516 0.144698
23 0.806535 0.677088 0.074323 0.136222
24 0.491324 0.710689 0.027320 0.135616
25 0.464003 0.720679 0.029670 0.160439
26 0.433011 0.738237 0.044652 0.183445
30 0.268796 0.691921 0.067566 0.152568