0 0.491812 0.486767 0.022810 0.184662
1 0.472364 0.488872 0.021933 0.166015
8 0.517546 0.489173 0.025735 0.182256
2 0.452917 0.481955 0.025735 0.190677
3 0.434493 0.490977 0.036263 0.176241
4 0.414607 0.505714 0.035093 0.173233
5 0.380831 0.503910 0.048838 0.182857
6 0.349393 0.493985 0.036263 0.170226
9 0.542258 0.493383 0.025442 0.170226
10 0.565360 0.483158 0.031291 0.206316
11 0.581883 0.503308 0.041527 0.182857
12 0.604547 0.500602 0.032461 0.200301
13 0.634961 0.513233 0.051762 0.182256
14 0.672979 0.496090 0.037725 0.180451
16 0.521348 0.686466 0.019301 0.171429
17 0.540357 0.695489 0.024565 0.182256
18 0.559073 0.708421 0.021641 0.208120
19 0.582030 0.712030 0.026027 0.191278
20 0.610542 0.712331 0.046206 0.185865
22 0.695643 0.672331 0.071355 0.179248
24 0.505556 0.677744 0.019886 0.166015
25 0.484208 0.687669 0.023395 0.193083
26 0.463591 0.703609 0.025442 0.212932
27 0.443559 0.694286 0.023395 0.175038
28 0.418263 0.696090 0.038310 0.184662
30 0.333455 0.667519 0.069308 0.178045
31 0.304211 0.638346 0.037725 0.140150