0 0.479885 0.509292 0.030251 0.199580
1 0.453618 0.513622 0.022961 0.177391
2 0.425212 0.507568 0.032086 0.197975
3 0.405342 0.525428 0.028259 0.162255
4 0.382382 0.531180 0.027082 0.167704
5 0.353239 0.537234 0.043566 0.162861
6 0.315855 0.517557 0.040034 0.171942
8 0.512344 0.506357 0.031497 0.197975
9 0.538396 0.510292 0.023549 0.175575
10 0.567685 0.494551 0.037384 0.191316
11 0.586672 0.513925 0.027670 0.169520
12 0.611398 0.519374 0.029437 0.167099
13 0.642601 0.515438 0.044155 0.158017
14 0.683077 0.509384 0.042094 0.150752
16 0.510431 0.692527 0.019428 0.142881
17 0.527210 0.689499 0.021783 0.153779
18 0.549876 0.697975 0.024727 0.187683
19 0.572984 0.697067 0.027376 0.166493
20 0.600360 0.692224 0.040917 0.156806
21 0.649077 0.688894 0.023549 0.077495
22 0.683077 0.674364 0.060345 0.141671
24 0.490708 0.702819 0.018251 0.159833
25 0.472458 0.694040 0.019428 0.148330
26 0.451116 0.710689 0.026199 0.193737
27 0.424918 0.708570 0.039151 0.184656
28 0.403282 0.694646 0.046510 0.147119
30 0.325569 0.687986 0.061228 0.153174