0 0.495137 0.559534 0.023665 0.168176
2 0.448780 0.535653 0.028852 0.205174
3 0.424142 0.540026 0.033390 0.188357
4 0.396749 0.533635 0.031121 0.184993
7 0.315867 0.413221 0.037929 0.156740
8 0.521396 0.564579 0.027555 0.172885
9 0.545871 0.576688 0.017506 0.133868
10 0.570184 0.544735 0.029176 0.209883
11 0.592877 0.555162 0.033714 0.171539
12 0.622863 0.542380 0.029500 0.182303
14 0.691751 0.518163 0.041495 0.174230
16 0.508913 0.711426 0.016835 0.138626
17 0.527885 0.719466 0.018972 0.160251
18 0.547927 0.729170 0.024317 0.190749
19 0.573178 0.726675 0.030997 0.180213
20 0.605912 0.722793 0.044625 0.176886
21 0.648934 0.695068 0.067606 0.183540
22 0.697835 0.673720 0.066002 0.167460
24 0.491811 0.715308 0.019507 0.140844
25 0.473640 0.709485 0.018972 0.152488
26 0.453466 0.723348 0.024584 0.196848
27 0.428615 0.718080 0.031531 0.171896
28 0.398152 0.710872 0.039014 0.170787
30 0.315181 0.654312 0.066537 0.164133