0 0.491208 0.525691 0.031649 0.202620
8 0.526732 0.524041 0.033587 0.204600
1 0.461819 0.530971 0.027128 0.177540
2 0.432915 0.501931 0.030680 0.223740
3 0.409017 0.507541 0.034556 0.188760
4 0.381243 0.492030 0.039077 0.185460
5 0.346364 0.461340 0.042307 0.180840
9 0.555636 0.527341 0.024867 0.182160
10 0.582764 0.504241 0.027451 0.215160
11 0.608600 0.502591 0.031326 0.189420
13 0.667539 0.476190 0.045213 0.169620
16 0.517367 0.710491 0.021961 0.147180
17 0.538358 0.715111 0.025836 0.156420
18 0.567424 0.720721 0.032295 0.178200
19 0.597297 0.703891 0.038431 0.159060
20 0.629269 0.689041 0.057162 0.179520
21 0.667054 0.653071 0.067497 0.165660
24 0.494114 0.710821 0.023252 0.143880
25 0.471023 0.711811 0.023575 0.160380
26 0.445833 0.724021 0.028097 0.190080
27 0.419351 0.700921 0.041015 0.149160
28 0.386087 0.689371 0.049411 0.166980
29 0.347979 0.653071 0.079123 0.168300
30 0.302282 0.613471 0.071049 0.174900
31 0.250771 0.623371 0.074602 0.090420