0 0.480978 0.485779 0.026139 0.200825
1 0.457058 0.476281 0.022959 0.192683
2 0.432611 0.473115 0.027636 0.206253
3 0.410289 0.452309 0.032313 0.182733
4 0.386692 0.452309 0.023384 0.197207
5 0.357143 0.418385 0.045068 0.205348
6 0.313776 0.391699 0.042517 0.208062
8 0.508503 0.485779 0.026361 0.200825
9 0.531037 0.473567 0.025510 0.212585
10 0.555485 0.435121 0.030187 0.280431
11 0.576956 0.446429 0.036565 0.248770
12 0.604167 0.438739 0.030612 0.206253
13 0.625850 0.422456 0.028061 0.106745
14 0.666029 0.383105 0.042092 0.225250
16 0.507440 0.686152 0.017432 0.174591
17 0.525085 0.688866 0.020408 0.201730
18 0.547832 0.711481 0.026786 0.259625
19 0.581207 0.683891 0.046769 0.209871
20 0.618622 0.657204 0.065476 0.205348
21 0.644983 0.616044 0.076531 0.217108
22 0.685162 0.564933 0.076956 0.192683
23 0.739371 0.543675 0.063776 0.132074
24 0.488308 0.686604 0.018282 0.177305
25 0.469600 0.692032 0.021684 0.204443
26 0.443452 0.702888 0.038265 0.273194
27 0.417942 0.680724 0.040816 0.237914
28 0.387543 0.673940 0.043793 0.213490
29 0.357781 0.631423 0.088861 0.199016
30 0.318452 0.592977 0.080782 0.190874