0 0.485332 0.464973 0.028486 0.197207
1 0.458546 0.469496 0.023384 0.173686
2 0.432185 0.451856 0.035289 0.223440
3 0.414116 0.474019 0.037415 0.153785
4 0.380952 0.473567 0.029762 0.158308
5 0.346939 0.497992 0.056973 0.165545
6 0.305910 0.484422 0.048044 0.154690
7 0.263818 0.465426 0.041241 0.149262
8 0.515731 0.467235 0.029762 0.190874
9 0.542942 0.469949 0.023810 0.185447
10 0.569090 0.457284 0.031888 0.216204
11 0.593963 0.480804 0.033163 0.176400
12 0.621173 0.494373 0.029762 0.143834
13 0.655612 0.471758 0.045918 0.176400
14 0.700468 0.463164 0.044643 0.180923
15 0.722789 0.346921 0.067177 0.102222
16 0.505315 0.659014 0.018282 0.149262
17 0.526786 0.664894 0.021259 0.157403
18 0.549107 0.679820 0.028486 0.183637
19 0.577806 0.670774 0.034014 0.163736
20 0.608418 0.655395 0.041667 0.143834
21 0.649235 0.649967 0.056973 0.158308
22 0.699405 0.636398 0.056973 0.160117
23 0.752764 0.611069 0.067602 0.127551
24 0.487883 0.652681 0.020833 0.129360
25 0.468112 0.663084 0.021259 0.159213
26 0.445578 0.673035 0.029762 0.182733
27 0.419430 0.668964 0.033588 0.161926
28 0.392219 0.656300 0.039541 0.154690
30 0.303146 0.645897 0.089286 0.151976
31 0.251913 0.620115 0.068452 0.161926