0 0.480733 0.500420 0.031015 0.184970
1 0.449013 0.491921 0.031485 0.187970
2 0.420348 0.478423 0.034305 0.224964
3 0.394267 0.483923 0.027256 0.177972
5 0.360432 0.482423 0.055451 0.182971
6 0.316494 0.466425 0.044643 0.192969
7 0.282660 0.457427 0.039004 0.166973
8 0.514098 0.497420 0.031955 0.178971
9 0.542763 0.485422 0.029135 0.182971
10 0.574953 0.460926 0.044643 0.217965
11 0.600094 0.481423 0.030075 0.154975
13 0.636043 0.470425 0.052162 0.192969
14 0.681626 0.465925 0.046523 0.175972
15 0.716635 0.443429 0.043233 0.180971
16 0.509633 0.708387 0.033365 0.168973
17 0.532425 0.709386 0.031015 0.176972
18 0.563910 0.710386 0.041353 0.176972
19 0.595395 0.708387 0.037594 0.188970
21 0.644032 0.702388 0.079417 0.188970
22 0.703947 0.663894 0.083647 0.157975
23 0.751645 0.626400 0.075658 0.140977
24 0.486137 0.704887 0.021147 0.169973
25 0.462406 0.711886 0.028195 0.175972
26 0.429746 0.718885 0.037124 0.189970
27 0.398026 0.720885 0.034774 0.191969
29 0.351504 0.711386 0.067669 0.186970
30 0.295583 0.678891 0.071429 0.179971
31 0.253055 0.693889 0.058741 0.117981