0 0.474120 0.457028 0.030021 0.233470
1 0.442288 0.457028 0.036749 0.207039
2 0.406056 0.428946 0.035714 0.265407
3 0.380952 0.434452 0.033126 0.236774
4 0.353002 0.424541 0.027950 0.214748
8 0.508799 0.460883 0.038302 0.225761
9 0.544255 0.455927 0.036749 0.222457
10 0.577899 0.430047 0.043996 0.269812
11 0.606108 0.438857 0.043478 0.232369
16 0.499900 0.680165 0.034362 0.169134
17 0.521313 0.694872 0.034178 0.192012
18 0.549731 0.720610 0.037250 0.238585
19 0.578917 0.721018 0.037250 0.237768
24 0.477343 0.686293 0.036098 0.179756
25 0.456221 0.684250 0.039939 0.172403
26 0.422811 0.725921 0.049923 0.231232
27 0.394585 0.717342 0.044163 0.217342
28 0.363479 0.692012 0.063364 0.201000
29 0.332373 0.661372 0.073349 0.162598
31 0.252413 0.588824 0.067568 0.159164