0 0.464286 0.415731 0.047619 0.175102
1 0.431159 0.419585 0.051760 0.191622
2 0.394669 0.400313 0.055383 0.252192
3 0.368271 0.423990 0.035714 0.207039
4 0.341615 0.432800 0.039337 0.220255
5 0.301760 0.440509 0.052795 0.178406
6 0.262681 0.425642 0.038820 0.183913
7 0.230849 0.409123 0.041408 0.128849
8 0.510611 0.408022 0.048137 0.186115
9 0.548395 0.406920 0.045031 0.194925
10 0.590321 0.377186 0.066770 0.243381
11 0.609990 0.412977 0.039855 0.191622
12 0.639493 0.412977 0.035714 0.191622
13 0.680642 0.426193 0.053830 0.187216
14 0.718168 0.423990 0.037785 0.174001
15 0.754400 0.409674 0.040890 0.156381
16 0.514234 0.632131 0.029503 0.174001
17 0.534679 0.633783 0.027950 0.190520
18 0.564700 0.652504 0.039337 0.230166
19 0.600414 0.660213 0.033126 0.199330
20 0.635093 0.661865 0.039337 0.198229
24 0.487836 0.633783 0.028468 0.177305
25 0.466874 0.642042 0.033126 0.193824
26 0.433230 0.667922 0.039337 0.227964
27 0.401139 0.671226 0.032091 0.221356
30 0.305383 0.651403 0.067288 0.190520
31 0.257246 0.612858 0.066253 0.175102