0 0.481203 0.438930 0.032895 0.181971
1 0.454182 0.426932 0.021147 0.167973
2 0.427162 0.433431 0.036654 0.192969
3 0.404605 0.442429 0.033835 0.178971
4 0.377820 0.439430 0.032895 0.162974
5 0.344455 0.411934 0.050752 0.191969
6 0.297227 0.401936 0.044643 0.179971
7 0.254229 0.422432 0.042293 0.158975
8 0.512688 0.441929 0.031015 0.175972
9 0.539239 0.430931 0.021147 0.167973
10 0.567199 0.426432 0.033835 0.192969
11 0.595160 0.440430 0.035244 0.168973
12 0.622415 0.435930 0.031485 0.161974
13 0.657425 0.418433 0.047932 0.176972
14 0.702773 0.410934 0.044643 0.175972
15 0.743186 0.395937 0.039004 0.159974
16 0.511043 0.617401 0.020207 0.140977
17 0.530545 0.617401 0.019737 0.150976
18 0.555921 0.623400 0.030075 0.170973
19 0.585056 0.605403 0.037594 0.158975
20 0.615602 0.606903 0.036654 0.159974
21 0.653665 0.596405 0.064850 0.180971
22 0.699013 0.582407 0.050282 0.176972
23 0.753289 0.530415 0.064850 0.112982
24 0.495066 0.620401 0.018327 0.146976
25 0.475799 0.616401 0.021147 0.154975
26 0.450468 0.620115 0.031037 0.160117
27 0.422194 0.616044 0.041667 0.170068
28 0.392007 0.612878 0.036565 0.163736
29 0.352253 0.605641 0.072704 0.189065
30 0.302721 0.575337 0.062075 0.175496