0 0.486842 0.415933 0.029135 0.219965
1 0.464051 0.410434 0.025846 0.212966
2 0.430451 0.394437 0.038534 0.238962
3 0.407190 0.400936 0.037124 0.213966
4 0.378759 0.388438 0.035714 0.212966
5 0.339756 0.393437 0.048872 0.184970
6 0.293233 0.373440 0.043233 0.200968
7 0.256109 0.350444 0.044173 0.190969
8 0.513628 0.422432 0.032895 0.212966
9 0.542293 0.414434 0.029135 0.222964
10 0.574013 0.407435 0.034305 0.226964
11 0.597509 0.401436 0.037124 0.208967
12 0.627820 0.403435 0.039474 0.194969
13 0.664474 0.378939 0.052632 0.233963
14 0.709352 0.375940 0.047462 0.201968
15 0.746241 0.359942 0.049812 0.189970
16 0.497415 0.653395 0.021147 0.170973
17 0.512923 0.657895 0.022086 0.199968
18 0.535479 0.674392 0.023966 0.224964
19 0.563675 0.676392 0.032425 0.194969
20 0.590461 0.664894 0.036184 0.187970
21 0.632284 0.656395 0.075658 0.202968
22 0.691024 0.615901 0.074718 0.171972
23 0.728618 0.574408 0.069079 0.148976
24 0.481438 0.630399 0.023966 0.176972
25 0.467340 0.655895 0.022086 0.193969
26 0.441259 0.668393 0.031015 0.226964
27 0.411419 0.661894 0.037124 0.187970
28 0.391917 0.652396 0.040414 0.194969
29 0.355968 0.644897 0.065320 0.193969
30 0.301457 0.609902 0.072838 0.173972
31 0.262218 0.559410 0.070489 0.156975