0 0.471486 0.489582 0.046659 0.235317
1 0.441244 0.507966 0.061060 0.213256
2 0.423675 0.449137 0.046659 0.232866
3 0.383929 0.469973 0.043203 0.218159
4 0.342742 0.479777 0.036866 0.178939
5 0.297811 0.444848 0.055300 0.209579
6 0.253168 0.419110 0.046659 0.185067
7 0.239343 0.302064 0.057028 0.120110
8 0.521025 0.493872 0.051267 0.219384
9 0.563652 0.497549 0.048963 0.236543
10 0.591878 0.454652 0.063940 0.234092
11 0.618952 0.490195 0.043203 0.204677
12 0.656970 0.496323 0.035138 0.177714
13 0.698157 0.461393 0.051843 0.198549
14 0.739631 0.431979 0.048387 0.191195
15 0.752592 0.308805 0.054724 0.116433
16 0.536290 0.709579 0.025346 0.180165
17 0.562500 0.719997 0.035138 0.191195
18 0.593894 0.743284 0.039171 0.235317
19 0.630760 0.713869 0.064516 0.188744
20 0.664747 0.693034 0.061060 0.198549
21 0.702189 0.641558 0.071429 0.186293
22 0.749424 0.596210 0.057604 0.181390
23 0.792627 0.566183 0.049539 0.123787
24 0.511233 0.713256 0.027074 0.194872
25 0.482719 0.715707 0.031106 0.192421
26 0.443260 0.717546 0.047811 0.235317
27 0.404666 0.697323 0.053571 0.226738
28 0.364919 0.669747 0.058180 0.193646
29 0.313940 0.651363 0.073733 0.205903
30 0.253744 0.594372 0.069700 0.172811
31 0.195565 0.550863 0.053571 0.129915