0 0.480072 0.449319 0.026398 0.215850
1 0.455745 0.447668 0.027433 0.216951
2 0.429089 0.411325 0.033126 0.272014
3 0.403209 0.410224 0.037267 0.234571
4 0.376035 0.401414 0.035714 0.232369
5 0.337992 0.392053 0.050725 0.218052
6 0.296325 0.343047 0.053313 0.236774
7 0.262422 0.306154 0.049689 0.174001
8 0.506470 0.447668 0.027433 0.216951
9 0.527950 0.438307 0.024845 0.215850
10 0.555901 0.403066 0.030021 0.273116
11 0.582039 0.402515 0.041925 0.243381
12 0.610766 0.395908 0.041408 0.234571
13 0.651915 0.379939 0.053313 0.235672
14 0.700311 0.350755 0.051760 0.234571
15 0.726967 0.291837 0.042961 0.180609
16 0.508540 0.675080 0.018116 0.149773
17 0.525362 0.679485 0.022774 0.182811
18 0.549689 0.703713 0.036232 0.264306
19 0.577640 0.696555 0.038302 0.225761
20 0.612319 0.682239 0.054865 0.225761
21 0.648810 0.638738 0.070911 0.207039
22 0.708333 0.607352 0.082298 0.203736
23 0.748447 0.575966 0.045549 0.112330
24 0.488872 0.673979 0.019151 0.156381
25 0.471014 0.681137 0.021739 0.186115
26 0.446687 0.710872 0.035197 0.272014
27 0.417184 0.692701 0.037267 0.224660
28 0.385093 0.679485 0.050725 0.218052
29 0.344979 0.640390 0.080228 0.205938
30 0.290373 0.599643 0.077640 0.199330
31 0.245600 0.578719 0.054348 0.111229