0 0.492134 0.497992 0.031037 0.216204
1 0.463861 0.497539 0.028912 0.209871
2 0.434311 0.491207 0.037840 0.209871
3 0.405612 0.496635 0.030612 0.188160
4 0.381378 0.477186 0.034014 0.207157
5 0.348002 0.467687 0.049745 0.186351
6 0.307398 0.431050 0.042517 0.187256
7 0.272959 0.396675 0.041667 0.165545
8 0.521471 0.499349 0.029337 0.209871
9 0.549107 0.496635 0.027636 0.206253
10 0.577806 0.465878 0.032313 0.233391
11 0.604167 0.485327 0.030612 0.180019
12 0.627126 0.452309 0.029762 0.213490
13 0.658376 0.443715 0.042942 0.194493
14 0.693665 0.422004 0.043793 0.169163
15 0.724915 0.383105 0.037415 0.158308
16 0.520196 0.703340 0.015731 0.163736
17 0.536777 0.702435 0.018282 0.178210
18 0.556548 0.715552 0.029762 0.224345
19 0.585034 0.694294 0.028061 0.196302
20 0.618472 0.687927 0.044163 0.205903
21 0.653802 0.647890 0.064900 0.155244
22 0.698157 0.603768 0.066052 0.173220
23 0.735407 0.539628 0.062980 0.152793
24 0.502496 0.698140 0.018049 0.154427
25 0.482527 0.706720 0.019585 0.178122
26 0.459485 0.714890 0.026498 0.205903
27 0.432028 0.704268 0.033026 0.192829
28 0.401690 0.707537 0.034562 0.205903
29 0.357527 0.671585 0.080645 0.197732
30 0.311060 0.633592 0.071429 0.190378
31 0.263057 0.560463 0.076805 0.143805