0 0.484023 0.445929 0.033835 0.199968
2 0.416118 0.432431 0.037124 0.226964
5 0.321429 0.441929 0.054511 0.197968
6 0.275141 0.445429 0.043703 0.166973
8 0.520677 0.441429 0.033835 0.210966
9 0.558506 0.445429 0.030545 0.188970
10 0.591165 0.426432 0.032895 0.244961
14 0.732143 0.418933 0.043233 0.207967
17 0.535714 0.651896 0.026316 0.189970
18 0.566964 0.662894 0.035244 0.229963
19 0.596335 0.669393 0.030075 0.232963
20 0.627115 0.648396 0.039944 0.212966
21 0.670113 0.627900 0.071429 0.201968
22 0.724624 0.613902 0.074248 0.169973
23 0.768562 0.568909 0.065320 0.147976
24 0.495771 0.642397 0.021617 0.162974
25 0.472979 0.650396 0.025846 0.206967
26 0.443374 0.650896 0.032425 0.211966
27 0.411184 0.649896 0.032895 0.201968
28 0.383929 0.644897 0.033835 0.215965
29 0.343515 0.631899 0.067669 0.189970
30 0.283365 0.617401 0.070489 0.162974
31 0.248590 0.577408 0.041353 0.076988