0 0.474277 0.544127 0.025935 0.198111
1 0.447917 0.543675 0.025085 0.179114
2 0.421556 0.513370 0.030187 0.234296
3 0.395833 0.511561 0.030612 0.198111
4 0.373512 0.507038 0.038690 0.181828
5 0.340349 0.469496 0.054847 0.204443
6 0.298895 0.440096 0.049320 0.169163
7 0.284864 0.352348 0.045068 0.098603
8 0.501913 0.542770 0.029337 0.195397
9 0.525298 0.544580 0.025085 0.195397
10 0.553146 0.516989 0.032313 0.245151
11 0.577594 0.525130 0.037840 0.198111
12 0.602679 0.517441 0.039541 0.188160
13 0.640731 0.474924 0.058673 0.218917
14 0.686012 0.447333 0.061650 0.185447
15 0.703869 0.356419 0.048044 0.094080
16 0.492739 0.744664 0.022370 0.153646
17 0.514325 0.748422 0.030220 0.149471
18 0.539443 0.750092 0.031005 0.194562
19 0.569270 0.735061 0.038069 0.194562
20 0.609498 0.715856 0.048666 0.182872
21 0.661892 0.681202 0.097724 0.202078
22 0.713108 0.612312 0.076138 0.172851
23 0.762559 0.585173 0.048666 0.111894
24 0.470761 0.738401 0.023940 0.144460
25 0.449568 0.744247 0.025510 0.159491
26 0.417582 0.748004 0.041601 0.202078
27 0.390110 0.725876 0.043171 0.192892
28 0.361656 0.710428 0.056122 0.187047
29 0.317111 0.666589 0.088697 0.194562
30 0.272959 0.590183 0.074176 0.155316
31 0.227433 0.558452 0.041209 0.113564