1 0.471805 0.434430 0.024436 0.206967
2 0.441494 0.405435 0.043703 0.274956
3 0.414709 0.422432 0.038064 0.214966
4 0.388863 0.393437 0.033365 0.186970
5 0.353618 0.385938 0.054041 0.211966
6 0.309211 0.350444 0.043233 0.210966
7 0.275376 0.326448 0.046053 0.196968
8 0.526081 0.457927 0.030545 0.205967
9 0.550517 0.469425 0.028665 0.204967
10 0.582472 0.437430 0.045583 0.280955
11 0.606908 0.455927 0.042763 0.201968
12 0.635573 0.440430 0.038064 0.216965
13 0.670348 0.415933 0.052162 0.241961
14 0.712876 0.402436 0.044173 0.210966
16 0.528665 0.664394 0.019737 0.168973
17 0.545113 0.694389 0.022556 0.178971
18 0.573543 0.721385 0.042763 0.244961
19 0.608553 0.714386 0.051692 0.208967
20 0.632754 0.682391 0.059680 0.182971
21 0.673402 0.665394 0.096805 0.206967
22 0.718985 0.611402 0.086466 0.178971
24 0.512543 0.665346 0.017432 0.143834
25 0.494048 0.668060 0.022109 0.181828
26 0.462372 0.698817 0.048044 0.241533
27 0.428571 0.688866 0.059524 0.196302
28 0.408163 0.644992 0.059524 0.195397
29 0.347151 0.621924 0.113520 0.174591
30 0.316114 0.547293 0.108418 0.159213
31 0.277636 0.495730 0.070578 0.137502