0 0.484447 0.477939 0.029954 0.241445
1 0.460829 0.473037 0.028802 0.234092
2 0.429435 0.457104 0.031682 0.246348
3 0.408410 0.465683 0.038018 0.207128
5 0.346198 0.438719 0.052995 0.207128
6 0.306740 0.409305 0.038594 0.204677
7 0.273041 0.372537 0.038018 0.194872
8 0.513249 0.477326 0.033410 0.247573
9 0.542051 0.477326 0.031106 0.240220
10 0.569988 0.466296 0.032834 0.235317
11 0.598502 0.466296 0.041475 0.213256
14 0.701613 0.404402 0.047235 0.204677
15 0.731279 0.363957 0.035138 0.192421
16 0.517340 0.686644 0.023292 0.142064
17 0.539596 0.696555 0.032609 0.159685
18 0.571429 0.711973 0.064182 0.205938
19 0.593427 0.688296 0.055383 0.196027
20 0.627329 0.676732 0.075569 0.197128
21 0.659161 0.632681 0.092650 0.199330
22 0.708075 0.593586 0.091097 0.180609
23 0.757246 0.539073 0.098344 0.157482
24 0.497930 0.692701 0.019669 0.156381
25 0.480849 0.694903 0.024845 0.174001
26 0.452640 0.714726 0.034679 0.224660
27 0.425466 0.698207 0.035197 0.129950
28 0.394928 0.672327 0.075569 0.188318
30 0.305124 0.616162 0.092650 0.199330
31 0.258282 0.556694 0.086957 0.172900