0 0.514752 0.492269 0.037785 0.233470
1 0.485507 0.479054 0.042443 0.231267
2 0.450569 0.442161 0.050207 0.261002
3 0.418996 0.446566 0.048137 0.223558
4 0.388716 0.435553 0.056936 0.205938
5 0.339027 0.412427 0.071429 0.214748
6 0.311594 0.339743 0.072464 0.188318
7 0.282091 0.261552 0.059006 0.115634
8 0.545031 0.494472 0.041408 0.226862
9 0.576863 0.489516 0.029503 0.234571
10 0.607143 0.467490 0.030021 0.263204
11 0.632505 0.474649 0.036232 0.213647
12 0.659420 0.466389 0.031056 0.175102
13 0.692805 0.418484 0.058489 0.229065
14 0.716097 0.352958 0.056418 0.192723
15 0.741201 0.281375 0.050725 0.122241
16 0.517093 0.740799 0.023784 0.197513
17 0.537621 0.731475 0.032247 0.214684
18 0.565881 0.739222 0.029820 0.247883
19 0.597087 0.728524 0.030513 0.216160
20 0.627080 0.700121 0.042649 0.181486
21 0.674064 0.676513 0.077670 0.210995
22 0.730756 0.625609 0.074549 0.153451
23 0.767510 0.559211 0.050277 0.120990
24 0.508495 0.725573 0.032247 0.210258
25 0.482143 0.729262 0.027393 0.226488
26 0.451283 0.726680 0.034327 0.231652
27 0.417649 0.711187 0.040569 0.203618
28 0.388523 0.682415 0.046810 0.196240
29 0.342926 0.662496 0.081137 0.215422
30 0.276179 0.603845 0.084258 0.149762
31 0.235610 0.544088 0.053051 0.126155