0 0.484023 0.456927 0.031015 0.199968
1 0.455592 0.455427 0.029605 0.182971
2 0.426927 0.440929 0.034305 0.213966
3 0.400141 0.436930 0.038064 0.201968
4 0.369831 0.424432 0.034774 0.206967
5 0.333647 0.420433 0.056391 0.198968
6 0.285714 0.394937 0.045113 0.199968
8 0.514803 0.459426 0.032425 0.192969
9 0.541353 0.461426 0.025376 0.176972
10 0.571898 0.444429 0.034774 0.218965
11 0.598919 0.446429 0.037124 0.206967
12 0.626880 0.435430 0.033835 0.204967
13 0.664004 0.425432 0.047932 0.206967
14 0.707707 0.399936 0.043233 0.193969
16 0.505791 0.676488 0.018494 0.150342
17 0.527074 0.674445 0.020353 0.160963
18 0.557988 0.689561 0.034562 0.194464
19 0.587942 0.678939 0.041475 0.178122
20 0.622312 0.669951 0.044163 0.186293
22 0.706221 0.609079 0.072965 0.167500
24 0.485791 0.675262 0.017665 0.154427
25 0.465054 0.669134 0.020737 0.166683
26 0.435676 0.674445 0.031874 0.193646
27 0.408602 0.671994 0.036098 0.205085
28 0.375192 0.657287 0.043011 0.195281
29 0.331989 0.630323 0.078725 0.187110
30 0.280146 0.594372 0.068740 0.175671