0 0.481203 0.369441 0.028195 0.238962
1 0.455122 0.375440 0.029605 0.206967
2 0.426457 0.351444 0.035244 0.254959
3 0.399201 0.357943 0.031485 0.219965
4 0.373120 0.354443 0.031015 0.196968
5 0.336936 0.343445 0.054511 0.188970
6 0.291353 0.296952 0.040414 0.181971
8 0.509164 0.371940 0.027726 0.227964
9 0.534774 0.377440 0.026316 0.202968
10 0.563205 0.347444 0.036184 0.260958
11 0.589521 0.358943 0.037124 0.207967
12 0.619596 0.343945 0.031485 0.209966
13 0.654370 0.324448 0.046523 0.204967
14 0.696429 0.280455 0.046992 0.218965
16 0.500960 0.585384 0.019585 0.167500
17 0.517857 0.598457 0.018817 0.192012
18 0.550115 0.593146 0.049539 0.212439
19 0.572773 0.564140 0.041859 0.175671
20 0.606759 0.556378 0.052227 0.179756
21 0.645737 0.532274 0.077957 0.193646
22 0.691436 0.481207 0.065668 0.169951
23 0.727727 0.445256 0.049155 0.156878
24 0.481567 0.587427 0.018433 0.173220
25 0.466590 0.586201 0.023810 0.185476
26 0.437788 0.591512 0.043011 0.222244
27 0.409178 0.562915 0.050307 0.197732
28 0.384217 0.547799 0.048771 0.190378
29 0.341014 0.525329 0.086022 0.168317
30 0.298771 0.475896 0.076805 0.154427