0 0.478618 0.513918 0.030545 0.189970
1 0.447603 0.496920 0.032425 0.181971
2 0.435385 0.372940 0.049342 0.161974
3 0.413299 0.488922 0.039004 0.173972
4 0.382519 0.475424 0.031955 0.176972
5 0.343045 0.447928 0.055451 0.219965
6 0.307331 0.410434 0.052632 0.186970
7 0.273731 0.384438 0.059680 0.198968
8 0.509164 0.502920 0.033365 0.197968
9 0.537594 0.483923 0.029135 0.209966
10 0.553806 0.314950 0.039944 0.089986
11 0.578477 0.479423 0.042293 0.188970
12 0.610197 0.457927 0.033365 0.189970
13 0.645912 0.429931 0.059680 0.207967
14 0.692434 0.390937 0.053102 0.185970
16 0.516212 0.695389 0.028665 0.122980
17 0.537359 0.695389 0.026786 0.184970
18 0.569079 0.707887 0.032895 0.211966
19 0.603148 0.704387 0.031485 0.164974
20 0.626645 0.662894 0.070019 0.157975
21 0.665414 0.635898 0.101504 0.173972
22 0.714051 0.573408 0.081297 0.168973
23 0.751645 0.536414 0.055921 0.178971
24 0.491071 0.707387 0.030075 0.132979
25 0.472744 0.698388 0.030075 0.160974
26 0.437265 0.700888 0.045583 0.207967
27 0.404605 0.693889 0.049812 0.197968
28 0.368656 0.666893 0.059680 0.175972
30 0.277726 0.585406 0.081767 0.170973
31 0.225329 0.559410 0.069079 0.110982