0 0.477727 0.469768 0.038402 0.210805
8 0.519393 0.474671 0.041091 0.197732
1 0.440476 0.463640 0.034562 0.223061
2 0.405146 0.449750 0.033026 0.229598
3 0.375576 0.439945 0.036098 0.213256
4 0.343894 0.433817 0.031874 0.194464
5 0.307220 0.402360 0.047619 0.216524
6 0.265745 0.383567 0.040707 0.201817
9 0.554339 0.453018 0.030338 0.201817
10 0.586790 0.445665 0.036866 0.219793
11 0.623272 0.448524 0.041475 0.201000
12 0.652458 0.428098 0.036866 0.212439
13 0.691436 0.426055 0.052611 0.177305
14 0.735791 0.374171 0.040707 0.228781
16 0.502112 0.667500 0.028034 0.156878
17 0.528418 0.672811 0.023810 0.167500
18 0.558756 0.703860 0.033026 0.218159
19 0.588326 0.687110 0.036098 0.204268
20 0.620776 0.669951 0.039555 0.171585
21 0.663978 0.651159 0.066052 0.163415
22 0.715630 0.607445 0.064900 0.160963
25 0.473310 0.671994 0.028034 0.167500
26 0.437788 0.689970 0.040707 0.216524
27 0.404762 0.684250 0.042243 0.196915
28 0.374616 0.676896 0.049539 0.190378
29 0.336982 0.639720 0.077957 0.168317
30 0.283602 0.596415 0.071813 0.161781