0 0.484258 0.437430 0.031485 0.214966
1 0.452068 0.428431 0.032895 0.202968
2 0.419408 0.392937 0.039944 0.261958
4 0.355733 0.404435 0.031015 0.204967
6 0.277961 0.402436 0.048402 0.186970
9 0.550282 0.452428 0.036654 0.206967
10 0.587641 0.425432 0.048402 0.268957
11 0.612077 0.445429 0.043703 0.222964
14 0.720395 0.429931 0.044173 0.211966
16 0.493186 0.648896 0.031485 0.169973
17 0.510922 0.659545 0.041956 0.174108
18 0.539702 0.664709 0.044730 0.203618
19 0.573509 0.682046 0.039528 0.229439
20 0.609223 0.687579 0.047850 0.227226
21 0.659501 0.663603 0.080444 0.214684
22 0.718620 0.646266 0.075243 0.191814
24 0.477288 0.654012 0.024619 0.171895
25 0.457524 0.652536 0.029473 0.202880
26 0.424237 0.674300 0.043343 0.249358
27 0.393897 0.645897 0.042996 0.213209
28 0.361477 0.645528 0.059293 0.222799
29 0.323336 0.612698 0.069001 0.220586
30 0.278433 0.594992 0.078363 0.189601