0 0.482196 0.413934 0.034668 0.279955
1 0.451128 0.404935 0.032895 0.269957
2 0.421758 0.354943 0.032425 0.329947
3 0.392387 0.389438 0.038534 0.218965
4 0.364427 0.366941 0.038064 0.223964
5 0.328712 0.338946 0.048402 0.237962
6 0.294643 0.304951 0.062030 0.197968
7 0.259398 0.247960 0.055451 0.197968
8 0.517622 0.425432 0.035244 0.262958
9 0.549812 0.409934 0.032895 0.271956
10 0.577773 0.362942 0.036184 0.303951
11 0.608318 0.374940 0.043703 0.231963
13 0.672697 0.322948 0.060620 0.253959
14 0.711701 0.297452 0.061560 0.220965
15 0.747885 0.248460 0.055921 0.196968
16 0.512829 0.650692 0.022191 0.162304
17 0.536408 0.665447 0.025659 0.187387
18 0.572295 0.675038 0.047503 0.210995
19 0.610090 0.668029 0.062067 0.211733
20 0.636616 0.626715 0.063800 0.195503
21 0.680305 0.600525 0.091540 0.225750
22 0.736304 0.547776 0.089806 0.189601
23 0.778953 0.500930 0.071082 0.141647
24 0.491158 0.654381 0.021845 0.168206
25 0.466886 0.661389 0.025312 0.182223
26 0.432906 0.683153 0.046810 0.224275
27 0.396845 0.670611 0.048197 0.215422
28 0.364424 0.644790 0.057559 0.210995
30 0.271498 0.523800 0.089459 0.188863
31 0.227809 0.466624 0.077670 0.106973