0 0.462171 0.452928 0.028665 0.207967
1 0.439145 0.450428 0.029605 0.202968
2 0.412829 0.439930 0.026786 0.219965
3 0.389098 0.433931 0.029135 0.199968
4 0.369361 0.426432 0.033835 0.182971
5 0.339521 0.387938 0.046523 0.211966
7 0.275611 0.338946 0.074718 0.209966
8 0.488946 0.455927 0.028912 0.200825
9 0.514456 0.456379 0.023810 0.194493
10 0.533801 0.422909 0.028486 0.254197
11 0.556760 0.425622 0.038690 0.203539
12 0.590561 0.425170 0.036565 0.206253
13 0.626488 0.399841 0.054847 0.218917
15 0.693452 0.356419 0.052721 0.195397
16 0.495319 0.646634 0.019071 0.151238
17 0.511096 0.657332 0.024965 0.171157
18 0.530340 0.677251 0.029473 0.212471
19 0.561026 0.666554 0.051318 0.202880
20 0.586859 0.648479 0.053051 0.197716
21 0.638523 0.634093 0.112691 0.227964
22 0.686200 0.581344 0.097781 0.188863
23 0.723128 0.520480 0.072469 0.171895
24 0.477809 0.647003 0.017337 0.160829
25 0.459431 0.651061 0.020804 0.167468
26 0.438627 0.676882 0.026352 0.222062
27 0.410714 0.672456 0.030860 0.198454
28 0.383669 0.646266 0.046117 0.193289
29 0.346221 0.626715 0.075243 0.207307
30 0.296810 0.579500 0.076976 0.174846