0 0.460884 0.458189 0.034864 0.261434
1 0.426658 0.454118 0.031037 0.246056
2 0.395408 0.425170 0.032313 0.302142
3 0.367134 0.432859 0.037840 0.246960
4 0.336310 0.436025 0.034864 0.211680
5 0.298257 0.419290 0.050595 0.210776
6 0.259566 0.372250 0.049745 0.218013
8 0.496075 0.458248 0.034537 0.255520
9 0.524529 0.454073 0.032575 0.247169
10 0.558673 0.416497 0.040424 0.317312
11 0.591248 0.414827 0.045133 0.268880
12 0.628925 0.416914 0.041209 0.236314
13 0.673077 0.405224 0.051020 0.224623
14 0.716837 0.376833 0.057692 0.197902
16 0.515060 0.716849 0.025818 0.201414
17 0.538941 0.718222 0.031411 0.226132
18 0.577883 0.739737 0.043890 0.289303
19 0.612522 0.721884 0.044320 0.248105
20 0.649957 0.701285 0.072719 0.245358
21 0.695353 0.669700 0.079174 0.237119
22 0.743115 0.608818 0.074010 0.206907
23 0.784854 0.569909 0.042169 0.103453
24 0.488382 0.721427 0.025818 0.201414
25 0.460413 0.726462 0.030981 0.220639
26 0.418675 0.744772 0.050775 0.262753
27 0.379518 0.740195 0.061962 0.249936
28 0.338640 0.724173 0.067126 0.232541
29 0.293460 0.691215 0.085198 0.228879
30 0.248709 0.622551 0.076592 0.206907
31 0.198365 0.594170 0.042169 0.093383