0 0.480655 0.485779 0.027636 0.191779
8 0.508929 0.489850 0.028912 0.192683
1 0.454082 0.483970 0.026361 0.188160
2 0.425808 0.448690 0.030187 0.253293
3 0.401573 0.461807 0.027636 0.198111
4 0.378401 0.455927 0.028061 0.195397
5 0.346514 0.438739 0.044218 0.191779
6 0.306122 0.414767 0.041667 0.189065
7 0.280612 0.388081 0.039116 0.159213
9 0.534439 0.483066 0.024660 0.189970
10 0.562925 0.457736 0.032313 0.233391
11 0.588861 0.470853 0.033163 0.201730
12 0.614583 0.469044 0.029337 0.189065
13 0.646046 0.463616 0.048044 0.176400
14 0.688350 0.426075 0.045918 0.193588
15 0.721939 0.402102 0.044218 0.180019
16 0.502304 0.696915 0.021505 0.176488
17 0.521889 0.708762 0.022273 0.193646
18 0.548579 0.721427 0.035714 0.223878
19 0.574309 0.698140 0.033410 0.198549
20 0.605031 0.685476 0.040323 0.183024
21 0.641513 0.656878 0.050307 0.096415
22 0.688556 0.623378 0.065284 0.169951
23 0.731375 0.574762 0.062596 0.152793
24 0.481951 0.699774 0.020737 0.182207
25 0.461406 0.701409 0.027266 0.192012
26 0.433948 0.699366 0.043011 0.194464
27 0.411866 0.683433 0.034178 0.183842
28 0.383833 0.674037 0.041859 0.176488
29 0.347158 0.641354 0.069124 0.176488
30 0.305876 0.608671 0.059524 0.166683
31 0.269201 0.562098 0.052995 0.155244