15 0.735791 0.312482 0.037634 0.099683
14 0.711790 0.369268 0.044931 0.160963
13 0.685676 0.458329 0.054916 0.183842
12 0.647273 0.481207 0.047235 0.175671
11 0.610791 0.495915 0.042627 0.198549
10 0.583909 0.492646 0.034946 0.245939
9 0.547235 0.507762 0.033026 0.217342
8 0.519777 0.511030 0.032642 0.222244
0 0.484255 0.509396 0.036098 0.227146
1 0.453149 0.495098 0.037634 0.227964
2 0.418587 0.464457 0.043779 0.238585
3 0.392473 0.481616 0.046851 0.204268
4 0.356375 0.458329 0.039171 0.203451
5 0.314516 0.436677 0.055300 0.204268
6 0.292819 0.346390 0.055684 0.151159
7 0.267089 0.283067 0.038786 0.088244
31 0.238863 0.575171 0.028418 0.108671
30 0.274194 0.621744 0.066820 0.159329
29 0.328341 0.669951 0.079877 0.203451
28 0.376920 0.696915 0.051843 0.193646
27 0.406298 0.717342 0.041475 0.195281
26 0.435676 0.732866 0.031874 0.213256
25 0.465438 0.727964 0.024578 0.193646
24 0.484447 0.735726 0.021121 0.201000
16 0.507680 0.728781 0.023041 0.200183
17 0.527650 0.735317 0.029186 0.190378
18 0.555108 0.736951 0.034946 0.208354
19 0.584677 0.738994 0.036482 0.199366
20 0.624040 0.712031 0.055300 0.183024
21 0.669163 0.676896 0.080261 0.191195
22 0.719278 0.634409 0.062980 0.160146
23 0.751920 0.583750 0.041475 0.112756