14 0.685484 0.413799 0.046083 0.184659
22 0.683372 0.620927 0.087174 0.170768
20 0.583141 0.676896 0.046467 0.181390
19 0.550883 0.694055 0.041859 0.196098
18 0.520929 0.690378 0.028034 0.211622
17 0.498656 0.675262 0.025730 0.183024
16 0.475422 0.679348 0.019969 0.184659
24 0.456029 0.687110 0.021121 0.188744
25 0.433564 0.695689 0.024578 0.192829
26 0.411482 0.715299 0.022657 0.215707
27 0.388633 0.712848 0.025346 0.176488
28 0.364631 0.704677 0.034946 0.176488
29 0.324117 0.689561 0.065284 0.164232
30 0.281490 0.658512 0.062980 0.169134
12 0.605799 0.417067 0.043395 0.204268
11 0.581413 0.437085 0.031490 0.167500
10 0.551843 0.427689 0.046083 0.240220
9 0.522273 0.456287 0.035330 0.207537
8 0.493856 0.470585 0.034562 0.208354
0 0.460061 0.477939 0.035330 0.211622
1 0.427803 0.481616 0.027650 0.201000
2 0.399578 0.457921 0.025730 0.235317
3 0.383257 0.476713 0.033026 0.191195
4 0.357527 0.470177 0.029186 0.181390
5 0.327189 0.477939 0.044547 0.188744
6 0.289171 0.462415 0.039939 0.182207