7 0.238095 0.364774 0.039939 0.194464
6 0.270353 0.419110 0.042243 0.214890
5 0.315723 0.426701 0.051141 0.212226
4 0.356192 0.431647 0.038673 0.211327
3 0.388612 0.431486 0.038349 0.217998
2 0.418179 0.433355 0.034836 0.221735
1 0.451405 0.443009 0.029859 0.204918
0 0.483607 0.440518 0.035714 0.231078
8 0.522834 0.437715 0.036885 0.240421
9 0.554157 0.443943 0.029274 0.189347
10 0.588554 0.426815 0.033665 0.224849
11 0.617828 0.446435 0.041276 0.186855
12 0.649151 0.433978 0.040105 0.203049
13 0.691013 0.448926 0.053571 0.166924
14 0.738730 0.413424 0.041276 0.210524
15 0.771370 0.377610 0.038642 0.167547
31 0.220433 0.592805 0.074356 0.134536
30 0.275907 0.631422 0.066452 0.190592
29 0.329040 0.661007 0.077283 0.201181
28 0.377049 0.672841 0.047424 0.214884
27 0.406762 0.667547 0.033080 0.204295
26 0.437207 0.674087 0.031909 0.202427
25 0.466774 0.658827 0.024883 0.168170
24 0.488876 0.664744 0.025176 0.188724
16 0.509075 0.655713 0.021663 0.170661
17 0.532641 0.667858 0.023126 0.175021
18 0.561475 0.674710 0.031030 0.198690
19 0.594116 0.673464 0.036007 0.207409
20 0.628074 0.679381 0.060597 0.215507
21 0.671107 0.659761 0.076991 0.196198
22 0.728776 0.641076 0.069379 0.197444
23 0.781616 0.594985 0.078454 0.132667