23 0.800883 0.611531 0.071813 0.120927
22 0.742896 0.669134 0.056452 0.190378
21 0.690284 0.680573 0.074117 0.196915
20 0.640169 0.686701 0.054531 0.189561
19 0.605607 0.694872 0.035330 0.205903
18 0.574501 0.692829 0.043011 0.226329
17 0.543395 0.680982 0.029954 0.178122
16 0.516129 0.678939 0.023810 0.170768
24 0.492127 0.678531 0.024194 0.158512
25 0.467166 0.688335 0.029570 0.187927
26 0.435292 0.709988 0.039555 0.223061
27 0.400730 0.706311 0.036482 0.197732
28 0.364631 0.707945 0.054916 0.196098
29 0.312788 0.692829 0.081029 0.187110
30 0.258449 0.684659 0.056836 0.188744
0 0.475230 0.477122 0.040323 0.201817
1 0.437212 0.481616 0.038018 0.192829
2 0.397657 0.460780 0.044931 0.241037
3 0.370584 0.490195 0.043779 0.196915
4 0.336022 0.493463 0.037634 0.178939
5 0.289363 0.492238 0.052611 0.173220
6 0.242127 0.484476 0.051843 0.190378
8 0.516321 0.477530 0.038018 0.194464
9 0.555300 0.475488 0.038402 0.187110
10 0.595622 0.451384 0.041475 0.245122
11 0.626152 0.478756 0.051843 0.211622
12 0.653802 0.486518 0.038786 0.174854
13 0.701421 0.480390 0.053379 0.183842
14 0.750192 0.484067 0.049539 0.173220