0 0.495968 0.465274 0.022657 0.176488
1 0.474462 0.464866 0.020353 0.165866
2 0.450653 0.438311 0.028802 0.214073
3 0.427803 0.448933 0.036866 0.189561
4 0.404186 0.437085 0.029570 0.183842
5 0.377112 0.438311 0.046851 0.163415
6 0.339286 0.417476 0.039555 0.170768
8 0.518817 0.466909 0.022273 0.173220
9 0.540899 0.467317 0.020353 0.167500
10 0.565284 0.443622 0.029186 0.206720
11 0.588134 0.452201 0.034178 0.192829
12 0.611559 0.457921 0.027266 0.165049
13 0.637481 0.446890 0.042243 0.159329
14 0.673579 0.410122 0.038402 0.180573
21 0.628264 0.613165 0.052227 0.161781
22 0.666475 0.577622 0.060292 0.147890
20 0.597542 0.635634 0.030722 0.170768
19 0.572005 0.639720 0.025730 0.172403
18 0.549731 0.655653 0.025730 0.196098
17 0.530914 0.642579 0.016513 0.158512
16 0.514017 0.639311 0.013441 0.153610
24 0.499808 0.636451 0.014977 0.152793
25 0.483871 0.643805 0.016129 0.167500
26 0.465054 0.655244 0.020737 0.195281
27 0.444892 0.634409 0.028802 0.176488
28 0.420891 0.627463 0.029954 0.169134
29 0.389401 0.610713 0.058372 0.156878
30 0.350614 0.584976 0.068356 0.154427