0 0.484063 0.469768 0.039555 0.201817
1 0.447965 0.463232 0.042627 0.205085
2 0.409370 0.469768 0.033794 0.211622
4 0.376536 0.466909 0.033410 0.194464
5 0.334293 0.474262 0.054147 0.194464
6 0.284178 0.463640 0.049155 0.210805
8 0.524002 0.475896 0.039555 0.191195
9 0.562020 0.477530 0.034946 0.184659
10 0.598502 0.466500 0.036482 0.232866
12 0.628648 0.469768 0.039171 0.195281
13 0.669921 0.476216 0.054895 0.190555
14 0.719662 0.464457 0.043011 0.202634
15 0.757296 0.489378 0.034562 0.138085
31 0.250576 0.658104 0.054147 0.168317
30 0.296467 0.682207 0.068356 0.180573
29 0.354455 0.699366 0.069124 0.192012
22 0.695661 0.674445 0.062596 0.179756
21 0.639401 0.706720 0.068356 0.211622
28 0.398233 0.705494 0.043011 0.210805
26 0.426651 0.709988 0.036866 0.231232
25 0.457565 0.693238 0.029570 0.202634
17 0.529378 0.690378 0.031106 0.206720
18 0.559524 0.703451 0.035330 0.224695
20 0.596198 0.707945 0.041091 0.204268
16 0.505404 0.685890 0.027726 0.197968
24 0.482911 0.681799 0.025730 0.187110