23 0.771073 0.637460 0.082853 0.118858
22 0.700845 0.697732 0.059140 0.162598
21 0.649962 0.722653 0.068740 0.207537
20 0.605223 0.711214 0.037634 0.192829
19 0.581413 0.721018 0.029186 0.205903
18 0.549347 0.712031 0.035714 0.245122
17 0.522465 0.696098 0.028802 0.229598
16 0.504800 0.680982 0.025730 0.205903
24 0.485215 0.676488 0.021889 0.196915
25 0.463326 0.686293 0.024962 0.221427
26 0.436060 0.691604 0.031874 0.225512
27 0.406490 0.705494 0.030338 0.212439
28 0.382873 0.698140 0.034562 0.199366
29 0.340630 0.709171 0.064516 0.203451
30 0.288402 0.704677 0.052227 0.205903
31 0.233396 0.697732 0.057018 0.160963
8 0.508065 0.453018 0.035330 0.218976
9 0.543011 0.457104 0.031490 0.210805
10 0.577957 0.446482 0.042243 0.241854
11 0.605991 0.473037 0.039939 0.219793
12 0.646121 0.486110 0.061060 0.196915
13 0.678763 0.491421 0.054147 0.192829
14 0.730991 0.478348 0.046467 0.220610
0 0.471966 0.457512 0.033794 0.206720
1 0.438364 0.455878 0.031106 0.206720
2 0.403802 0.439537 0.037250 0.244305
3 0.379224 0.470585 0.037250 0.196915
4 0.348886 0.478348 0.035714 0.178122
5 0.308180 0.485293 0.050307 0.180573
6 0.262673 0.483250 0.039171 0.186293