30 0.293203 0.632366 0.053379 0.162598
29 0.337942 0.667092 0.062980 0.196098
28 0.374040 0.697323 0.041475 0.191195
27 0.401306 0.694872 0.037634 0.165049
26 0.426267 0.705085 0.041475 0.183842
25 0.451037 0.687927 0.027266 0.174037
24 0.471966 0.687518 0.017665 0.173220
16 0.490207 0.688744 0.021121 0.169134
17 0.506912 0.699366 0.023041 0.180573
18 0.531106 0.715299 0.025346 0.181390
19 0.558948 0.707128 0.042627 0.174854
20 0.593510 0.705903 0.057220 0.187110
21 0.637289 0.672403 0.075653 0.192012
22 0.688172 0.632774 0.069124 0.176488
23 0.733871 0.574354 0.059908 0.147890
14 0.703341 0.443213 0.044163 0.173220
13 0.654762 0.455878 0.053763 0.185476
12 0.612903 0.470585 0.036866 0.211622
11 0.576997 0.485701 0.047235 0.204268
10 0.547043 0.470585 0.041091 0.229598
9 0.518817 0.491829 0.028418 0.172403
8 0.491359 0.487744 0.033410 0.196915
0 0.459101 0.479982 0.040323 0.222244
1 0.437020 0.502043 0.030722 0.171585
2 0.409754 0.495506 0.028418 0.205903
3 0.381720 0.511030 0.034562 0.169951
4 0.353879 0.469768 0.027266 0.224695
6 0.278034 0.444030 0.039939 0.199366
5 0.318810 0.460486 0.044286 0.197568