31 0.265361 0.637677 0.048387 0.168317
30 0.300691 0.678939 0.068356 0.180573
29 0.355991 0.701000 0.068356 0.170768
28 0.394969 0.721018 0.038786 0.173220
27 0.425307 0.738585 0.030338 0.205085
26 0.456605 0.730415 0.028418 0.206720
25 0.480031 0.717342 0.023041 0.193646
24 0.502688 0.707537 0.020737 0.172403
16 0.522849 0.711622 0.019585 0.182207
17 0.544931 0.710396 0.023041 0.181390
18 0.569892 0.731640 0.029186 0.220610
19 0.596198 0.734909 0.028802 0.197732
20 0.624808 0.722244 0.033026 0.170768
21 0.664171 0.708762 0.067204 0.176488
22 0.716014 0.679756 0.063364 0.178939
13 0.670891 0.491829 0.049923 0.188744
12 0.634985 0.506537 0.036482 0.180573
11 0.607335 0.497140 0.036482 0.204268
10 0.581029 0.491829 0.033026 0.218159
9 0.554531 0.511030 0.027650 0.186293
8 0.524194 0.510622 0.028418 0.205085
0 0.493856 0.504902 0.032258 0.206720
1 0.464670 0.510213 0.025346 0.189561
2 0.435292 0.486927 0.037250 0.231232
3 0.409562 0.493872 0.036482 0.196098
4 0.378456 0.500817 0.032642 0.182207
6 0.295891 0.477530 0.046467 0.178122
14 0.716097 0.463636 0.045031 0.200432
13 0.339545 0.481256 0.048654 0.204837