22 0.744432 0.587835 0.081797 0.174854
21 0.679339 0.622152 0.085253 0.197732
20 0.631528 0.646665 0.076421 0.197732
0 0.464556 0.423436 0.039502 0.184213
1 0.430465 0.409045 0.036255 0.212996
2 0.399351 0.384867 0.038961 0.249839
3 0.370942 0.397532 0.036255 0.242931
4 0.340097 0.393502 0.035173 0.216450
5 0.300325 0.371627 0.050866 0.230266
6 0.258117 0.368173 0.046537 0.202634
7 0.221050 0.367021 0.038420 0.211845
8 0.502976 0.410196 0.040584 0.210694
9 0.538690 0.408469 0.036255 0.211845
10 0.572240 0.373354 0.047078 0.277471
11 0.607684 0.402713 0.050866 0.221056
12 0.645563 0.409621 0.043290 0.195726
13 0.691558 0.381413 0.053030 0.229115
14 0.739448 0.362992 0.045996 0.229115
15 0.779221 0.380262 0.018398 0.070231
16 0.497294 0.630100 0.035714 0.162338
17 0.524351 0.631252 0.042208 0.171548
18 0.564394 0.665216 0.045455 0.237174
19 0.595509 0.665216 0.038420 0.188818
23 0.794372 0.530510 0.086580 0.172700
24 0.470779 0.624344 0.028139 0.164640
25 0.443723 0.637584 0.032468 0.191121
26 0.411255 0.658884 0.043290 0.226812
27 0.378517 0.651976 0.040584 0.196878
28 0.341450 0.639887 0.060606 0.207240
29 0.303571 0.609952 0.071429 0.200332
30 0.249188 0.597287 0.067641 0.186516