23 0.777074 0.594372 0.067204 0.130732
22 0.721774 0.615616 0.063364 0.176488
21 0.683180 0.660555 0.086790 0.186293
20 0.637865 0.703860 0.056836 0.187927
19 0.602343 0.724695 0.038786 0.200183
18 0.567588 0.729189 0.040707 0.209171
17 0.536866 0.719793 0.026882 0.188744
16 0.515553 0.723061 0.026498 0.160963
24 0.491743 0.723061 0.025730 0.172403
25 0.465246 0.720201 0.037250 0.194464
26 0.431068 0.721018 0.048003 0.212439
27 0.397465 0.714073 0.043011 0.187110
28 0.360791 0.703451 0.059524 0.192012
29 0.315668 0.652793 0.085253 0.185476
30 0.278418 0.598457 0.065284 0.163415
31 0.226767 0.561689 0.073349 0.094781
6 0.279762 0.381933 0.054147 0.196098
4 0.353111 0.446482 0.038018 0.199366
3 0.383641 0.462823 0.039939 0.202634
2 0.414363 0.457512 0.032258 0.249207
1 0.448157 0.475079 0.032258 0.228781
0 0.483871 0.482024 0.035330 0.254110
8 0.519585 0.487335 0.035330 0.245122
9 0.556644 0.481616 0.034946 0.241854
10 0.589478 0.461189 0.033026 0.263098
11 0.616935 0.458329 0.046467 0.226329
12 0.646505 0.451793 0.039555 0.205085
14 0.724846 0.391329 0.048771 0.201817
5 0.318841 0.421237 0.054865 0.205938
13 0.682195 0.420136 0.053830 0.221356