30 0.326037 0.577622 0.072965 0.165866
29 0.370968 0.624604 0.062980 0.184659
28 0.406490 0.668726 0.040323 0.184659
27 0.431068 0.678531 0.034178 0.194464
26 0.454301 0.700183 0.024578 0.187110
25 0.475230 0.696915 0.016513 0.167500
24 0.488863 0.692829 0.015361 0.134817
16 0.503840 0.689561 0.014593 0.129915
17 0.518817 0.698957 0.017665 0.160146
18 0.539747 0.706311 0.023425 0.176488
19 0.565092 0.683433 0.043395 0.176488
20 0.589094 0.667909 0.048387 0.183024
21 0.623848 0.637677 0.071045 0.183024
22 0.672619 0.597640 0.079493 0.178122
8 0.516321 0.506945 0.020353 0.161781
9 0.534562 0.508988 0.018433 0.165866
11 0.566628 0.485293 0.032642 0.172403
12 0.590822 0.466500 0.028802 0.170768
13 0.616167 0.453427 0.044931 0.165866
14 0.653226 0.420335 0.049155 0.169951
0 0.496352 0.505720 0.021889 0.164232
1 0.478495 0.503268 0.017665 0.165866
2 0.461022 0.477530 0.025730 0.192829
3 0.441244 0.474262 0.029954 0.169951
4 0.420699 0.463640 0.032642 0.173220
6 0.351767 0.404402 0.043011 0.187110
5 0.391212 0.439430 0.043703 0.190969