31 0.228495 0.507354 0.062980 0.170768
30 0.275154 0.562098 0.074885 0.198549
29 0.331413 0.575579 0.074501 0.194464
28 0.374040 0.594781 0.049923 0.196915
27 0.408218 0.608262 0.034562 0.210805
26 0.433564 0.617659 0.034562 0.211622
25 0.465054 0.596415 0.026114 0.159329
24 0.488479 0.595598 0.021505 0.152793
16 0.509985 0.597232 0.020737 0.151159
17 0.533218 0.606220 0.023425 0.170768
18 0.566052 0.625829 0.043779 0.221427
19 0.590822 0.613165 0.036482 0.207537
20 0.627880 0.604585 0.053763 0.205085
21 0.671851 0.580482 0.080261 0.201000
22 0.724654 0.558829 0.073733 0.190378
23 0.765745 0.505720 0.061444 0.160963
0 0.485215 0.415433 0.031874 0.184659
1 0.453341 0.395823 0.031106 0.204268
2 0.421467 0.383567 0.035714 0.225512
4 0.362519 0.386427 0.040707 0.192012
7 0.229647 0.330049 0.046083 0.198549
8 0.518625 0.397457 0.034178 0.220610
9 0.548387 0.398683 0.029954 0.214890
10 0.580837 0.380707 0.036482 0.245939
11 0.612903 0.406037 0.036098 0.183842
12 0.641513 0.386427 0.038786 0.200183
14 0.728303 0.368451 0.044163 0.187110
15 0.767089 0.343530 0.038018 0.168317
3 0.393327 0.384938 0.040414 0.205967
5 0.320724 0.381439 0.056861 0.184970
6 0.272086 0.354943 0.048872 0.205967
13 0.684211 0.371940 0.054511 0.219965