8 0.511713 0.389287 0.028802 0.235317
9 0.538402 0.375396 0.023810 0.225512
10 0.567396 0.353335 0.035714 0.281073
13 0.667329 0.366817 0.054916 0.198549
14 0.706989 0.344347 0.043011 0.209171
15 0.745008 0.324738 0.034562 0.205903
0 0.477343 0.377848 0.029954 0.238585
1 0.449885 0.368043 0.024194 0.222244
2 0.421275 0.362732 0.031490 0.255744
3 0.390553 0.366000 0.029186 0.226329
4 0.364631 0.368043 0.028802 0.217342
6 0.287250 0.342305 0.049923 0.236134
7 0.251920 0.343122 0.031490 0.200183
31 0.247312 0.564140 0.065284 0.181390
30 0.296275 0.597640 0.061828 0.192829
29 0.343702 0.624604 0.066052 0.214073
28 0.385369 0.645848 0.035714 0.235317
27 0.415131 0.638494 0.032258 0.225512
26 0.443932 0.658104 0.033794 0.271268
25 0.471390 0.625829 0.020353 0.201817
16 0.494432 0.625012 0.021121 0.188744
17 0.520161 0.625012 0.022657 0.203451
18 0.544547 0.642988 0.031490 0.268817
19 0.575845 0.633592 0.038786 0.245122
20 0.608103 0.623787 0.042627 0.233683
21 0.651306 0.607854 0.074501 0.208354
22 0.702573 0.580482 0.070276 0.199366
23 0.751344 0.549433 0.071813 0.189561
5 0.331297 0.366941 0.051692 0.225964