23 0.780722 0.586610 0.069892 0.118476
22 0.727343 0.605811 0.066052 0.197732
21 0.676459 0.654427 0.078725 0.213256
20 0.643817 0.664640 0.074885 0.168317
19 0.607335 0.685067 0.051075 0.173220
18 0.567204 0.683024 0.036866 0.201817
17 0.540515 0.676896 0.029570 0.179756
16 0.518241 0.663006 0.021889 0.171585
24 0.494432 0.671994 0.027266 0.183024
25 0.469470 0.678531 0.025730 0.181390
26 0.435676 0.697732 0.043395 0.218159
27 0.401114 0.687110 0.046467 0.193646
28 0.359639 0.668726 0.071045 0.169951
29 0.322773 0.641762 0.083333 0.196098
30 0.276306 0.591921 0.062596 0.192829
31 0.219278 0.586201 0.064516 0.191195
6 0.264209 0.350884 0.059140 0.179756
5 0.301843 0.392963 0.052995 0.187110
4 0.342742 0.428506 0.035714 0.179756
3 0.378456 0.429323 0.041859 0.214073
2 0.409946 0.417067 0.034946 0.253293
1 0.447389 0.433409 0.037634 0.223878
0 0.479455 0.447707 0.034178 0.231232
8 0.515745 0.455061 0.036098 0.231232
9 0.552611 0.435451 0.036098 0.234500
10 0.585445 0.426872 0.033410 0.233683
11 0.614439 0.435860 0.044547 0.217342
12 0.651306 0.421152 0.036098 0.212439
13 0.695661 0.392146 0.051843 0.200183
14 0.734124 0.366408 0.050954 0.179756