0 0.498080 0.410122 0.039939 0.221427
1 0.464478 0.415024 0.041859 0.196915
2 0.426843 0.406037 0.048771 0.232866
4 0.355415 0.408488 0.046467 0.211622
6 0.254800 0.372945 0.049539 0.196098
8 0.535138 0.421969 0.036482 0.187927
9 0.569892 0.417476 0.038402 0.208354
10 0.603303 0.395415 0.035330 0.249207
11 0.633449 0.402360 0.038018 0.235317
12 0.665343 0.399500 0.034562 0.213256
13 0.706989 0.402360 0.047619 0.169951
14 0.752304 0.376213 0.043779 0.191195
16 0.537250 0.631140 0.027650 0.184659
17 0.560868 0.635226 0.027266 0.194464
18 0.586982 0.672811 0.039555 0.199366
19 0.618664 0.669543 0.044547 0.186293
20 0.651114 0.649116 0.051075 0.184659
21 0.691436 0.626646 0.066436 0.198549
22 0.742320 0.594372 0.072197 0.183024
24 0.518433 0.633592 0.031490 0.171585
25 0.497696 0.641762 0.043011 0.192829
26 0.469662 0.682207 0.033026 0.206720
27 0.438172 0.677305 0.049923 0.188744
28 0.402266 0.665049 0.057220 0.198549
29 0.349654 0.633592 0.093318 0.199366
30 0.285906 0.613982 0.077189 0.207537
5 0.307331 0.390937 0.058271 0.207967