14 0.698349 0.473854 0.050307 0.188744
13 0.659754 0.493872 0.046083 0.204268
12 0.625960 0.509396 0.030722 0.197732
11 0.599654 0.507354 0.032642 0.211622
10 0.576805 0.502860 0.031490 0.236951
9 0.546659 0.514707 0.034946 0.195281
8 0.521121 0.508579 0.026882 0.205903
0 0.492512 0.510213 0.028034 0.202634
1 0.466782 0.508579 0.028802 0.202634
2 0.435292 0.497140 0.037250 0.212439
3 0.409562 0.495915 0.033410 0.211622
4 0.382488 0.496732 0.033794 0.200183
6 0.303379 0.459555 0.052995 0.204268
31 0.249232 0.631957 0.061444 0.187927
30 0.291283 0.670360 0.075653 0.189561
29 0.343894 0.706720 0.080261 0.193646
28 0.384793 0.725104 0.049923 0.181390
27 0.414939 0.741037 0.041859 0.195281
26 0.446621 0.751659 0.040707 0.221427
25 0.471006 0.741854 0.020353 0.175671
24 0.491935 0.738177 0.019201 0.194464
16 0.509601 0.730006 0.021505 0.173220
17 0.528034 0.741037 0.022273 0.172403
18 0.550499 0.751250 0.033410 0.215707
19 0.582565 0.750433 0.044547 0.191195
20 0.612327 0.749207 0.047235 0.195281
21 0.650346 0.712848 0.074117 0.174854
22 0.703725 0.683842 0.079493 0.182207
23 0.741167 0.644213 0.061444 0.181390
5 0.345865 0.493921 0.050752 0.183971