0 0.463710 0.412583 0.038018 0.204288
1 0.433180 0.423195 0.031490 0.186293
2 0.399962 0.406854 0.036482 0.228781
3 0.371736 0.473037 0.023041 0.114390
5 0.307028 0.434634 0.048771 0.187927
8 0.508065 0.409713 0.033794 0.190378
9 0.539939 0.403177 0.029186 0.193646
10 0.576613 0.392555 0.038018 0.250842
11 0.608679 0.428098 0.041475 0.199366
12 0.642857 0.429732 0.043011 0.192829
16 0.520111 0.618718 0.024965 0.198217
17 0.541609 0.627822 0.027046 0.219848
18 0.570562 0.653274 0.032940 0.244194
19 0.599168 0.644052 0.033287 0.216897
20 0.632628 0.636306 0.041956 0.183699
21 0.677184 0.617862 0.075589 0.194027
22 0.724168 0.594992 0.061373 0.198454
23 0.763523 0.550727 0.059639 0.180748
24 0.497920 0.621551 0.025659 0.204356
25 0.480062 0.631142 0.037795 0.222062
26 0.452323 0.651799 0.042649 0.236816
27 0.414875 0.649954 0.036408 0.212471
28 0.382628 0.635937 0.038488 0.193289
29 0.333218 0.646266 0.069348 0.175584
30 0.285194 0.623395 0.060680 0.193289