23 0.771313 0.599274 0.050307 0.112756
22 0.730991 0.629506 0.060292 0.174854
21 0.680492 0.687110 0.080645 0.211622
20 0.635561 0.706720 0.061444 0.185476
19 0.598310 0.717342 0.051459 0.195281
18 0.569316 0.750433 0.038018 0.220610
17 0.541283 0.730415 0.031874 0.214890
16 0.515169 0.721427 0.028802 0.178939
24 0.488287 0.726738 0.023425 0.181390
25 0.464478 0.724695 0.031874 0.195281
26 0.430108 0.747982 0.036866 0.223878
27 0.396889 0.733275 0.041859 0.199366
28 0.354839 0.719793 0.056068 0.196915
29 0.311060 0.695281 0.075269 0.201817
30 0.260753 0.648707 0.053763 0.178939
31 0.224846 0.582524 0.048003 0.116842
6 0.260177 0.403994 0.046467 0.158512
4 0.342934 0.481616 0.041475 0.191195
3 0.379992 0.484884 0.043395 0.205903
2 0.411290 0.466091 0.039171 0.250025
1 0.448925 0.502860 0.039171 0.215707
0 0.490591 0.497549 0.041091 0.242671
8 0.533026 0.493463 0.041475 0.247573
9 0.565860 0.489378 0.045699 0.229598
10 0.597926 0.447299 0.038402 0.236951
11 0.616935 0.474262 0.042627 0.207537
12 0.653418 0.473037 0.038018 0.185476
13 0.697197 0.453835 0.054916 0.196098
14 0.735791 0.428506 0.059140 0.158512
5 0.296843 0.458680 0.053313 0.214748
15 0.747930 0.313863 0.035197 0.094709