22 0.717742 0.531866 0.072197 0.192012
21 0.663786 0.583750 0.084869 0.207537
20 0.623272 0.626646 0.062980 0.214890
19 0.581221 0.634409 0.050307 0.210805
18 0.548003 0.656878 0.048387 0.229598
16 0.517281 0.642579 0.025346 0.163415
24 0.493856 0.647073 0.022273 0.169134
25 0.471390 0.645031 0.027266 0.184659
26 0.440476 0.661781 0.036866 0.231232
27 0.404570 0.649933 0.034178 0.192829
29 0.328917 0.575579 0.105607 0.169951
30 0.281490 0.545348 0.089862 0.196098
6 0.284562 0.310030 0.048387 0.233683
4 0.356759 0.363140 0.033794 0.233683
3 0.386329 0.388878 0.036866 0.249207
2 0.418779 0.371719 0.037250 0.293329
1 0.455261 0.421969 0.034178 0.201000
0 0.481375 0.415841 0.036482 0.254110
8 0.515937 0.429732 0.034946 0.237768
9 0.545699 0.411756 0.035330 0.208354
10 0.576805 0.356195 0.039171 0.304768
11 0.607143 0.381116 0.038402 0.250025
12 0.637865 0.349250 0.036866 0.258195
14 0.716874 0.308907 0.049689 0.223558