31 0.224462 0.622561 0.039555 0.126646
30 0.286866 0.645031 0.068356 0.165049
29 0.334293 0.701409 0.082565 0.176488
28 0.381528 0.710805 0.045699 0.144622
27 0.413210 0.741854 0.033794 0.183842
26 0.446813 0.748390 0.038018 0.198549
25 0.476382 0.744714 0.022657 0.174854
24 0.498080 0.743896 0.022273 0.165049
16 0.519585 0.744305 0.020737 0.164232
17 0.542627 0.748799 0.025346 0.181390
18 0.571621 0.758195 0.031874 0.198549
19 0.600038 0.742671 0.030338 0.167500
20 0.630952 0.734092 0.039939 0.161781
21 0.677227 0.707537 0.076421 0.169134
22 0.723310 0.658104 0.061060 0.147073
23 0.770929 0.660146 0.045699 0.105402
15 0.718702 0.380299 0.047235 0.099683
14 0.711598 0.484884 0.054531 0.161781
12 0.636713 0.545756 0.034562 0.159329
11 0.609063 0.552293 0.036098 0.162598
10 0.584677 0.526963 0.029570 0.229598
9 0.553955 0.541262 0.028802 0.179756
8 0.524962 0.541671 0.029954 0.190378
0 0.493664 0.547799 0.030338 0.184659
1 0.469854 0.539628 0.024194 0.173220
2 0.440668 0.529006 0.038786 0.212439
3 0.413786 0.539220 0.038018 0.174037
4 0.387481 0.539628 0.039171 0.158512
5 0.348886 0.508579 0.055684 0.191195
6 0.308948 0.477530 0.062596 0.151976
7 0.302995 0.355378 0.052995 0.107037
13 0.673267 0.512730 0.052334 0.199374