15 0.738671 0.290829 0.044931 0.118476
14 0.723118 0.377848 0.055300 0.183024
12 0.653226 0.444848 0.035330 0.183024
11 0.621544 0.449750 0.038786 0.215707
10 0.590246 0.445665 0.037634 0.264732
9 0.559332 0.471402 0.031874 0.231232
8 0.529570 0.479573 0.032258 0.247573
0 0.496928 0.477530 0.033794 0.250025
1 0.467934 0.462006 0.031106 0.235317
2 0.435484 0.435451 0.041475 0.273720
3 0.403610 0.446482 0.044547 0.220610
4 0.370008 0.440354 0.041091 0.190378
6 0.293587 0.365183 0.074117 0.187110
31 0.235791 0.564549 0.049923 0.110305
30 0.279570 0.609488 0.077573 0.205085
29 0.327957 0.665049 0.085253 0.209988
28 0.372312 0.701409 0.075653 0.217342
27 0.416475 0.721018 0.042627 0.212439
26 0.451997 0.728781 0.044547 0.223061
25 0.483103 0.723470 0.026114 0.178122
24 0.509025 0.713256 0.024962 0.183842
16 0.530146 0.722244 0.028802 0.147890
17 0.553955 0.718159 0.040323 0.185476
18 0.587366 0.732049 0.051075 0.227964
19 0.620968 0.708354 0.056068 0.208354
20 0.658986 0.684659 0.072197 0.203451
21 0.698157 0.652384 0.080645 0.207537
22 0.744624 0.585793 0.075269 0.195281
23 0.784946 0.542896 0.049923 0.114390
5 0.325311 0.397009 0.058489 0.230166
13 0.691024 0.402936 0.050282 0.227964