21 0.671851 0.632366 0.064132 0.185476
20 0.626536 0.640128 0.039555 0.201000
19 0.600614 0.634817 0.036866 0.182207
18 0.570276 0.656878 0.044547 0.196915
17 0.543395 0.655244 0.039171 0.182207
16 0.519009 0.651159 0.029570 0.182207
24 0.501920 0.660146 0.036866 0.208354
25 0.470046 0.642171 0.025346 0.165866
26 0.441436 0.656470 0.041091 0.207537
27 0.412826 0.647482 0.041475 0.217342
28 0.377688 0.642171 0.049539 0.206720
29 0.322773 0.625012 0.091014 0.200183
30 0.264977 0.597232 0.080645 0.200183
31 0.214670 0.561281 0.062980 0.146256
15 0.769777 0.441171 0.036482 0.151159
14 0.735983 0.437085 0.040323 0.192012
12 0.655338 0.427280 0.032642 0.200183
11 0.624040 0.437902 0.033794 0.187110
10 0.593510 0.424829 0.036482 0.227964
9 0.562980 0.440762 0.036866 0.183024
8 0.533026 0.434634 0.048387 0.206720
6 0.264209 0.393372 0.043011 0.199366
4 0.356951 0.424421 0.045699 0.212439
3 0.394969 0.444848 0.046467 0.183024
2 0.429916 0.424829 0.047235 0.226329
1 0.466590 0.429323 0.034562 0.199366
0 0.500192 0.419110 0.049539 0.213256
5 0.311853 0.406920 0.059524 0.227964
13 0.693841 0.422338 0.049172 0.210343