22 0.726767 0.611939 0.061828 0.182207
21 0.675307 0.634817 0.076421 0.180573
20 0.627688 0.651976 0.049539 0.165866
19 0.600230 0.664232 0.041475 0.170768
18 0.575845 0.683842 0.047235 0.177305
17 0.543395 0.664640 0.030722 0.156878
16 0.519777 0.652793 0.026498 0.128281
24 0.499040 0.666683 0.026498 0.131549
25 0.476382 0.677305 0.026498 0.139720
26 0.445469 0.692012 0.037634 0.178939
27 0.416859 0.676079 0.041091 0.179756
28 0.389401 0.663006 0.049155 0.176488
29 0.334293 0.647073 0.080261 0.183842
30 0.276882 0.634409 0.060676 0.192829
13 0.698157 0.432591 0.050691 0.197732
12 0.657450 0.441171 0.036098 0.188744
11 0.622696 0.464866 0.044931 0.180573
10 0.594854 0.451384 0.035330 0.232049
9 0.564132 0.466909 0.035330 0.214073
8 0.527266 0.489378 0.037634 0.205085
6 0.261905 0.417067 0.041475 0.191195
4 0.353495 0.445256 0.044163 0.208354
3 0.392089 0.447299 0.047619 0.223878
2 0.422811 0.447707 0.040707 0.249207
1 0.454109 0.473037 0.035714 0.203451
0 0.488671 0.488561 0.037250 0.200183
5 0.306861 0.428431 0.051692 0.222964
14 0.741541 0.399436 0.040414 0.202968