30 0.265745 0.614799 0.052227 0.168317
29 0.314516 0.654018 0.065284 0.192829
26 0.434716 0.697732 0.036866 0.213256
25 0.466398 0.676488 0.024962 0.167500
24 0.485791 0.685884 0.029954 0.178122
0 0.482335 0.479573 0.038402 0.200183
21 0.686252 0.665457 0.073733 0.194464
16 0.512481 0.675262 0.020353 0.155244
17 0.537250 0.684250 0.027650 0.176488
18 0.567204 0.689153 0.033026 0.199366
19 0.596198 0.688744 0.036482 0.218159
8 0.523041 0.477122 0.036866 0.209988
14 0.734063 0.439945 0.047235 0.209171
9 0.562212 0.489787 0.033026 0.181390
10 0.599654 0.482024 0.032642 0.196915
1 0.440860 0.488970 0.033794 0.184659
2 0.402458 0.479982 0.033026 0.194464
12 0.637481 0.480390 0.036098 0.192012
4 0.367512 0.488561 0.032258 0.177305
5 0.321898 0.460426 0.058271 0.192969
6 0.271382 0.448428 0.047462 0.180971
13 0.686560 0.466425 0.064850 0.190969
22 0.737245 0.638207 0.067177 0.201730