31 0.246352 0.516750 0.048003 0.168317
30 0.285714 0.545348 0.080645 0.181390
29 0.326613 0.607854 0.091782 0.205085
28 0.374232 0.638903 0.055684 0.165866
27 0.403034 0.669951 0.047235 0.182207
26 0.431452 0.686293 0.041859 0.190378
25 0.462942 0.668726 0.025730 0.161781
24 0.483103 0.667500 0.018433 0.154427
16 0.501536 0.667909 0.020737 0.148707
17 0.522081 0.671994 0.024194 0.176488
18 0.546851 0.675262 0.033026 0.204268
19 0.592358 0.687110 0.057988 0.159329
20 0.613479 0.654018 0.067972 0.186293
21 0.647465 0.607854 0.077573 0.200183
22 0.694124 0.549024 0.078725 0.201817
23 0.737135 0.524512 0.054916 0.160963
7 0.282066 0.310847 0.065668 0.179756
6 0.308180 0.335360 0.054916 0.192829
4 0.379992 0.391329 0.032642 0.209988
3 0.403418 0.419927 0.032642 0.203451
2 0.426459 0.421561 0.034178 0.237768
1 0.453533 0.434634 0.026114 0.214890
0 0.474078 0.446890 0.024962 0.239403
8 0.499232 0.458329 0.023810 0.223061
9 0.521505 0.445665 0.023810 0.199366
10 0.544163 0.428098 0.031490 0.236134
11 0.565668 0.404402 0.041475 0.236134
12 0.597350 0.383158 0.031874 0.214890
13 0.628072 0.363549 0.056452 0.211622
14 0.664363 0.330049 0.059140 0.187110
15 0.689324 0.282250 0.058372 0.129098
5 0.349277 0.352801 0.057398 0.235200