31 0.244816 0.570268 0.045699 0.188744
30 0.282450 0.587427 0.067204 0.196915
29 0.339670 0.612756 0.074885 0.218159
28 0.385177 0.631549 0.049155 0.216524
27 0.420507 0.631549 0.046083 0.219793
26 0.453725 0.651567 0.035714 0.263098
25 0.483871 0.631140 0.025346 0.236951
24 0.504416 0.619701 0.023425 0.199366
16 0.526882 0.627055 0.023810 0.209171
17 0.550499 0.631549 0.028802 0.223061
18 0.579109 0.660146 0.031490 0.241037
19 0.610983 0.665049 0.034562 0.205085
20 0.636521 0.650750 0.047235 0.181390
21 0.681836 0.657695 0.077189 0.227964
22 0.731183 0.625829 0.052995 0.205085
23 0.789363 0.629098 0.075653 0.113573
0 0.490399 0.389695 0.034562 0.231232
1 0.456989 0.381933 0.031490 0.238585
2 0.422811 0.379890 0.038402 0.237768
3 0.391705 0.395415 0.033794 0.203451
4 0.361367 0.388878 0.036866 0.201817
6 0.274578 0.373354 0.045315 0.187110
8 0.524386 0.391738 0.032642 0.228781
9 0.559140 0.389695 0.034562 0.227964
10 0.594470 0.387244 0.038402 0.250842
11 0.621736 0.405219 0.040707 0.219793
12 0.653802 0.414616 0.035714 0.197732
13 0.691052 0.400726 0.053379 0.214073
14 0.738287 0.397049 0.044931 0.198549
15 0.767665 0.378256 0.059140 0.187110
5 0.317904 0.370941 0.049342 0.221964