31 0.217550 0.556787 0.046467 0.137268
29 0.308372 0.653610 0.082949 0.209988
27 0.393625 0.696098 0.041475 0.182207
25 0.456797 0.705903 0.028034 0.203451
16 0.502496 0.698957 0.022657 0.186293
18 0.558948 0.719384 0.039555 0.218976
19 0.592934 0.715299 0.038402 0.202634
20 0.628072 0.693646 0.050307 0.182207
21 0.679916 0.659329 0.076421 0.201817
22 0.736751 0.635226 0.065668 0.168317
23 0.772657 0.576396 0.047619 0.137268
24 0.480799 0.698957 0.022273 0.179756
17 0.525922 0.711622 0.025730 0.196915
26 0.421659 0.715299 0.044547 0.212439
28 0.360215 0.678531 0.059140 0.196098
30 0.252112 0.616024 0.069508 0.160963
0 0.472734 0.463232 0.033794 0.244305
1 0.440668 0.458329 0.032642 0.214890
2 0.408026 0.435043 0.031874 0.250025
3 0.372888 0.435043 0.034562 0.197732
4 0.341014 0.410530 0.037634 0.205903
6 0.272849 0.285927 0.048003 0.177305
14 0.722158 0.310847 0.046467 0.179756
13 0.691244 0.403177 0.058372 0.209171
12 0.647465 0.423604 0.039171 0.210805
11 0.610215 0.440354 0.037634 0.211622
10 0.576229 0.445256 0.038018 0.252476
9 0.542819 0.468543 0.031106 0.225512
8 0.508449 0.470585 0.036866 0.223061
7 0.254224 0.185835 0.030722 0.101317
15 0.743280 0.225463 0.034946 0.084159
5 0.298963 0.384793 0.057220 0.210805