23 0.775922 0.620927 0.076421 0.175671
22 0.721198 0.628689 0.072197 0.197732
6 0.278034 0.385201 0.047619 0.245122
5 0.318548 0.428915 0.049539 0.205085
31 0.235791 0.636860 0.069892 0.137268
15 0.750000 0.357829 0.043779 0.154427
30 0.291283 0.636043 0.069508 0.199366
4 0.358679 0.450159 0.034562 0.192012
3 0.389401 0.456695 0.034562 0.211622
2 0.417627 0.440762 0.034946 0.263098
1 0.446621 0.459963 0.024578 0.209988
0 0.476767 0.454652 0.034946 0.248390
12 0.634601 0.438719 0.038018 0.205085
11 0.603687 0.442805 0.038402 0.208354
10 0.572197 0.430957 0.037634 0.259829
9 0.541667 0.455469 0.030338 0.223878
8 0.512097 0.451384 0.034178 0.241854
29 0.344854 0.668317 0.073733 0.201817
28 0.383641 0.692829 0.049155 0.198549
27 0.407450 0.711214 0.030722 0.171585
26 0.438748 0.701817 0.041859 0.244305
25 0.465630 0.679348 0.031106 0.189561
24 0.488479 0.664640 0.032258 0.156878
21 0.669547 0.667500 0.081797 0.201817
20 0.620200 0.681390 0.043011 0.205085
19 0.587942 0.681390 0.035330 0.190378
18 0.558180 0.692012 0.040323 0.249207
17 0.527074 0.662598 0.026498 0.157695
16 0.505184 0.667500 0.027266 0.159329
13 0.677995 0.422787 0.051075 0.216524
14 0.719470 0.400726 0.051843 0.211622