31 0.240975 0.517976 0.070276 0.111939
29 0.334677 0.630323 0.101767 0.179756
30 0.296851 0.565366 0.076805 0.170768
6 0.297619 0.355787 0.064516 0.201000
13 0.679147 0.400317 0.048771 0.208354
14 0.715054 0.352518 0.050691 0.207537
23 0.767089 0.522878 0.071813 0.149524
21 0.678187 0.623787 0.094470 0.169951
22 0.718894 0.560055 0.083717 0.156878
12 0.642089 0.432183 0.043779 0.201817
11 0.613479 0.452610 0.037250 0.200183
10 0.585445 0.451793 0.034178 0.244305
9 0.557796 0.492646 0.034178 0.209988
8 0.528418 0.511439 0.033026 0.224695
0 0.494816 0.511030 0.035714 0.227146
1 0.462942 0.496323 0.034178 0.218976
2 0.435100 0.453835 0.039939 0.245122
3 0.405338 0.443622 0.043395 0.218159
4 0.371352 0.442396 0.044547 0.174854
28 0.377496 0.667092 0.070661 0.156878
27 0.418203 0.703043 0.055300 0.176488
26 0.454685 0.728781 0.043779 0.195281
25 0.484447 0.716933 0.031106 0.129098
24 0.502304 0.703860 0.022273 0.134000
20 0.635753 0.668317 0.059524 0.160963
19 0.609063 0.703860 0.049155 0.160146
17 0.545123 0.710805 0.034946 0.156061
16 0.525730 0.711214 0.033794 0.116024
18 0.581605 0.726329 0.054147 0.178939
5 0.330069 0.388878 0.050307 0.235317