31 0.226382 0.551476 0.064900 0.192012
29 0.329877 0.645848 0.076805 0.222244
15 0.763057 0.312482 0.044547 0.194464
13 0.684908 0.357012 0.054147 0.241037
23 0.766705 0.504085 0.067204 0.178939
21 0.670507 0.618884 0.072965 0.225512
22 0.724654 0.580890 0.076037 0.211622
7 0.223694 0.348433 0.051075 0.199366
5 0.304339 0.394598 0.055684 0.218159
6 0.259409 0.368043 0.042627 0.227146
14 0.726575 0.346799 0.043779 0.209171
30 0.272273 0.606220 0.075269 0.196915
28 0.375576 0.666274 0.046851 0.222244
27 0.407258 0.664232 0.035714 0.216524
26 0.435100 0.674445 0.041475 0.227146
25 0.462558 0.633592 0.028802 0.165049
24 0.485599 0.634000 0.023425 0.160963
20 0.624040 0.634817 0.032258 0.206720
19 0.594278 0.638903 0.037250 0.208354
18 0.563940 0.655244 0.038786 0.231232
16 0.508257 0.636860 0.026498 0.176488
17 0.529378 0.634817 0.026498 0.192012
4 0.348310 0.401543 0.037634 0.230415
3 0.383833 0.412982 0.041091 0.217342
2 0.410714 0.399091 0.034178 0.276171
1 0.449501 0.422378 0.033410 0.227964
0 0.481951 0.414616 0.030722 0.240220
8 0.514593 0.414207 0.031490 0.236134
11 0.610407 0.396640 0.038018 0.214073
12 0.640169 0.374171 0.036098 0.232866
9 0.546659 0.411348 0.031106 0.227146
10 0.580453 0.367634 0.036482 0.278622