31 0.240975 0.634409 0.064900 0.132366
30 0.294739 0.642579 0.054916 0.191195
29 0.340822 0.669951 0.077189 0.201817
15 0.714670 0.347207 0.046083 0.138085
13 0.660330 0.468951 0.046467 0.177305
14 0.697965 0.439945 0.051075 0.187927
23 0.746352 0.635226 0.063364 0.122561
21 0.652458 0.667092 0.072965 0.210805
22 0.695469 0.634817 0.053763 0.180573
7 0.283410 0.359463 0.046851 0.129915
5 0.343126 0.478348 0.054916 0.191195
6 0.298963 0.446482 0.054916 0.194464
20 0.608295 0.663006 0.036866 0.158512
19 0.579301 0.685884 0.034178 0.196098
18 0.551267 0.703043 0.030338 0.215707
16 0.506144 0.678939 0.019201 0.165866
17 0.527074 0.675262 0.024962 0.163415
28 0.388633 0.668726 0.039939 0.143805
27 0.420315 0.696098 0.035714 0.205085
26 0.445469 0.712031 0.031490 0.243488
25 0.468510 0.683842 0.028418 0.169134
24 0.487327 0.677305 0.018433 0.165866
4 0.382296 0.499591 0.035714 0.168317
0 0.484447 0.480799 0.034946 0.204268
2 0.426267 0.454652 0.034562 0.251659
9 0.541859 0.502451 0.024578 0.177305
10 0.571813 0.464866 0.032258 0.252476
12 0.625192 0.486927 0.033794 0.169134
11 0.596774 0.495915 0.035330 0.192012
8 0.513441 0.486110 0.032258 0.182207
1 0.455837 0.486518 0.030722 0.201000
3 0.413402 0.484476 0.044931 0.200183