15 0.725543 0.357936 0.046584 0.200707
14 0.685171 0.368673 0.048137 0.207315
13 0.637034 0.405015 0.052795 0.199055
23 0.748447 0.530973 0.068323 0.161887
21 0.645963 0.610678 0.080745 0.207315
22 0.693323 0.575162 0.073758 0.202359
31 0.248447 0.539646 0.073758 0.123067
29 0.347438 0.609026 0.079969 0.189144
30 0.307065 0.583834 0.066770 0.206489
6 0.296778 0.370738 0.042314 0.209793
7 0.259899 0.357936 0.044643 0.195751
5 0.339480 0.390148 0.046196 0.218878
0 0.480396 0.454160 0.026786 0.227964
2 0.417896 0.419056 0.030668 0.266783
1 0.452252 0.449617 0.027174 0.225486
4 0.370148 0.417817 0.031444 0.213096
3 0.395186 0.433511 0.030280 0.224660
8 0.512422 0.441357 0.029503 0.242005
10 0.549884 0.421121 0.030668 0.277521
12 0.603261 0.414101 0.034161 0.223834
11 0.574922 0.421121 0.043478 0.244483
20 0.605008 0.639173 0.052407 0.199881
18 0.545031 0.676341 0.030280 0.239527
16 0.505629 0.664778 0.017469 0.166843
17 0.522321 0.666017 0.019798 0.180884
19 0.571234 0.649085 0.038432 0.203185
28 0.385870 0.642477 0.050466 0.206489
26 0.441382 0.680471 0.041925 0.234571
24 0.488936 0.665191 0.016693 0.172625
25 0.469915 0.663952 0.019798 0.166843
27 0.416537 0.649911 0.038043 0.193273