29 0.357527 0.526146 0.084485 0.192012
5 0.357719 0.297366 0.054147 0.257378
13 0.668779 0.352927 0.050307 0.206720
0 0.497504 0.377848 0.033410 0.232049
2 0.443932 0.337811 0.039171 0.271268
1 0.475998 0.383158 0.022657 0.180573
4 0.393241 0.334134 0.032258 0.213256
3 0.416283 0.347616 0.033026 0.225512
8 0.528226 0.383976 0.033410 0.229598
9 0.554147 0.407671 0.028418 0.206720
10 0.589478 0.368860 0.029954 0.264732
12 0.633833 0.356604 0.034178 0.241854
11 0.611367 0.377848 0.033026 0.220610
28 0.400154 0.558421 0.054531 0.207537
27 0.421851 0.573537 0.047235 0.198549
24 0.494048 0.593146 0.024194 0.165866
25 0.475422 0.587018 0.029954 0.176488
26 0.442780 0.591512 0.049155 0.190378
16 0.514209 0.593146 0.023041 0.160963
18 0.561828 0.622152 0.036098 0.209171
20 0.617320 0.594781 0.044163 0.214890
19 0.591014 0.604994 0.034562 0.210805
17 0.533410 0.603360 0.019969 0.173220
21 0.660330 0.566183 0.080261 0.213256
23 0.722158 0.508579 0.084101 0.120927
14 0.714286 0.350087 0.042517 0.233391