0 0.488839 0.374145 0.030357 0.267857
1 0.461161 0.368446 0.027679 0.254559
2 0.433705 0.339951 0.037054 0.298252
3 0.411384 0.357998 0.037946 0.243161
4 0.381696 0.357523 0.038393 0.236512
5 0.341295 0.351824 0.062946 0.228913
6 0.296205 0.335201 0.053125 0.216565
7 0.257366 0.313355 0.045982 0.193769
8 0.518973 0.383644 0.029911 0.252660
9 0.548438 0.371771 0.029018 0.259309
10 0.577679 0.332827 0.040179 0.297302
11 0.602679 0.338526 0.034821 0.257409
13 0.665402 0.335676 0.058482 0.234612
14 0.708482 0.327603 0.048214 0.214666
15 0.747321 0.293408 0.047321 0.189970
24 0.496429 0.627280 0.025000 0.192819
25 0.474554 0.635828 0.033036 0.204217
26 0.447098 0.658150 0.029911 0.226064
27 0.416518 0.661474 0.036607 0.228913
28 0.382366 0.651026 0.047768 0.217515
30 0.277232 0.569339 0.084821 0.189020
31 0.222545 0.528495 0.086161 0.113032
16 0.518304 0.640578 0.025000 0.213716
17 0.537054 0.626805 0.024107 0.191869
18 0.569196 0.642002 0.041071 0.220365
19 0.604018 0.654825 0.044643 0.236512
20 0.629241 0.620156 0.044196 0.203267
21 0.675893 0.611607 0.073214 0.227964
22 0.727455 0.577413 0.072768 0.203267
23 0.773438 0.540843 0.068304 0.124430