0 0.484578 0.453768 0.028409 0.197741
1 0.457792 0.459381 0.026786 0.167519
2 0.427557 0.440384 0.032062 0.222783
3 0.402800 0.454200 0.036932 0.212421
4 0.371956 0.443838 0.032062 0.212421
5 0.333604 0.456359 0.046266 0.187379
6 0.288555 0.446429 0.042208 0.191697
7 0.257508 0.406276 0.049107 0.139023
8 0.514813 0.455495 0.030438 0.194287
9 0.544440 0.461972 0.028815 0.170973
10 0.573661 0.445565 0.032873 0.226237
11 0.598620 0.458086 0.039773 0.216738
12 0.629058 0.458518 0.034091 0.195151
13 0.668628 0.460245 0.052354 0.191697
14 0.712662 0.457654 0.042208 0.191697
15 0.743912 0.427863 0.031656 0.175290
16 0.502841 0.657122 0.018669 0.184789
17 0.523336 0.664894 0.024756 0.196878
18 0.547281 0.670075 0.029627 0.205513
19 0.570414 0.668779 0.036932 0.213284
12 0.600852 0.683459 0.036932 0.215011
21 0.645089 0.666189 0.066153 0.194287
22 0.694196 0.654100 0.052354 0.197741
23 0.758523 0.597541 0.076299 0.131252
24 0.484172 0.657554 0.017857 0.187379
25 0.463474 0.668348 0.021104 0.202059
25 0.463474 0.668348 0.021104 0.202059
26 0.438515 0.680005 0.028003 0.227100
27 0.413352 0.662303 0.031250 0.203786
28 0.386972 0.665757 0.035308 0.212421
29 0.343141 0.650646 0.065341 0.185652
30 0.292817 0.624309 0.062906 0.172700
31 0.246144 0.584157 0.056412 0.154566