0 0.490226 0.405535 0.033083 0.206367
1 0.465414 0.408735 0.021805 0.191969
2 0.431391 0.397536 0.053008 0.239962
3 0.401128 0.433931 0.038346 0.203967
4 0.372744 0.439930 0.040226 0.190370
5 0.328947 0.441929 0.063158 0.203967
6 0.280075 0.477924 0.054135 0.194369
7 0.250376 0.495121 0.030075 0.171173
8 0.523872 0.401536 0.031955 0.209566
9 0.553571 0.403135 0.031955 0.188770
10 0.586842 0.383539 0.044361 0.235962
11 0.612782 0.425532 0.035338 0.180771
12 0.639662 0.436330 0.037218 0.170373
13 0.680451 0.439130 0.055639 0.187170
14 0.721992 0.452328 0.041729 0.178371
15 0.758271 0.449528 0.039850 0.174372
16 0.510714 0.611902 0.016917 0.164774
17 0.529323 0.625100 0.018797 0.189570
18 0.552068 0.639498 0.028195 0.207167
19 0.577632 0.638698 0.034211 0.167173
20 0.605451 0.645097 0.034962 0.168773
21 0.647368 0.661494 0.064662 0.193569
22 0.703383 0.662294 0.071429 0.180771
23 0.752444 0.632299 0.063534 0.175172
24 0.495677 0.607903 0.026692 0.174372
25 0.478571 0.623500 0.021053 0.192769
26 0.455263 0.661094 0.032331 0.253559
27 0.425564 0.667493 0.038346 0.202368
28 0.393985 0.671493 0.042105 0.195969
29 0.350752 0.672692 0.076692 0.203167