0 0.493118 0.514501 0.033110 0.194719
1 0.463170 0.489568 0.038690 0.205009
2 0.430246 0.470571 0.039062 0.224006
3 0.410156 0.465821 0.059152 0.216090
5 0.353051 0.408039 0.066220 0.246169
6 0.310082 0.375586 0.053943 0.178097
7 0.284598 0.355797 0.052827 0.168598
8 0.524926 0.505398 0.032738 0.209758
9 0.550781 0.484818 0.036086 0.205009
10 0.579613 0.467800 0.032738 0.239045
11 0.596540 0.466217 0.039062 0.205800
12 0.621466 0.443658 0.038318 0.192344
13 0.660342 0.417537 0.055060 0.231921
14 0.689732 0.368462 0.062500 0.216090
15 0.724888 0.347486 0.045759 0.147226
16 0.521391 0.698138 0.021949 0.153559
17 0.547433 0.710407 0.029390 0.174930
18 0.568266 0.689036 0.043527 0.211341
19 0.602679 0.692202 0.049107 0.186012
20 0.635975 0.658561 0.055432 0.164640
21 0.665737 0.602362 0.047247 0.088652
22 0.710379 0.541413 0.075521 0.167806
23 0.757999 0.517667 0.059152 0.148810
24 0.499814 0.702888 0.020461 0.139311
25 0.475818 0.710407 0.025298 0.155933
26 0.448847 0.705262 0.036086 0.207383
27 0.413318 0.720301 0.037946 0.167806
28 0.391741 0.687848 0.086310 0.177305
29 0.346912 0.641939 0.111235 0.188387
30 0.306176 0.564764 0.081101 0.170181
31 0.256324 0.533102 0.063244 0.130604