0 0.485593 0.361374 0.040990 0.256459
1 0.450081 0.356625 0.036526 0.248687
2 0.412946 0.312155 0.035308 0.303088
3 0.384334 0.328993 0.038961 0.241779
4 0.353084 0.322085 0.038149 0.233145
5 0.312703 0.314745 0.052354 0.221919
6 0.266437 0.301793 0.040990 0.234008
7 0.230925 0.288840 0.047078 0.194287
8 0.524756 0.353603 0.039773 0.259913
9 0.553369 0.360079 0.036120 0.250414
10 0.588271 0.322085 0.037744 0.297043
11 0.620739 0.333742 0.045049 0.253005
12 0.651380 0.334174 0.044643 0.233145
13 0.693791 0.326834 0.059659 0.225373
14 0.742086 0.301361 0.047484 0.217602
16 0.512581 0.610061 0.025974 0.199468
17 0.532265 0.604017 0.031250 0.206376
18 0.561688 0.652373 0.038149 0.273729
19 0.594156 0.647624 0.039773 0.219329
20 0.633117 0.637262 0.069805 0.219329
21 0.676948 0.613515 0.104708 0.234008
22 0.729911 0.563001 0.087256 0.208967
23 0.774959 0.502988 0.076705 0.185652
24 0.489854 0.606607 0.026786 0.204649
25 0.468141 0.613947 0.028003 0.214148
26 0.433847 0.655395 0.043831 0.302224
27 0.401380 0.630785 0.042208 0.228827
28 0.365463 0.620855 0.066153 0.226237
29 0.325487 0.593223 0.083604 0.231418
30 0.273133 0.550048 0.070617 0.210694