0 0.477909 0.525068 0.033137 0.179394
1 0.444431 0.520193 0.031718 0.185984
2 0.412088 0.505580 0.035465 0.217336
3 0.385864 0.509299 0.036464 0.214148
4 0.353771 0.509565 0.036713 0.199800
5 0.312030 0.497587 0.059524 0.209966
6 0.267231 0.490255 0.046366 0.208633
7 0.233083 0.481256 0.048246 0.190636
8 0.509712 0.515584 0.037594 0.192636
9 0.538221 0.511252 0.034461 0.190636
10 0.570959 0.486589 0.038534 0.230630
11 0.601190 0.496920 0.036341 0.192636
13 0.644737 0.495921 0.062030 0.203967
14 0.695489 0.481256 0.048872 0.202634
15 0.735589 0.479590 0.041353 0.197968
16 0.497337 0.714219 0.022243 0.171306
17 0.520050 0.715219 0.023810 0.178638
18 0.542607 0.724217 0.030702 0.216632
19 0.569549 0.703221 0.035714 0.190636
20 0.611059 0.705887 0.062343 0.181304
21 0.644580 0.698555 0.078634 0.177305
22 0.699718 0.679225 0.065476 0.187970
23 0.754386 0.652562 0.065163 0.115981
24 0.477287 0.706220 0.020990 0.167307
25 0.455357 0.715885 0.027882 0.186637
26 0.428885 0.729550 0.037594 0.203301
27 0.398653 0.720551 0.039160 0.186637
28 0.369987 0.727884 0.053258 0.198635
29 0.332393 0.713886 0.079574 0.197302
30 0.281485 0.695555 0.059837 0.189970
31 0.228853 0.651562 0.072995 0.120647