0 0.460833 0.447416 0.043667 0.261398
1 0.429667 0.435866 0.038667 0.233435
2 0.394667 0.406687 0.040667 0.271125
3 0.362333 0.406079 0.046667 0.250456
4 0.328500 0.414590 0.045000 0.227356
5 0.282167 0.393009 0.063000 0.215805
6 0.248000 0.353799 0.071333 0.159271
7 0.242833 0.237082 0.056333 0.097264
8 0.505833 0.445593 0.042333 0.262614
9 0.533333 0.451976 0.033333 0.203647
10 0.564667 0.424620 0.046000 0.264438
11 0.598500 0.431915 0.050333 0.242553
12 0.638167 0.433739 0.048333 0.232827
13 0.685000 0.417629 0.060667 0.209119
14 0.730833 0.376900 0.071667 0.192097
15 0.732833 0.277204 0.057000 0.099696
16 0.509500 0.702128 0.031667 0.195745
17 0.536000 0.711246 0.038667 0.195745
18 0.575000 0.740122 0.044667 0.230395
19 0.613833 0.735562 0.043000 0.200608
20 0.671667 0.717629 0.080000 0.179331
21 0.723833 0.684195 0.111000 0.208511
23 0.770833 0.627660 0.073667 0.174468
24 0.478000 0.708815 0.029333 0.203040
25 0.449667 0.706991 0.034000 0.194529
26 0.411500 0.736778 0.041667 0.246809
27 0.369333 0.726140 0.042000 0.203647
28 0.324000 0.721277 0.067333 0.203647
29 0.276833 0.675076 0.096333 0.212158
30 0.224032 0.592370 0.087269 0.174406