0 0.479750 0.353900 0.030928 0.189578
1 0.449926 0.347241 0.035346 0.193495
2 0.412371 0.337057 0.043446 0.223263
8 0.513439 0.357817 0.029823 0.194278
9 0.541605 0.351550 0.027982 0.189578
10 0.578608 0.343324 0.039396 0.242064
19 0.599411 0.572854 0.032401 0.196628
18 0.558542 0.560320 0.032401 0.198195
17 0.531480 0.547786 0.021723 0.171560
16 0.509389 0.551311 0.020987 0.172344
26 0.452320 0.568546 0.033505 0.209946
27 0.413292 0.547394 0.034242 0.191145
28 0.383100 0.552486 0.035714 0.177827