0 0.486482 0.462674 0.040387 0.257791
1 0.450601 0.452021 0.054072 0.237906
2 0.398698 0.419353 0.045060 0.264892
4 0.365988 0.416868 0.055073 0.194586
5 0.318425 0.365026 0.066756 0.251399
6 0.266689 0.328807 0.068091 0.221572
7 0.251836 0.246073 0.047063 0.105815
8 0.528204 0.467290 0.039052 0.254240
9 0.566756 0.461253 0.047397 0.240747
10 0.611315 0.434267 0.039052 0.264892
12 0.646316 0.429011 0.039812 0.200127
13 0.687417 0.376033 0.063084 0.252109
14 0.736816 0.374968 0.055073 0.178962
15 0.753672 0.265247 0.036048 0.097293
16 0.512850 0.684956 0.023698 0.156947
17 0.540721 0.682825 0.028037 0.158367
18 0.577603 0.694188 0.045728 0.199557
20 0.621328 0.679274 0.056409 0.216601
21 0.678905 0.639860 0.096128 0.238616
22 0.754005 0.645186 0.070093 0.161208
23 0.772530 0.510965 0.043057 0.094452
24 0.486649 0.683535 0.025367 0.156947
25 0.456943 0.676434 0.033378 0.165469
26 0.423565 0.676434 0.046061 0.200977
28 0.373498 0.655484 0.063418 0.193165
29 0.321429 0.620331 0.097463 0.220862
30 0.270194 0.551800 0.076435 0.197426
31 0.225300 0.508834 0.053405 0.128540