0 0.474800 0.445774 0.039720 0.281647
1 0.436749 0.447760 0.035047 0.256370
2 0.406876 0.427520 0.033378 0.279806
3 0.388184 0.446340 0.040053 0.246428
4 0.358311 0.432492 0.038385 0.258501
5 0.319593 0.432492 0.050401 0.225833
6 0.273865 0.409056 0.047730 0.225833
8 0.515854 0.442079 0.040387 0.289038
9 0.553571 0.451666 0.035047 0.255660
10 0.587951 0.432136 0.035047 0.279096
11 0.609479 0.449536 0.041389 0.232935
12 0.639352 0.439948 0.043725 0.240747
13 0.679573 0.425390 0.053405 0.242877
14 0.724132 0.414027 0.051068 0.213050
16 0.513184 0.697739 0.025033 0.206659
17 0.541055 0.681050 0.028705 0.177542
18 0.572931 0.706616 0.034379 0.227253
19 0.604640 0.710522 0.034379 0.223703
20 0.644025 0.703065 0.057744 0.220152
21 0.690087 0.664361 0.083111 0.202398
22 0.727136 0.654419 0.055741 0.205238
23 0.769860 0.575235 0.067089 0.139193
24 0.487150 0.695253 0.025701 0.201687
25 0.459112 0.684246 0.030374 0.172571
26 0.425734 0.711232 0.034379 0.239326
27 0.395027 0.703775 0.033712 0.222992
28 0.350300 0.699514 0.068425 0.230094
29 0.309746 0.667557 0.086782 0.221572
30 0.266188 0.650513 0.054406 0.205948
31 0.211949 0.569554 0.071429 0.171860