0 0.484765 0.461475 0.033467 0.162072
1 0.449550 0.456427 0.033966 0.151976
2 0.413586 0.436234 0.036963 0.193424
3 0.386114 0.438891 0.038462 0.185984
4 0.354770 0.433843 0.035714 0.179076
5 0.315060 0.431186 0.048701 0.175888
6 0.269730 0.419230 0.044456 0.188110
7 0.233766 0.400631 0.049451 0.166854
8 0.520979 0.465726 0.034965 0.155695
9 0.555694 0.464397 0.032967 0.143474
10 0.586289 0.450847 0.035215 0.199269
11 0.615759 0.456692 0.039211 0.186516
12 0.647228 0.455895 0.036713 0.183859
13 0.686439 0.454832 0.048202 0.175357
14 0.731019 0.446862 0.042957 0.179608
15 0.766733 0.421887 0.045455 0.166854
16 0.498501 0.638957 0.022478 0.156758
17 0.522478 0.653038 0.023477 0.170043
18 0.547702 0.672434 0.030470 0.198206
19 0.575425 0.670308 0.034965 0.176951
20 0.602897 0.671903 0.037962 0.179076
21 0.650100 0.667917 0.069930 0.175357
22 0.707043 0.640551 0.071429 0.166323
23 0.753996 0.594852 0.066933 0.157821
24 0.481269 0.640817 0.020979 0.154101
25 0.459665 0.651444 0.027223 0.191298
26 0.431568 0.654898 0.035964 0.181202
27 0.407468 0.643208 0.032218 0.166323
28 0.378871 0.644271 0.038961 0.167386
29 0.336538 0.640551 0.067682 0.173762
30 0.284091 0.609465 0.066184 0.144536
31 0.240135 0.569080 0.062188 0.150913