0 0.480296 0.432310 0.033662 0.188659
1 0.444787 0.433620 0.029967 0.172064
2 0.412972 0.410037 0.032841 0.224470
3 0.384236 0.421392 0.036125 0.193027
4 0.348007 0.397505 0.023810 0.118989
5 0.313123 0.427252 0.062016 0.170236
6 0.266334 0.423423 0.055925 0.175538
7 0.237126 0.416060 0.032392 0.159633
8 0.514673 0.434321 0.033776 0.189086
9 0.547757 0.449047 0.030177 0.172593
10 0.583749 0.429903 0.040698 0.217950
11 0.612265 0.440800 0.042359 0.200867
12 0.643411 0.445218 0.043743 0.186141
13 0.684247 0.448458 0.067829 0.183195
15 0.764673 0.435793 0.042082 0.156688
16 0.500831 0.613982 0.021041 0.149030
17 0.522702 0.618694 0.022702 0.151387
18 0.548865 0.639606 0.035714 0.176716
19 0.579873 0.642256 0.035161 0.171414
20 0.609773 0.629297 0.031285 0.154921
21 0.651578 0.641962 0.069491 0.183785
22 0.708610 0.625174 0.062292 0.169058
25 0.469131 0.601906 0.021872 0.150798
26 0.438953 0.631359 0.037375 0.177894
27 0.407254 0.645791 0.034884 0.179661
28 0.377907 0.630770 0.038206 0.159044
29 0.334856 0.635777 0.074474 0.173771
30 0.282254 0.610742 0.062846 0.164935
31 0.242248 0.571275 0.053156 0.146085