0 0.475852 0.454632 0.031250 0.230554
1 0.444918 0.451485 0.031593 0.226210
2 0.414835 0.424304 0.032967 0.258359
3 0.385165 0.441840 0.035165 0.202245
4 0.356456 0.423428 0.037088 0.185293
5 0.318544 0.396247 0.049176 0.210428
6 0.275687 0.368775 0.041484 0.192892
7 0.249176 0.311199 0.044505 0.145546
8 0.506181 0.453531 0.034890 0.243161
9 0.540522 0.453531 0.031593 0.227964
10 0.572940 0.430150 0.035989 0.265373
11 0.599313 0.447101 0.046429 0.195230
12 0.629808 0.421674 0.047527 0.194646
13 0.672802 0.389525 0.052747 0.220365
14 0.718269 0.376666 0.044780 0.173603
15 0.742582 0.323474 0.049451 0.126841
16 0.498352 0.690554 0.019780 0.192308
17 0.516484 0.689970 0.024725 0.193477
18 0.543956 0.713643 0.035165 0.250175
19 0.576648 0.700199 0.041209 0.202245
20 0.611538 0.680910 0.054945 0.206921
21 0.658379 0.633563 0.089286 0.191723
22 0.705632 0.585340 0.068956 0.178279
23 0.755769 0.546177 0.062088 0.139701
24 0.479121 0.684709 0.018132 0.174772
25 0.462363 0.682079 0.022527 0.192892
26 0.434615 0.704290 0.030220 0.234978
27 0.404808 0.688801 0.031044 0.200491
28 0.372527 0.671849 0.050000 0.203998
29 0.334203 0.634440 0.076099 0.187632
30 0.283104 0.584171 0.072802 0.168927
31 0.249725 0.554361 0.046154 0.156067