0 0.473122 0.352333 0.025037 0.228747
1 0.450479 0.355075 0.023932 0.209162
2 0.427835 0.351550 0.025773 0.235014
3 0.406848 0.351550 0.025773 0.216213
5 0.351804 0.350374 0.045287 0.213863
6 0.318851 0.362517 0.047128 0.208379
7 0.287187 0.368001 0.036819 0.195845
8 0.498527 0.353508 0.025037 0.234231
9 0.518778 0.359383 0.026510 0.213079
10 0.538108 0.349983 0.029087 0.244415
11 0.559278 0.340974 0.055228 0.240498
12 0.580817 0.338624 0.046760 0.218563
13 0.619293 0.351158 0.053756 0.187228
14 0.661451 0.323740 0.061487 0.227964
17 0.494477 0.579513 0.031664 0.159809
16 0.475147 0.585780 0.027614 0.178611
18 0.516937 0.614765 0.037555 0.220913
19 0.545839 0.604190 0.048233 0.218563
20 0.580081 0.594789 0.060751 0.202895
21 0.623159 0.573638 0.086524 0.185661
24 0.457106 0.587347 0.036451 0.170777
25 0.440538 0.597139 0.037187 0.184094
26 0.415501 0.622207 0.036451 0.220130
27 0.397091 0.595964 0.039396 0.194278
28 0.370950 0.596747 0.049705 0.205246