0 0.479543 0.452080 0.033228 0.229887
1 0.449141 0.453522 0.025316 0.201031
2 0.417608 0.441259 0.038653 0.253453
3 0.388675 0.431399 0.036392 0.225078
4 0.358725 0.428995 0.038427 0.222192
5 0.315552 0.417452 0.062839 0.225078
6 0.269552 0.411200 0.045434 0.205840
8 0.514127 0.447992 0.035488 0.236139
9 0.546790 0.446549 0.025316 0.210169
10 0.577984 0.436449 0.035714 0.252491
11 0.607030 0.435006 0.039105 0.239025
12 0.641162 0.427311 0.045434 0.210169
13 0.682979 0.419135 0.057188 0.214016
14 0.734855 0.407833 0.047920 0.203917
16 0.512432 0.680524 0.028933 0.201031
18 0.544869 0.682688 0.040913 0.247682
19 0.581261 0.681486 0.049051 0.225078
21 0.666252 0.661046 0.077984 0.204398
22 0.722875 0.634835 0.075949 0.205840
24 0.484064 0.680524 0.025090 0.209688
26 0.453662 0.687498 0.033454 0.247682
27 0.422016 0.682448 0.036618 0.226040
28 0.387093 0.680524 0.039557 0.213535
29 0.344824 0.661046 0.064873 0.201512
30 0.286053 0.645656 0.065778 0.212093