6 0.283576 0.434250 0.044055 0.189742
5 0.325599 0.447446 0.048118 0.218863
5 0.362675 0.446429 0.035520 0.222182
4 0.394507 0.448287 0.036685 0.242418
3 0.421293 0.436724 0.033967 0.241592
1 0.444293 0.449732 0.038043 0.227964
0 0.472729 0.456547 0.029309 0.218465
8 0.502232 0.462122 0.029697 0.207315
9 0.524165 0.461296 0.026592 0.209793
10 0.552213 0.437137 0.036102 0.253981
11 0.578610 0.459024 0.046584 0.206902
12 0.612675 0.439201 0.040955 0.221769
13 0.654794 0.437137 0.052989 0.182949
14 0.703028 0.416488 0.053571 0.198642
21 0.649554 0.650026 0.084433 0.187492
20 0.604814 0.679348 0.057453 0.204837
19 0.575796 0.685749 0.051825 0.192860
18 0.543964 0.688433 0.033191 0.225486
17 0.522127 0.670262 0.020575 0.184188
16 0.508637 0.660557 0.018051 0.160648
24 0.491266 0.661796 0.020186 0.161474
25 0.475058 0.673153 0.019604 0.179232
26 0.456910 0.677696 0.026398 0.195751
27 0.427019 0.693802 0.044643 0.214748
28 0.399651 0.690911 0.047360 0.222182
31 0.267257 0.574711 0.077731 0.113662