0 0.491367 0.537702 0.031930 0.203808
1 0.461211 0.524618 0.032640 0.196763
2 0.429281 0.494173 0.038316 0.240544
3 0.401608 0.493418 0.035951 0.226957
4 0.376537 0.481592 0.036897 0.236518
5 0.340350 0.492411 0.051088 0.188712
6 0.300970 0.450392 0.053217 0.206325
7 0.269040 0.435043 0.053217 0.153485
8 0.521760 0.537450 0.028382 0.202299
9 0.550851 0.524115 0.032167 0.197770
10 0.579825 0.502728 0.033349 0.251615
11 0.601703 0.494424 0.031693 0.231989
12 0.631741 0.491656 0.030274 0.200286
13 0.660596 0.487127 0.049196 0.182170
14 0.702223 0.459701 0.043992 0.186699
15 0.730014 0.437308 0.054636 0.156002
23 0.736282 0.619729 0.052034 0.168582
22 0.698794 0.658477 0.071192 0.170595
21 0.652791 0.693955 0.079470 0.179150
20 0.614948 0.729433 0.050142 0.190724
19 0.579115 0.741762 0.032403 0.189215
18 0.551916 0.753840 0.030511 0.219409
17 0.529920 0.741762 0.019158 0.166066
16 0.510998 0.736730 0.019631 0.164053
24 0.492550 0.747046 0.018685 0.154492
25 0.475047 0.743272 0.021050 0.182170
26 0.453879 0.748807 0.033113 0.217396
27 0.421121 0.735723 0.041391 0.190221
28 0.384106 0.735220 0.052980 0.181163
29 0.349929 0.702258 0.093425 0.179653
30 0.303690 0.668794 0.074740 0.188208
31 0.256149 0.600354 0.071429 0.146943