6 0.294111 0.440579 0.044229 0.215886
5 0.342006 0.453663 0.054399 0.203808
4 0.379021 0.478572 0.036660 0.185189
3 0.413907 0.471779 0.043519 0.220918
2 0.436968 0.464230 0.043283 0.243060
0 0.487583 0.480334 0.030038 0.199783
8 0.517502 0.484863 0.028855 0.196763
9 0.545885 0.473540 0.026963 0.192234
10 0.575449 0.450392 0.029801 0.238531
11 0.603713 0.456934 0.030984 0.210350
12 0.632687 0.458443 0.030747 0.187202
14 0.662843 0.447875 0.045648 0.211357
23 0.704707 0.443346 0.043283 0.194247
22 0.695601 0.644135 0.061022 0.206325
21 0.654092 0.670555 0.077342 0.208841
20 0.609745 0.664013 0.039262 0.169589
19 0.581717 0.685652 0.038079 0.208841
18 0.553217 0.699994 0.035478 0.222428
17 0.530629 0.694458 0.021050 0.193241
16 0.512299 0.684394 0.017502 0.176131
24 0.493259 0.694710 0.016793 0.195757
25 0.471736 0.690433 0.020577 0.201292
26 0.444063 0.708549 0.036187 0.221422
27 0.420648 0.690936 0.045175 0.209344
28 0.394986 0.685652 0.041627 0.196763
29 0.343898 0.679362 0.088458 0.214376
30 0.299078 0.662755 0.067408 0.210350
31 0.256504 0.632813 0.048013 0.189718