7 0.236755 0.448379 0.033113 0.136879
6 0.274716 0.467501 0.043283 0.173111
4 0.366485 0.460959 0.039972 0.209344
3 0.398888 0.462972 0.038553 0.216389
2 0.429281 0.446617 0.049669 0.263190
1 0.465232 0.478069 0.031693 0.192234
0 0.499409 0.472534 0.031930 0.210350
8 0.533113 0.473289 0.033586 0.213873
9 0.566816 0.463727 0.033349 0.210854
10 0.596263 0.450140 0.036424 0.258157
11 0.633396 0.468005 0.038789 0.205318
12 0.666982 0.448630 0.039735 0.198776
14 0.708964 0.436553 0.044702 0.179653
15 0.751419 0.424475 0.038789 0.184686
23 0.746570 0.610922 0.059366 0.166066
22 0.701632 0.647406 0.075449 0.178647
21 0.651963 0.667032 0.077815 0.187705
20 0.610809 0.716349 0.030511 0.166569
19 0.587748 0.693955 0.032640 0.208338
18 0.561140 0.711568 0.037133 0.239538
17 0.531102 0.701000 0.032876 0.214376
16 0.510525 0.694207 0.024361 0.195757
24 0.489357 0.688923 0.025544 0.189215
25 0.467242 0.688923 0.022469 0.203305
26 0.435904 0.696975 0.036897 0.219409
27 0.407403 0.696975 0.031457 0.216389
28 0.377602 0.697226 0.042337 0.206828
29 0.327223 0.673826 0.071192 0.192234
30 0.288079 0.660239 0.047304 0.185189
31 0.232616 0.610915 0.071192 0.113730
5 0.319286 0.460486 0.052857 0.201621