7 0.227393 0.385180 0.046270 0.165451
6 0.261172 0.413816 0.044159 0.195772
5 0.309905 0.436649 0.056826 0.188285
4 0.353008 0.448253 0.040640 0.183793
3 0.383269 0.446569 0.037474 0.188659
2 0.413353 0.422238 0.036066 0.249300
1 0.450475 0.441890 0.037122 0.211493
0 0.487570 0.466667 0.037650 0.178867
8 0.525510 0.457799 0.039057 0.210370
9 0.563068 0.445974 0.034063 0.215665
10 0.597543 0.431699 0.033237 0.238066
11 0.626548 0.447511 0.037985 0.199413
12 0.657396 0.454246 0.035398 0.182909
13 0.698641 0.444327 0.051517 0.184590
14 0.745338 0.428020 0.047882 0.182236
15 0.773151 0.329098 0.046302 0.170274
23 0.785635 0.632952 0.070638 0.156347
22 0.728903 0.631943 0.072219 0.197367
21 0.669485 0.658337 0.065582 0.195686
20 0.619785 0.676998 0.041719 0.212833
19 0.589444 0.680696 0.030657 0.226955
18 0.558944 0.689775 0.036030 0.234352
17 0.526944 0.675485 0.026391 0.192996
16 0.504030 0.664726 0.023230 0.174167
24 0.480721 0.661531 0.028445 0.173831
25 0.458439 0.670946 0.030973 0.196022
26 0.429994 0.680528 0.037295 0.234016
27 0.401944 0.664726 0.033028 0.215187
28 0.369311 0.665902 0.044248 0.216868
29 0.321429 0.650604 0.070480 0.200393
30 0.268884 0.617822 0.063053 0.194677
31 0.212310 0.615132 0.064949 0.138863