7 0.275233 0.293007 0.056289 0.136696
6 0.285811 0.412358 0.057259 0.188731
5 0.326087 0.447461 0.057842 0.204424
4 0.367139 0.477402 0.042508 0.205663
3 0.398874 0.492063 0.041537 0.212683
2 0.425951 0.481119 0.033967 0.284954
1 0.458851 0.510234 0.030668 0.232506
0 0.483502 0.524275 0.029891 0.245722
8 0.517178 0.520765 0.033191 0.257698
9 0.544740 0.524275 0.026980 0.217639
10 0.576184 0.478021 0.032803 0.297757
11 0.602582 0.486281 0.042120 0.221769
12 0.632473 0.468316 0.043672 0.223834
13 0.670905 0.445190 0.057259 0.198229
14 0.710792 0.412358 0.056289 0.175515
15 0.720982 0.282270 0.053766 0.112743
23 0.778047 0.555868 0.065411 0.140412
22 0.729620 0.610587 0.093944 0.187905
21 0.676339 0.681000 0.097244 0.205663
20 0.630920 0.710941 0.071623 0.171386
19 0.591130 0.741294 0.042120 0.185840
18 0.561335 0.767106 0.043866 0.240766
17 0.527562 0.752032 0.029115 0.181710
16 0.507958 0.748109 0.020186 0.147433
24 0.490392 0.756162 0.021545 0.174276
25 0.470885 0.754303 0.025621 0.205250
26 0.435074 0.769790 0.044061 0.241179
27 0.398680 0.746870 0.056289 0.201120
28 0.363548 0.718994 0.072981 0.194925
29 0.317352 0.684097 0.102873 0.213509
30 0.263102 0.614304 0.096079 0.191209
31 0.220206 0.571148 0.067352 0.142064