7 0.219853 0.377712 0.036871 0.192585
6 0.256868 0.386941 0.049306 0.196276
5 0.300824 0.402939 0.054222 0.190739
4 0.339430 0.395094 0.040341 0.216273
3 0.368493 0.395094 0.046414 0.210736
2 0.398930 0.380173 0.043088 0.216581
1 0.433560 0.392633 0.047282 0.187970
0 0.475636 0.386634 0.047571 0.191354
8 0.512363 0.385095 0.039184 0.201814
9 0.547860 0.385095 0.033256 0.179048
10 0.583285 0.364945 0.042510 0.220580
11 0.620156 0.372174 0.043088 0.222118
12 0.650882 0.370328 0.040052 0.224579
13 0.695055 0.381096 0.056680 0.198737
14 0.739662 0.375558 0.043811 0.196892
15 0.780147 0.363560 0.038895 0.174126
23 0.778918 0.555683 0.075188 0.176279
22 0.727227 0.596138 0.069260 0.181509
21 0.670402 0.612905 0.068392 0.186739
20 0.629265 0.631825 0.052921 0.198737
19 0.596371 0.636901 0.047571 0.206429
18 0.562247 0.645054 0.049017 0.239346
17 0.527473 0.608137 0.023424 0.167973
16 0.510194 0.611213 0.021833 0.167973
24 0.486987 0.608137 0.024002 0.176587
25 0.462117 0.611059 0.026316 0.192277
26 0.432186 0.640439 0.037883 0.239346
27 0.398062 0.639978 0.032099 0.201506
28 0.366541 0.640285 0.042799 0.210120
29 0.320778 0.620596 0.068681 0.208274
30 0.269881 0.615674 0.064922 0.213812
31 0.219130 0.574757 0.065211 0.179971