0 0.492674 0.506099 0.031136 0.209454
1 0.460165 0.506586 0.032967 0.206531
2 0.433150 0.478334 0.034799 0.245499
3 0.406136 0.491973 0.039377 0.202634
4 0.376374 0.488076 0.034799 0.179253
5 0.332875 0.462259 0.054029 0.182176
6 0.284341 0.450569 0.043040 0.166589
8 0.525183 0.505124 0.030220 0.207505
9 0.557005 0.513892 0.034341 0.199712
10 0.586081 0.496844 0.032967 0.224067
11 0.614011 0.506586 0.033883 0.192892
12 0.641712 0.496356 0.034341 0.184124
13 0.679029 0.490511 0.045788 0.170486
14 0.723672 0.460798 0.041667 0.175357
15 0.753663 0.440340 0.026557 0.116904
16 0.494963 0.698991 0.019231 0.143208
17 0.514652 0.706784 0.022894 0.151001
18 0.539148 0.727243 0.028846 0.197763
19 0.573260 0.730652 0.049451 0.210428
20 0.603022 0.712630 0.048535 0.188021
21 0.647207 0.695581 0.074634 0.179253
22 0.706731 0.657587 0.070971 0.171460
23 0.744277 0.608877 0.050824 0.155872
24 0.476877 0.711168 0.021520 0.134440
25 0.454899 0.710194 0.024267 0.155872
26 0.432234 0.719936 0.041209 0.216273
27 0.399038 0.715065 0.039835 0.185099
28 0.371795 0.696555 0.051282 0.177305
29 0.329212 0.673661 0.077839 0.189970
30 0.279991 0.637129 0.065476 0.179253
31 0.241071 0.556757 0.053571 0.129569