6 0.282803 0.447668 0.043478 0.190796
5 0.323175 0.466045 0.058618 0.203598
4 0.363063 0.473685 0.034744 0.216400
3 0.388296 0.487107 0.038626 0.215987
2 0.416634 0.485661 0.037073 0.241179
1 0.453513 0.495986 0.028921 0.214748
0 0.485734 0.495779 0.030474 0.213509
8 0.520186 0.500529 0.036102 0.211444
9 0.553863 0.491030 0.029309 0.211444
10 0.584627 0.476576 0.029115 0.235397
11 0.612966 0.472446 0.038820 0.213096
12 0.641110 0.468316 0.038043 0.188318
13 0.676048 0.451591 0.048137 0.182123
14 0.717391 0.434039 0.040373 0.189144
22 0.706619 0.643419 0.066576 0.159409
21 0.660908 0.681206 0.070264 0.182949
20 0.625000 0.707224 0.045807 0.185427
19 0.594235 0.716929 0.033579 0.188318
18 0.564926 0.715277 0.033967 0.226312
17 0.538238 0.708876 0.021739 0.201120
16 0.521836 0.713831 0.018051 0.185427
24 0.502426 0.711767 0.020380 0.185427
25 0.488451 0.711147 0.021157 0.187492
26 0.462733 0.729525 0.028727 0.213509
27 0.435850 0.716309 0.043284 0.205250
28 0.403241 0.714451 0.057259 0.196577
29 0.355493 0.696899 0.088315 0.196164
30 0.303960 0.672121 0.072593 0.177167