7 0.214189 0.267196 0.040567 0.130501
6 0.238451 0.342358 0.055707 0.204011
5 0.278921 0.365279 0.051630 0.213509
4 0.319973 0.406370 0.033191 0.186666
3 0.352484 0.401621 0.034161 0.234984
2 0.387228 0.391090 0.042702 0.282477
1 0.425175 0.401827 0.041731 0.238701
0 0.462345 0.398317 0.046584 0.242418
8 0.511743 0.397078 0.039014 0.231680
9 0.551533 0.389231 0.037073 0.231680
10 0.595885 0.373332 0.042314 0.299822
11 0.629464 0.397078 0.048137 0.232506
12 0.668866 0.392122 0.050466 0.209380
13 0.720594 0.380765 0.056871 0.215574
14 0.761937 0.342978 0.064247 0.227551
15 0.789111 0.273804 0.053766 0.124719
23 0.796002 0.597578 0.064053 0.159409
22 0.736316 0.612445 0.075893 0.214748
21 0.685656 0.651678 0.086374 0.242831
20 0.631211 0.662209 0.049301 0.234984
19 0.595497 0.673773 0.044643 0.266370
18 0.570458 0.679554 0.036879 0.275456
17 0.539402 0.647755 0.034550 0.223421
16 0.516207 0.640321 0.026203 0.196990
24 0.494759 0.637018 0.027950 0.211031
25 0.470303 0.643832 0.026786 0.198229
26 0.439635 0.661383 0.043478 0.283715
27 0.402368 0.654156 0.045807 0.259350
28 0.362286 0.657873 0.056483 0.219704
29 0.312791 0.639496 0.085986 0.233332
30 0.266013 0.599437 0.063470 0.215987
31 0.218265 0.586428 0.051436 0.155280