6 0.253688 0.374571 0.061335 0.200707
5 0.296002 0.418759 0.058230 0.195751
4 0.345109 0.437550 0.053571 0.228377
3 0.383249 0.466251 0.049107 0.227964
2 0.418284 0.459024 0.042702 0.306842
1 0.457201 0.482771 0.033967 0.237875
0 0.493012 0.483390 0.036102 0.249025
8 0.530085 0.482564 0.036491 0.249851
9 0.566964 0.476163 0.033773 0.226312
10 0.603746 0.452830 0.036685 0.296931
11 0.637811 0.457166 0.043478 0.229615
12 0.667993 0.441060 0.055707 0.211444
13 0.713315 0.414010 0.053183 0.198642
14 0.754755 0.367550 0.057648 0.193273
22 0.754367 0.607077 0.084045 0.211444
21 0.700893 0.670262 0.085016 0.208141
20 0.658385 0.713831 0.076087 0.206902
19 0.617721 0.734067 0.058812 0.210205
18 0.575214 0.733241 0.047166 0.249851
17 0.536879 0.717342 0.026398 0.208967
16 0.512908 0.710734 0.026592 0.177580
24 0.487578 0.712593 0.022516 0.188731
25 0.461665 0.715483 0.027756 0.209380
26 0.430707 0.729112 0.042314 0.242418
27 0.385675 0.729525 0.048913 0.234158
28 0.351999 0.705985 0.047166 0.221769
29 0.291149 0.658492 0.084627 0.206076
30 0.238354 0.595100 0.079581 0.194099