7 0.231180 0.272036 0.055175 0.161986
6 0.257164 0.390796 0.040419 0.193837
5 0.300043 0.401261 0.046193 0.201118
4 0.340462 0.408997 0.034645 0.200207
3 0.371792 0.402171 0.035714 0.234789
2 0.404833 0.388748 0.036784 0.272555
1 0.442044 0.411954 0.035500 0.228874
0 0.478935 0.423785 0.037853 0.217043
8 0.519140 0.422875 0.039136 0.227053
9 0.558169 0.426287 0.039778 0.231149
10 0.599979 0.410134 0.044696 0.264365
11 0.629919 0.419007 0.040847 0.248439
12 0.661570 0.424695 0.038708 0.223413
13 0.700171 0.423330 0.047049 0.194292
14 0.745402 0.415594 0.041275 0.169721
15 0.779940 0.320268 0.047904 0.168356
23 0.806459 0.596691 0.079127 0.183372
22 0.744440 0.602379 0.070573 0.207488
21 0.690547 0.628542 0.073139 0.202483
20 0.642216 0.643785 0.044055 0.207488
19 0.603935 0.654706 0.035500 0.217498
18 0.569076 0.670631 0.035500 0.252989
17 0.540954 0.655161 0.029299 0.214768
16 0.512297 0.650383 0.028443 0.203393
24 0.481074 0.649018 0.030154 0.198842
25 0.449957 0.648563 0.032506 0.216133
26 0.420766 0.664034 0.036997 0.260725
27 0.389756 0.646515 0.033576 0.233879
28 0.350086 0.629452 0.050470 0.208853
29 0.307100 0.608749 0.065441 0.202938
30 0.258554 0.574623 0.060736 0.186557
31 0.192472 0.573485 0.073567 0.154251