4 0.347244 0.415455 0.032997 0.222182
3 0.379561 0.443744 0.039402 0.207728
2 0.406250 0.450145 0.033385 0.214748
1 0.439344 0.455514 0.031250 0.203185
0 0.471953 0.476576 0.033967 0.183362
8 0.506599 0.475131 0.035714 0.192034
9 0.539693 0.464600 0.028921 0.208141
10 0.575311 0.440440 0.038432 0.267196
12 0.628106 0.441266 0.036491 0.212683
13 0.666925 0.436104 0.047748 0.211444
14 0.708560 0.423095 0.052601 0.192034
15 0.734763 0.326252 0.053377 0.140412
20 0.626844 0.678522 0.064635 0.213922
19 0.587636 0.690705 0.042508 0.218465
18 0.555804 0.706398 0.039402 0.233332
17 0.522710 0.696486 0.027174 0.196990
16 0.497768 0.697312 0.021545 0.199468
24 0.474379 0.691118 0.022516 0.195338
25 0.448078 0.692563 0.030085 0.199055
26 0.415276 0.701855 0.041343 0.249025
27 0.383346 0.677902 0.044255 0.215161
29 0.288529 0.577962 0.091809 0.169734
30 0.252620 0.518906 0.067741 0.162300