6 0.301825 0.362388 0.045031 0.186253
5 0.340936 0.391090 0.037461 0.164365
4 0.374709 0.405131 0.031250 0.194925
3 0.401786 0.404639 0.026398 0.181710
2 0.427504 0.420411 0.034356 0.225486
1 0.457977 0.431355 0.026203 0.208554
0 0.482628 0.443744 0.028144 0.206902
8 0.512714 0.448287 0.029697 0.201946
9 0.538626 0.448906 0.026398 0.193273
10 0.568905 0.419379 0.037267 0.249025
11 0.595691 0.428877 0.037655 0.206076
12 0.624612 0.421650 0.034550 0.168495
13 0.658967 0.406783 0.049301 0.161061
14 0.700990 0.378494 0.045613 0.175515
15 0.737286 0.349585 0.040567 0.160648
23 0.739713 0.496605 0.074534 0.154867
22 0.691285 0.556074 0.075505 0.171386
21 0.647030 0.582092 0.059589 0.179645
20 0.606561 0.603773 0.041149 0.187492
19 0.578416 0.621118 0.033773 0.193273
18 0.555221 0.645690 0.036297 0.209380
17 0.529503 0.647549 0.023292 0.169321
16 0.511452 0.633714 0.019410 0.137521
24 0.492333 0.627932 0.021157 0.142477
25 0.472535 0.630823 0.023874 0.155692
26 0.440800 0.636398 0.044255 0.192447
27 0.420807 0.613891 0.041149 0.203598
28 0.392566 0.593655 0.042508 0.177993
30 0.318614 0.531295 0.072399 0.164778
31 0.275524 0.481119 0.074728 0.170147