6 0.268473 0.407078 0.046446 0.188285
5 0.313072 0.421864 0.054715 0.168446
4 0.353598 0.423314 0.032300 0.184103
3 0.386029 0.424990 0.038078 0.177957
2 0.413866 0.412418 0.038078 0.190808
1 0.439666 0.407390 0.034270 0.175722
0 0.474002 0.389231 0.034664 0.182427
8 0.511226 0.388393 0.035583 0.185779
9 0.543921 0.402501 0.032169 0.167062
10 0.578847 0.391187 0.050026 0.211481
11 0.605370 0.404037 0.037421 0.200865
12 0.636226 0.417587 0.035583 0.181030
13 0.679884 0.411860 0.052784 0.188014
14 0.724462 0.399987 0.046350 0.205055
22 0.709362 0.612864 0.056066 0.189411
21 0.659204 0.625296 0.060530 0.176281
20 0.618697 0.632420 0.039916 0.191087
19 0.586660 0.623341 0.032563 0.194160
18 0.556197 0.629207 0.029149 0.222097
17 0.529477 0.602528 0.021402 0.189970
16 0.509913 0.602109 0.022715 0.193601
24 0.487789 0.600432 0.021271 0.193601
25 0.464417 0.614680 0.028099 0.204217
27 0.433955 0.627391 0.038340 0.196674
28 0.405134 0.631861 0.042411 0.185500
29 0.362329 0.629766 0.071560 0.188014
30 0.304491 0.619709 0.068277 0.193043
31 0.254727 0.586045 0.054884 0.173208