7 0.253695 0.316678 0.054187 0.173686
6 0.279821 0.363469 0.045567 0.180424
5 0.318614 0.376570 0.048557 0.190905
4 0.358726 0.366464 0.034483 0.227589
3 0.391274 0.378068 0.037650 0.233578
2 0.418719 0.378816 0.035186 0.247054
1 0.450035 0.408388 0.028853 0.213365
0 0.481967 0.413067 0.032548 0.242188
8 0.515658 0.412318 0.032723 0.247428
9 0.547150 0.410259 0.029909 0.223846
10 0.580665 0.386116 0.037474 0.252669
11 0.612069 0.379939 0.037650 0.236573
12 0.644441 0.383308 0.039409 0.216359
13 0.681914 0.372827 0.051020 0.202135
14 0.721939 0.355982 0.049085 0.190905
15 0.754486 0.321357 0.051548 0.181547
23 0.793631 0.497664 0.085855 0.122404
22 0.744898 0.561299 0.077058 0.209996
21 0.696780 0.606218 0.091309 0.213739
20 0.650950 0.642153 0.078466 0.223472
19 0.604152 0.657875 0.042224 0.230209
18 0.566327 0.656378 0.036242 0.217482
17 0.535099 0.642153 0.024806 0.183045
16 0.508797 0.640095 0.024982 0.183419
24 0.484606 0.631485 0.027270 0.168446
25 0.460239 0.640843 0.026038 0.184168
26 0.428132 0.651324 0.031844 0.232830
27 0.391714 0.649266 0.044159 0.237696
28 0.352041 0.632982 0.060169 0.215611
29 0.307442 0.610710 0.091309 0.223472
30 0.265834 0.551941 0.074243 0.191280
31 0.226073 0.517316 0.064039 0.151976