0 0.501844 0.497844 0.028921 0.225073
1 0.474476 0.486694 0.028144 0.204424
2 0.443711 0.439614 0.035326 0.268848
3 0.420905 0.443951 0.038626 0.213922
4 0.392954 0.429084 0.035132 0.198229
5 0.353649 0.404305 0.055512 0.191622
6 0.306580 0.386753 0.048719 0.190383
7 0.271157 0.362388 0.043090 0.184601
8 0.531250 0.499290 0.028339 0.225486
9 0.559491 0.500735 0.027368 0.207728
10 0.586665 0.487520 0.027368 0.215987
11 0.609957 0.481738 0.032415 0.196990
12 0.634899 0.454069 0.031832 0.211031
13 0.667799 0.442299 0.042120 0.199055
14 0.709336 0.426193 0.039014 0.200707
22 0.707686 0.620086 0.088898 0.204424
21 0.657415 0.669023 0.088121 0.202359
20 0.611316 0.687814 0.048719 0.182949
19 0.583657 0.703507 0.039596 0.182949
18 0.550563 0.709908 0.030862 0.223008
17 0.526300 0.705985 0.021545 0.168908
16 0.506211 0.690085 0.021739 0.166017
24 0.485734 0.685955 0.021933 0.170147
25 0.466518 0.699584 0.026592 0.188318
26 0.434491 0.694009 0.044449 0.212683
27 0.406638 0.667165 0.046584 0.182949
28 0.377038 0.648787 0.067352 0.198229
29 0.334336 0.615956 0.096856 0.206076
30 0.291828 0.571561 0.079387 0.194099
31 0.247380 0.505278 0.072787 0.155692