0 0.492087 0.502730 0.038494 0.201118
1 0.454662 0.490445 0.034217 0.204758
2 0.419696 0.470424 0.035287 0.250259
3 0.385800 0.474292 0.036784 0.207943
4 0.357143 0.472016 0.038067 0.196112
5 0.315761 0.462234 0.050257 0.204758
6 0.272348 0.433112 0.045124 0.204758
7 0.240697 0.404901 0.054962 0.154706
8 0.532720 0.504550 0.036356 0.210218
9 0.571001 0.501593 0.037211 0.197022
10 0.602438 0.487260 0.041061 0.215678
11 0.637404 0.477249 0.050257 0.219318
13 0.702203 0.451086 0.049401 0.188832
14 0.745830 0.433795 0.042558 0.170631
22 0.716959 0.656298 0.094739 0.177912
21 0.665633 0.693837 0.103293 0.195657
18 0.564050 0.704303 0.035287 0.161076
17 0.532934 0.708398 0.030368 0.158346
24 0.487275 0.712493 0.035287 0.164716
26 0.433704 0.727736 0.055603 0.187012
26 0.405475 0.718636 0.050898 0.186102
27 0.369654 0.719318 0.069504 0.184737
28 0.324957 0.691562 0.095595 0.180187
19 0.594632 0.732969 0.031865 0.146515
20 0.613238 0.718408 0.066510 0.185647
22 0.276198 0.651066 0.081052 0.162896
23 0.244867 0.597374 0.056459 0.161076