0 0.479256 0.413092 0.035073 0.223868
1 0.442686 0.398076 0.040633 0.241159
2 0.405047 0.385791 0.035928 0.257540
3 0.373182 0.391251 0.045338 0.246619
4 0.338216 0.380103 0.042985 0.247984
5 0.295766 0.370093 0.053037 0.222503
6 0.249679 0.359855 0.052395 0.205668
7 0.226476 0.272719 0.056886 0.173361
8 0.513580 0.410362 0.033576 0.227509
9 0.548225 0.404446 0.035287 0.224778
10 0.582763 0.380786 0.038922 0.264820
11 0.616446 0.392843 0.042985 0.224323
12 0.651091 0.376008 0.037853 0.235244
13 0.694718 0.371230 0.055389 0.223868
14 0.742087 0.353712 0.046193 0.217043
15 0.766360 0.267259 0.052823 0.161531
22 0.736741 0.578718 0.058169 0.204758
21 0.685415 0.611024 0.075706 0.205668
20 0.633447 0.629452 0.040633 0.225233
19 0.601262 0.644240 0.034431 0.235699
18 0.568221 0.668129 0.033362 0.269825
17 0.538601 0.647653 0.024166 0.217953
16 0.515932 0.632637 0.020744 0.181552
24 0.492729 0.638325 0.024380 0.195657
25 0.470595 0.645378 0.024594 0.210673
26 0.440013 0.660166 0.038281 0.247529
27 0.407613 0.646288 0.038067 0.223413
28 0.370830 0.644468 0.045766 0.227053
29 0.316617 0.615347 0.075920 0.213403
30 0.267536 0.575988 0.059025 0.198387