7 0.292100 0.375662 0.048250 0.092091
6 0.308657 0.473289 0.054872 0.169589
5 0.351348 0.495934 0.057001 0.227964
4 0.381977 0.532418 0.040208 0.195254
3 0.409059 0.550786 0.036187 0.201796
2 0.432711 0.541225 0.037133 0.238028
1 0.463813 0.570915 0.028855 0.203808
0 0.491604 0.571670 0.030038 0.225447
8 0.521760 0.571670 0.030747 0.224441
9 0.547777 0.566386 0.033113 0.202802
10 0.578761 0.529147 0.036897 0.239035
11 0.602531 0.533676 0.037133 0.212867
12 0.629257 0.513799 0.038553 0.216389
13 0.662843 0.483605 0.052744 0.219409
14 0.695128 0.444101 0.057237 0.158518
15 0.717006 0.345468 0.044702 0.103162
23 0.756268 0.609412 0.052744 0.126814
22 0.713340 0.641871 0.069063 0.172608
21 0.673841 0.700497 0.098865 0.195254
20 0.633988 0.741762 0.068354 0.174118
19 0.602058 0.763904 0.046121 0.179150
18 0.572729 0.789066 0.042337 0.205318
17 0.539735 0.773969 0.021287 0.161034
16 0.518567 0.772459 0.021050 0.153989
24 0.498344 0.775227 0.021760 0.134363
25 0.477649 0.781517 0.023415 0.141911
26 0.447138 0.793343 0.046594 0.194750
27 0.412133 0.773969 0.062677 0.175124
28 0.380440 0.753336 0.068827 0.174118
29 0.338576 0.718865 0.115658 0.182673
30 0.297895 0.653697 0.080180 0.163047
31 0.254612 0.617716 0.054636 0.123292