0 0.477381 0.516487 0.032684 0.180989
1 0.438924 0.525007 0.035498 0.170397
2 0.404004 0.506125 0.032251 0.222898
3 0.373918 0.522013 0.042641 0.204016
4 0.340043 0.512573 0.036797 0.203555
5 0.298052 0.512112 0.050649 0.182371
6 0.256061 0.484710 0.045022 0.182831
7 0.220563 0.462835 0.042857 0.159344
8 0.521429 0.519250 0.034199 0.186516
9 0.556710 0.526619 0.035065 0.181910
10 0.591450 0.516717 0.034416 0.204476
11 0.624134 0.520171 0.042641 0.198489
12 0.657684 0.517638 0.039610 0.201713
13 0.702273 0.501750 0.049567 0.191121
14 0.745238 0.485631 0.042424 0.179147
15 0.773593 0.457078 0.045887 0.154278
23 0.796970 0.648430 0.064502 0.115133
22 0.750325 0.701851 0.069913 0.182371
21 0.698052 0.741457 0.075758 0.198029
20 0.649459 0.768398 0.052597 0.201253
19 0.609307 0.769319 0.032900 0.190200
18 0.573268 0.764253 0.036580 0.206779
17 0.540476 0.745141 0.029437 0.192503
16 0.512121 0.735240 0.026407 0.188358
24 0.484848 0.732937 0.024675 0.181910
25 0.461147 0.741227 0.030952 0.192042
26 0.429221 0.769550 0.035065 0.203555
27 0.392208 0.770471 0.036364 0.196187
28 0.352273 0.765865 0.056926 0.206319
29 0.302814 0.737082 0.081385 0.191121
30 0.251407 0.708069 0.070346 0.192042
31 0.215368 0.656719 0.051082 0.134475