1 0.481464 0.407815 0.028144 0.228377
0 0.509414 0.426193 0.029697 0.211444
2 0.451960 0.390264 0.035132 0.250264
3 0.424495 0.398730 0.038043 0.211031
4 0.395089 0.396871 0.046778 0.197403
5 0.354328 0.378700 0.057259 0.225486
6 0.300951 0.381591 0.051825 0.191622
7 0.258540 0.366930 0.044255 0.178819
8 0.537170 0.416488 0.028921 0.230854
9 0.564926 0.403066 0.030474 0.232093
10 0.597341 0.379320 0.040567 0.281238
11 0.615295 0.394600 0.034938 0.220117
12 0.645866 0.411119 0.034744 0.209380
13 0.680901 0.425160 0.044255 0.178819
14 0.723408 0.408022 0.038820 0.180884
15 0.754852 0.371060 0.039208 0.170560
23 0.757085 0.562682 0.051825 0.159822
22 0.716130 0.615336 0.060753 0.170973
21 0.674495 0.653124 0.079193 0.204424
20 0.636743 0.674805 0.066188 0.207315
19 0.598214 0.655808 0.040761 0.200707
18 0.575990 0.696899 0.044837 0.253981
17 0.546390 0.653950 0.029503 0.200294
16 0.526980 0.660351 0.021739 0.186666
24 0.503785 0.659112 0.023486 0.191622
25 0.484084 0.651265 0.024068 0.199055
26 0.453610 0.658905 0.038820 0.222595
27 0.421002 0.661590 0.054736 0.212270
28 0.384317 0.657873 0.069876 0.226312
29 0.345497 0.631236 0.085792 0.207728
30 0.290858 0.611826 0.073952 0.213509
31 0.242430 0.556487 0.054348 0.151563