0 0.478122 0.427998 0.034768 0.243060
1 0.446783 0.423720 0.038316 0.222428
2 0.415326 0.417682 0.035478 0.225447
3 0.385289 0.409881 0.039262 0.194750
4 0.350757 0.396294 0.035005 0.180660
5 0.309603 0.380191 0.049669 0.188712
6 0.264309 0.395539 0.044229 0.185189
7 0.225757 0.368365 0.050378 0.177137
8 0.510762 0.441837 0.038079 0.230480
9 0.547658 0.435043 0.032876 0.212867
10 0.577223 0.408875 0.037133 0.245073
11 0.608917 0.409127 0.041864 0.214376
12 0.641911 0.407365 0.040681 0.182673
13 0.685904 0.385978 0.054399 0.203305
14 0.732498 0.375913 0.042100 0.194247
15 0.776490 0.378430 0.045412 0.194247
22 0.714167 0.601612 0.057001 0.175628
20 0.618732 0.636335 0.041627 0.169589
19 0.585147 0.651432 0.043046 0.166569
18 0.557474 0.666026 0.043046 0.175628
17 0.522469 0.651181 0.026017 0.145937
16 0.503430 0.656716 0.026254 0.136879
24 0.482852 0.657471 0.027673 0.146440
25 0.460738 0.655961 0.028382 0.159524
26 0.427744 0.670555 0.045175 0.169589
27 0.398061 0.656465 0.045412 0.180660
28 0.363056 0.626271 0.057237 0.164556
29 0.319655 0.616709 0.072138 0.176634