0 0.472070 0.449108 0.037546 0.190944
1 0.438874 0.450082 0.040751 0.163666
2 0.405907 0.439853 0.042582 0.205557
3 0.387061 0.446672 0.036028 0.189970
4 0.358288 0.453004 0.033425 0.163666
8 0.505952 0.444724 0.029304 0.186073
9 0.535027 0.435956 0.027930 0.188021
10 0.561584 0.428162 0.037088 0.211402
11 0.590430 0.440340 0.038919 0.183150
12 0.620114 0.427188 0.033268 0.184124
14 0.698718 0.412088 0.045788 0.169511
18 0.556096 0.667650 0.039823 0.221477
19 0.583791 0.647358 0.027473 0.176331
20 0.609661 0.644922 0.030678 0.190944
21 0.656136 0.623003 0.068681 0.201660
22 0.708333 0.608877 0.066850 0.177305
26 0.438645 0.672687 0.036630 0.209454
27 0.412317 0.660997 0.030678 0.189970
28 0.376832 0.660510 0.044872 0.202634
6 0.275272 0.462328 0.050545 0.204137
5 0.324758 0.478105 0.056295 0.198341