0 0.486672 0.401372 0.038561 0.212376
1 0.446658 0.396988 0.037088 0.215299
2 0.410027 0.372633 0.040751 0.246473
3 0.382097 0.391143 0.038004 0.193866
4 0.348214 0.376529 0.036172 0.184124
6 0.264652 0.343407 0.032967 0.182176
8 0.528388 0.389194 0.041209 0.230886
9 0.569916 0.384175 0.041487 0.222796
10 0.611035 0.373120 0.034341 0.231860
12 0.645147 0.378584 0.033883 0.192130
13 0.686355 0.367762 0.052198 0.180228
14 0.729396 0.343894 0.043040 0.161718
15 0.761447 0.315642 0.051282 0.130543
16 0.512363 0.608877 0.026557 0.190944
17 0.538690 0.623490 0.035256 0.175357
18 0.568452 0.631771 0.048993 0.225041
19 0.598901 0.605467 0.047619 0.197763
20 0.628892 0.597187 0.050824 0.188995
21 0.669872 0.571857 0.076923 0.192892
22 0.717033 0.535325 0.059524 0.174382
23 0.764194 0.497818 0.063187 0.167563
24 0.490385 0.618132 0.024725 0.195815
25 0.469551 0.615696 0.031593 0.177305
26 0.436355 0.625396 0.045788 0.222203
27 0.406593 0.614722 0.043956 0.204583
28 0.376145 0.605954 0.054487 0.204583
29 0.326923 0.577702 0.082418 0.198737