0 0.486264 0.464695 0.032051 0.231860
1 0.455128 0.446185 0.028388 0.212376
2 0.425137 0.414036 0.036172 0.272777
3 0.401099 0.422317 0.038462 0.230886
4 0.371795 0.404781 0.037546 0.236731
5 0.339973 0.383836 0.055403 0.224067
6 0.293269 0.355584 0.062729 0.227964
7 0.255495 0.353636 0.033883 0.126646
8 0.520375 0.459337 0.032509 0.230886
9 0.551740 0.443750 0.031136 0.213350
10 0.581502 0.406243 0.032967 0.270828
11 0.609890 0.425727 0.038462 0.212376
12 0.638278 0.403807 0.031136 0.232835
13 0.672619 0.381401 0.047619 0.223093
14 0.715201 0.355584 0.042125 0.222118
16 0.528846 0.688762 0.020147 0.120801
17 0.553800 0.674636 0.027930 0.166589
18 0.596383 0.704349 0.052656 0.226015
19 0.638736 0.701426 0.072344 0.212376
20 0.658654 0.677558 0.072802 0.201660
21 0.693681 0.639564 0.094322 0.226989
22 0.743132 0.587444 0.091575 0.208479
23 0.766026 0.517789 0.050366 0.160744
24 0.503663 0.696068 0.021062 0.147105
25 0.477335 0.683403 0.021520 0.166589
26 0.442766 0.703862 0.041209 0.189970
27 0.407738 0.698017 0.049908 0.168537
28 0.375687 0.688274 0.066392 0.201660
29 0.337912 0.651255 0.115385 0.228938
30 0.281364 0.602058 0.098443 0.200686
31 0.239011 0.548963 0.080586 0.184124