0 0.490385 0.479795 0.032051 0.188021
1 0.462454 0.476872 0.022894 0.176331
2 0.429029 0.438391 0.031136 0.237706
3 0.402015 0.445211 0.035714 0.196789
4 0.374084 0.434982 0.036630 0.176331
5 0.335394 0.387246 0.051740 0.205557
6 0.291667 0.365813 0.044872 0.172434
8 0.521291 0.479308 0.031593 0.185099
9 0.550366 0.478821 0.025641 0.186073
10 0.576007 0.466643 0.031136 0.206531
11 0.604396 0.461285 0.034799 0.178279
12 0.632555 0.445211 0.032509 0.175357
13 0.666896 0.422317 0.048993 0.176331
14 0.709478 0.390655 0.045330 0.159769
16 0.518315 0.670739 0.016484 0.149053
17 0.532280 0.673661 0.017857 0.168537
18 0.557692 0.703375 0.035714 0.183150
19 0.583791 0.690710 0.032051 0.181202
20 0.607372 0.671713 0.040751 0.180228
21 0.652015 0.651255 0.076923 0.201660
22 0.699176 0.602058 0.076007 0.181202
24 0.502060 0.670252 0.017857 0.146130
25 0.484203 0.669765 0.020604 0.158795
26 0.458562 0.690710 0.028846 0.183150
27 0.432463 0.676097 0.035256 0.173408
28 0.403846 0.670252 0.037546 0.173408
29 0.357601 0.626413 0.083333 0.153924
30 0.315018 0.580625 0.078755 0.173408