0 0.476190 0.395039 0.030220 0.191918
1 0.442537 0.388707 0.034341 0.204583
2 0.412775 0.387733 0.031593 0.210428
3 0.388049 0.401859 0.039835 0.195815
4 0.362179 0.405268 0.037546 0.202634
6 0.284112 0.390168 0.044414 0.176331
7 0.242903 0.383349 0.037088 0.176331
8 0.508929 0.394552 0.027930 0.198737
9 0.538919 0.399423 0.031136 0.183150
10 0.577152 0.387246 0.047161 0.217247
11 0.600962 0.396014 0.051740 0.205557
12 0.626374 0.398936 0.048535 0.197763
13 0.669643 0.404294 0.066392 0.194841
14 0.719551 0.406243 0.048993 0.187047
16 0.501603 0.592315 0.018773 0.163666
17 0.520147 0.594751 0.022894 0.178279
18 0.543727 0.624464 0.027930 0.241602
19 0.566392 0.613748 0.034799 0.202634
20 0.594551 0.619106 0.039835 0.193866
21 0.637134 0.610338 0.084707 0.203608
22 0.695971 0.592315 0.082418 0.187047
23 0.738782 0.564551 0.049908 0.189970
24 0.482830 0.601083 0.016026 0.183150
25 0.465430 0.602545 0.021520 0.189970
26 0.442537 0.627874 0.027015 0.226989
27 0.418727 0.619593 0.037088 0.202634
28 0.393544 0.626413 0.044414 0.227964
29 0.355540 0.600109 0.077381 0.177305
30 0.302427 0.589393 0.074634 0.177305
31 0.254579 0.561141 0.062271 0.155872