0 0.482500 0.484549 0.038333 0.203141
1 0.444762 0.472391 0.036190 0.219352
2 0.403214 0.471125 0.034048 0.227964
3 0.373095 0.469098 0.037143 0.209726
4 0.343333 0.445795 0.035238 0.231003
5 0.302976 0.435917 0.047857 0.208207
6 0.261071 0.395897 0.043571 0.214286
7 0.228810 0.362969 0.046190 0.167680
8 0.519286 0.482270 0.033333 0.199595
9 0.555000 0.479483 0.034286 0.208207
10 0.597619 0.459980 0.036190 0.251266
11 0.629881 0.464286 0.040714 0.228470
12 0.662857 0.467832 0.034762 0.188956
13 0.702381 0.447062 0.046190 0.171733
14 0.742381 0.427052 0.046667 0.154002
15 0.775952 0.356130 0.044286 0.161094
23 0.792857 0.610182 0.068571 0.178825
22 0.742024 0.610182 0.065952 0.203141
21 0.690238 0.647670 0.080000 0.194022
20 0.647262 0.677305 0.050714 0.188450
19 0.613810 0.686170 0.043810 0.190983
18 0.581071 0.700355 0.041667 0.222391
17 0.546071 0.688703 0.026429 0.191996
16 0.521357 0.686102 0.022713 0.192132
24 0.499762 0.686170 0.024762 0.172746
25 0.473929 0.685410 0.024524 0.174265
26 0.440119 0.707447 0.038333 0.219352
27 0.408924 0.701366 0.036895 0.221382
28 0.373929 0.684804 0.042143 0.204861
29 0.321071 0.663993 0.088333 0.213047
30 0.265357 0.620821 0.077857 0.207194
31 0.208095 0.602330 0.076190 0.140831