2 0.435087 0.530635 0.031371 0.235836
21 0.644949 0.612270 0.073037 0.181412
20 0.611406 0.646499 0.052928 0.157452
19 0.583655 0.672000 0.051480 0.157795
18 0.557995 0.686547 0.041667 0.151291
17 0.528716 0.693735 0.023327 0.091733
16 0.509250 0.686376 0.018822 0.106451
24 0.486406 0.696302 0.023327 0.096183
26 0.441039 0.717695 0.030084 0.139653
27 0.415299 0.698013 0.034910 0.154372
25 0.465573 0.697329 0.019627 0.090022
28 0.389559 0.679701 0.040058 0.166352
29 0.342986 0.651120 0.091699 0.211191
30 0.299952 0.600633 0.083494 0.171144