0 0.489698 0.228799 0.033948 0.212098
1 0.457319 0.231304 0.030024 0.202913
2 0.423862 0.233600 0.042386 0.219196
3 0.393740 0.253849 0.043367 0.188717
4 0.360871 0.268880 0.051413 0.187882
5 0.324176 0.293096 0.051413 0.180367
6 0.279533 0.298524 0.039050 0.183707
7 0.241464 0.259486 0.040620 0.151558
8 0.522174 0.224623 0.032182 0.205418
9 0.554062 0.222536 0.029631 0.199572
10 0.584870 0.220657 0.032378 0.205000
11 0.609596 0.223788 0.034341 0.207088
12 0.640600 0.241742 0.036695 0.188717
13 0.681221 0.256981 0.046900 0.196650
14 0.723018 0.268671 0.035911 0.185794
15 0.757359 0.260321 0.028454 0.169929
22 0.721056 0.447368 0.051217 0.154063
21 0.673666 0.458432 0.049843 0.177027
20 0.639129 0.474089 0.052983 0.220031
19 0.602139 0.462399 0.028846 0.210845
18 0.575648 0.449456 0.026491 0.228381
17 0.551903 0.436513 0.023744 0.205000
16 0.530416 0.439018 0.023548 0.193310
24 0.509714 0.445072 0.022959 0.202078
25 0.491071 0.452169 0.029239 0.208758
26 0.469290 0.463025 0.031593 0.220448
27 0.438481 0.476385 0.039835 0.223788
28 0.407084 0.478473 0.042190 0.197902
29 0.362932 0.483901 0.067308 0.182037
30 0.306809 0.493712 0.052394 0.165754