0 0.484694 0.468035 0.027865 0.212098
1 0.458104 0.469288 0.023352 0.201243
2 0.431122 0.457180 0.033359 0.222953
3 0.412088 0.459476 0.034929 0.212515
4 0.384517 0.456971 0.030416 0.220031
5 0.348312 0.460937 0.052590 0.187047
6 0.311126 0.447159 0.042190 0.199572
7 0.279042 0.433381 0.052198 0.176192
8 0.514031 0.464277 0.028061 0.218778
9 0.539148 0.465321 0.028061 0.204165
10 0.566621 0.460102 0.030808 0.219613
11 0.588893 0.461981 0.036499 0.213350
12 0.615777 0.460311 0.030612 0.216691
13 0.650020 0.461146 0.051609 0.194980
14 0.693485 0.452796 0.045526 0.204165
22 0.694368 0.645688 0.079867 0.186629
21 0.639227 0.675958 0.078689 0.181202
20 0.591248 0.704766 0.045133 0.222118
19 0.562991 0.704558 0.036107 0.220031
18 0.539835 0.693076 0.029042 0.210428
17 0.516091 0.680759 0.020016 0.193310
16 0.502551 0.676167 0.016876 0.159908
24 0.485969 0.675540 0.013932 0.170346
25 0.466739 0.683682 0.020997 0.193310
26 0.443878 0.709150 0.029827 0.230886
27 0.419545 0.716874 0.032575 0.222118
28 0.390993 0.700800 0.045722 0.203330
29 0.351158 0.686396 0.077119 0.201243
30 0.294349 0.646105 0.082025 0.186629