0 0.480357 0.505066 0.032143 0.217832
1 0.445833 0.509625 0.032619 0.207700
2 0.415952 0.496707 0.029048 0.219352
3 0.387619 0.489868 0.033810 0.210740
4 0.358095 0.478723 0.035238 0.186424
5 0.324762 0.464286 0.051429 0.183891
6 0.283690 0.425785 0.046905 0.181864
8 0.513690 0.509119 0.035952 0.210740
9 0.547262 0.509119 0.033095 0.190476
10 0.579286 0.490375 0.034762 0.212766
11 0.609643 0.485056 0.037381 0.195035
12 0.639762 0.461499 0.041429 0.211753
13 0.678810 0.438956 0.061905 0.203141
14 0.720238 0.410588 0.055238 0.179838
15 0.754762 0.367275 0.048095 0.171226
23 0.769048 0.543313 0.062381 0.166667
22 0.732024 0.594478 0.079762 0.183891
21 0.681190 0.654002 0.088095 0.185410
20 0.633690 0.679331 0.055952 0.175279
19 0.602619 0.704914 0.049524 0.191996
18 0.568095 0.723151 0.041905 0.203141
17 0.536905 0.709473 0.026190 0.169706
16 0.515238 0.702381 0.021905 0.141337
24 0.493690 0.705927 0.022619 0.145390
25 0.471786 0.716565 0.024524 0.157548
26 0.440238 0.729737 0.034286 0.191996
27 0.409048 0.712513 0.050000 0.175785
28 0.378571 0.681358 0.043333 0.157042
29 0.328810 0.661348 0.087143 0.185917
30 0.279643 0.609676 0.076429 0.155522
31 0.244643 0.555471 0.055952 0.155522
7 0.255694 0.368926 0.060041 0.200432