0 0.484262 0.470135 0.031477 0.236176
1 0.454613 0.459895 0.029266 0.221631
2 0.425725 0.454091 0.036749 0.235351
3 0.401117 0.436149 0.038345 0.216354
4 0.367063 0.432455 0.038690 0.198413
5 0.330109 0.401321 0.055060 0.212133
6 0.292907 0.370187 0.056052 0.187859
7 0.265377 0.335887 0.069444 0.178360
8 0.515625 0.477620 0.032242 0.236841
9 0.545635 0.462186 0.031746 0.238157
10 0.577629 0.450925 0.031250 0.239573
11 0.606151 0.451452 0.031746 0.208967
12 0.632192 0.441426 0.036210 0.191025
13 0.670387 0.409237 0.056052 0.206856
14 0.707837 0.369132 0.058532 0.204745
15 0.717014 0.286812 0.068948 0.128757
16 0.507937 0.705273 0.020833 0.134034
17 0.521577 0.697357 0.026290 0.179416
18 0.551835 0.718496 0.034226 0.211139
19 0.579365 0.705273 0.037698 0.201579
20 0.616206 0.688070 0.055824 0.186170
21 0.664134 0.653031 0.096335 0.217410
22 0.701885 0.606594 0.068452 0.200523
23 0.756641 0.547492 0.064869 0.124536
24 0.486607 0.700523 0.020833 0.143533
25 0.470486 0.696830 0.026290 0.176250
26 0.436260 0.727436 0.048115 0.222687
27 0.409226 0.689442 0.043651 0.199468
28 0.379464 0.664349 0.045635 0.174611
29 0.333581 0.634034 0.085813 0.196302
30 0.290543 0.587069 0.072683 0.199468