0 0.471071 0.511398 0.027857 0.197568
1 0.441786 0.501520 0.030714 0.212766
2 0.410714 0.498100 0.025714 0.202888
3 0.382566 0.504319 0.026786 0.189970
4 0.356964 0.504939 0.026071 0.163374
5 0.326250 0.492401 0.043929 0.165653
6 0.293036 0.455547 0.048214 0.154255
8 0.502500 0.517857 0.030714 0.190729
9 0.530714 0.521657 0.027143 0.174012
10 0.558571 0.506459 0.031429 0.213526
11 0.589107 0.525836 0.030357 0.180851
12 0.610000 0.517477 0.027143 0.185410
13 0.644107 0.512918 0.046786 0.173252
14 0.685536 0.488222 0.039643 0.169453
15 0.716964 0.492781 0.041071 0.157295
16 0.513036 0.731763 0.022500 0.158055
18 0.543750 0.753419 0.028929 0.201368
19 0.575536 0.745821 0.028214 0.178571
21 0.653929 0.714286 0.073571 0.171733
22 0.695357 0.664894 0.070714 0.139818
24 0.492143 0.730243 0.019286 0.150456
26 0.461071 0.744681 0.042857 0.197568
27 0.431071 0.741261 0.050000 0.163374
30 0.299821 0.643237 0.079643 0.125380