8 0.522207 0.498305 0.038004 0.186073
0 0.480998 0.489537 0.033425 0.191918
1 0.443681 0.489050 0.032051 0.173408
2 0.410943 0.477360 0.031593 0.196789
3 0.386447 0.453004 0.031136 0.204583
4 0.354853 0.451056 0.041209 0.175357
5 0.320055 0.409652 0.054029 0.213350
6 0.282738 0.366300 0.048993 0.224067
9 0.554258 0.489050 0.030678 0.200686
10 0.586081 0.488076 0.037546 0.212376
11 0.617216 0.489537 0.045788 0.168537
13 0.669185 0.480282 0.059066 0.167563
15 0.714744 0.447159 0.042125 0.163666
16 0.501374 0.681942 0.021062 0.150027
17 0.523810 0.700452 0.022894 0.183150
18 0.554029 0.712630 0.032967 0.191918
19 0.584020 0.698017 0.038004 0.176331
20 0.617445 0.681455 0.048993 0.176331
21 0.659799 0.660510 0.068681 0.183150
22 0.711310 0.626900 0.058150 0.154898
23 0.768773 0.635180 0.057692 0.134440
24 0.478022 0.687300 0.022894 0.160744
25 0.454899 0.681455 0.026099 0.158795
26 0.430174 0.699965 0.031593 0.180228
27 0.400870 0.682429 0.037088 0.178279
28 0.367903 0.659048 0.044414 0.147105
29 0.328984 0.633232 0.068223 0.173408
30 0.291209 0.600596 0.045788 0.160744
31 0.245192 0.610825 0.055403 0.114956