0 0.477551 0.470039 0.033673 0.197568
1 0.445634 0.461575 0.029022 0.202351
2 0.415816 0.425532 0.024490 0.247503
3 0.388520 0.435845 0.036224 0.202996
4 0.356378 0.396222 0.031122 0.232306
5 0.319643 0.395680 0.050510 0.233391
6 0.272959 0.392966 0.037755 0.210595
8 0.514031 0.457555 0.035204 0.226878
9 0.544643 0.471667 0.034184 0.202996
10 0.574490 0.445614 0.035714 0.242076
11 0.601020 0.458641 0.038776 0.202996
12 0.633929 0.441815 0.039286 0.197568
13 0.672194 0.418476 0.050510 0.226878
14 0.723980 0.396222 0.051020 0.230135
16 0.493112 0.690947 0.025000 0.202996
17 0.513520 0.690404 0.025000 0.197568
18 0.543622 0.690947 0.036224 0.202996
19 0.577806 0.690404 0.045408 0.210595
20 0.613520 0.679548 0.059694 0.195397
21 0.657653 0.663808 0.085714 0.218194
22 0.703571 0.643726 0.063265 0.197568
24 0.474745 0.679548 0.017857 0.175858
25 0.459439 0.698003 0.025000 0.162831
26 0.430102 0.689318 0.056122 0.204082
27 0.406122 0.680634 0.045918 0.199739
28 0.371173 0.679548 0.063776 0.234477
29 0.328316 0.655124 0.086224 0.211680
30 0.284949 0.636127 0.057653 0.208424