0 0.484286 0.384498 0.038095 0.205674
1 0.451190 0.379433 0.041429 0.195542
2 0.412143 0.363222 0.037619 0.234043
3 0.379286 0.381966 0.039524 0.210740
4 0.341429 0.365755 0.038095 0.218845
5 0.300476 0.356680 0.049524 0.200696
6 0.257619 0.330294 0.041905 0.206687
8 0.524077 0.388349 0.038837 0.192423
9 0.554524 0.395643 0.036667 0.171226
10 0.592619 0.373354 0.036667 0.240122
11 0.622060 0.400665 0.037453 0.209638
12 0.657143 0.398749 0.036190 0.193648
13 0.697857 0.371437 0.050000 0.199815
14 0.739524 0.349037 0.044762 0.193516
16 0.511190 0.594732 0.025238 0.170213
17 0.534048 0.602837 0.030952 0.170213
18 0.567619 0.625127 0.038095 0.200608
19 0.596667 0.614488 0.042857 0.207700
20 0.637381 0.606890 0.043333 0.186424
21 0.689762 0.589666 0.070952 0.200608
22 0.733333 0.540351 0.057143 0.177657
23 0.779400 0.525329 0.054037 0.152989
24 0.484524 0.594225 0.030000 0.177305
25 0.455714 0.607396 0.028571 0.195542
26 0.421905 0.616008 0.046667 0.226950
27 0.393095 0.595745 0.048095 0.212766
28 0.354048 0.584093 0.052857 0.185410
29 0.309048 0.567882 0.078095 0.199595
30 0.256429 0.529382 0.055714 0.175279
31 0.212143 0.537487 0.051905 0.167173