0 0.473315 0.451896 0.030814 0.224027
1 0.443878 0.451111 0.031888 0.211600
2 0.412946 0.438398 0.028699 0.235025
3 0.382015 0.447758 0.031888 0.207610
4 0.353954 0.439617 0.030612 0.188613
5 0.312819 0.429440 0.044005 0.173686
6 0.267857 0.417906 0.040816 0.166902
7 0.232143 0.421298 0.038265 0.179114
8 0.504464 0.449115 0.031888 0.215751
9 0.536352 0.444366 0.029337 0.217108
10 0.570791 0.432154 0.035714 0.241533
11 0.601403 0.432154 0.033163 0.222536
12 0.629464 0.434868 0.034439 0.208967
13 0.675047 0.426650 0.050282 0.192532
14 0.726403 0.417228 0.051020 0.179114
15 0.769452 0.434868 0.038903 0.162831
16 0.515306 0.658760 0.019133 0.160117
17 0.533163 0.665545 0.022959 0.179114
18 0.563138 0.681828 0.031888 0.227964
19 0.589605 0.675043 0.033801 0.214394
20 0.630102 0.670973 0.051020 0.214394
21 0.673788 0.648896 0.069515 0.205967
22 0.728954 0.638402 0.061224 0.208975
24 0.494260 0.667580 0.016582 0.188613
25 0.477679 0.671651 0.021684 0.188613
26 0.452487 0.689291 0.027423 0.232034
27 0.421875 0.675043 0.035077 0.214394
28 0.384566 0.680471 0.034439 0.217108
29 0.339923 0.645870 0.073980 0.185899
30 0.286671 0.621445 0.056760 0.191327