0 0.485045 0.541524 0.028125 0.196080
1 0.453401 0.530375 0.035374 0.198478
2 0.420982 0.490027 0.033929 0.250760
3 0.396205 0.504749 0.041518 0.196619
5 0.329241 0.467866 0.049554 0.195040
6 0.282143 0.440634 0.044643 0.186170
8 0.517188 0.537994 0.031696 0.200418
9 0.550000 0.540552 0.032143 0.199834
10 0.580761 0.517097 0.033121 0.234612
11 0.608705 0.518997 0.041518 0.200418
12 0.640848 0.501900 0.037946 0.206117
13 0.678284 0.499050 0.047895 0.175722
14 0.718080 0.452033 0.040625 0.182371
16 0.512054 0.735562 0.017857 0.152926
17 0.533068 0.733188 0.020599 0.153875
18 0.562723 0.750285 0.032589 0.184271
19 0.587946 0.739837 0.032143 0.189970
20 0.622098 0.725114 0.045089 0.175722
21 0.709375 0.636778 0.077679 0.147226
22 0.745089 0.590710 0.056250 0.144377
24 0.491964 0.730338 0.014286 0.144377
25 0.471205 0.731763 0.020089 0.147226
26 0.446429 0.749810 0.032143 0.209916
27 0.418080 0.725048 0.037054 0.187251
28 0.383929 0.708017 0.041071 0.185220
30 0.288170 0.622055 0.068304 0.165274