0 0.468750 0.435410 0.032143 0.234612
1 0.439509 0.440160 0.029018 0.190919
2 0.408259 0.430661 0.029018 0.215616
3 0.382143 0.424487 0.027679 0.195669
4 0.356027 0.420213 0.025446 0.196619
5 0.324554 0.421163 0.040179 0.192819
6 0.285045 0.405015 0.035268 0.190919
8 0.505357 0.427812 0.035714 0.230813
9 0.529605 0.418261 0.030075 0.198623
10 0.560491 0.366546 0.042411 0.284954
11 0.588170 0.372245 0.036161 0.216565
12 0.620089 0.365597 0.039286 0.216565
13 0.655580 0.361322 0.052232 0.209916
14 0.702902 0.343750 0.045089 0.199468
16 0.502232 0.683321 0.022321 0.190919
17 0.525670 0.676672 0.027232 0.192819
18 0.553125 0.693294 0.033036 0.220365
19 0.588170 0.693294 0.038839 0.216565
20 0.617188 0.676197 0.052232 0.191869
21 0.666518 0.652451 0.093750 0.208967
22 0.720747 0.585509 0.093280 0.185175
24 0.479241 0.671448 0.020982 0.163374
25 0.456473 0.689020 0.024554 0.209916
26 0.430357 0.711341 0.028571 0.197568
27 0.401562 0.727964 0.025446 0.200418
28 0.373191 0.705642 0.037453 0.195669
29 0.329911 0.683143 0.078571 0.206472
30 0.274777 0.642477 0.081696 0.190919