0 0.475000 0.412614 0.029464 0.234612
1 0.444733 0.404553 0.028753 0.226090
2 0.414509 0.394092 0.028125 0.248860
3 0.387277 0.407390 0.036161 0.218465
4 0.356027 0.394394 0.038839 0.213370
5 0.322991 0.367275 0.049554 0.197127
6 0.281480 0.330355 0.043291 0.191675
7 0.258929 0.202698 0.042857 0.116831
8 0.504241 0.409290 0.032589 0.233663
9 0.533036 0.401691 0.022321 0.229863
10 0.562946 0.387918 0.038393 0.227014
11 0.590848 0.400266 0.043304 0.194719
12 0.620982 0.381744 0.036607 0.216565
13 0.659152 0.374145 0.050446 0.176672
14 0.696875 0.324278 0.054464 0.185220
16 0.495536 0.645987 0.022321 0.190340
17 0.516071 0.647701 0.024107 0.203267
18 0.543973 0.655300 0.032589 0.231763
19 0.568304 0.630604 0.036607 0.207067
20 0.607143 0.621106 0.053571 0.208967
21 0.646205 0.580737 0.067411 0.194719
22 0.697545 0.533720 0.071875 0.172872
23 0.738393 0.474829 0.063393 0.174772
24 0.477455 0.646063 0.019196 0.192391
25 0.459152 0.645327 0.023661 0.204217
26 0.431027 0.662899 0.027232 0.245061
27 0.406696 0.647226 0.029464 0.202318
28 0.374777 0.618731 0.041518 0.173822
29 0.334598 0.593560 0.063839 0.186170
30 0.284821 0.532295 0.069643 0.166223
31 0.246652 0.471030 0.060268 0.172872