0 0.495536 0.378419 0.030357 0.204217
1 0.468750 0.373670 0.024107 0.187120
3 0.416964 0.364172 0.032143 0.215616
4 0.386607 0.363222 0.033036 0.213716
5 0.347768 0.373195 0.055357 0.197568
6 0.299777 0.366071 0.048661 0.190919
8 0.522991 0.376045 0.034375 0.212766
9 0.551339 0.369871 0.022321 0.181421
10 0.577679 0.356573 0.033036 0.213716
11 0.601562 0.365122 0.029911 0.213716
12 0.625223 0.364172 0.028125 0.198518
13 0.663839 0.361797 0.044643 0.180471
14 0.706027 0.347074 0.043304 0.208017
16 0.512723 0.598309 0.020982 0.174772
17 0.535045 0.593560 0.023661 0.172872
18 0.564063 0.607333 0.040625 0.232713
19 0.597098 0.610657 0.037054 0.212766
20 0.631250 0.592610 0.047321 0.197568
21 0.666518 0.570764 0.066071 0.203267
22 0.721205 0.548917 0.056696 0.189970
24 0.489732 0.605908 0.025000 0.189970
25 0.467411 0.596410 0.024107 0.174772
26 0.438616 0.600684 0.034375 0.232713
27 0.408036 0.603059 0.038393 0.203267
28 0.378125 0.599734 0.048214 0.217515
29 0.335491 0.576938 0.058482 0.204217
30 0.276116 0.561265 0.068304 0.191869