0 0.491334 0.372609 0.029937 0.208967
1 0.470194 0.375402 0.024422 0.219024
2 0.438682 0.349142 0.041229 0.250313
3 0.416229 0.367301 0.040441 0.218465
4 0.390756 0.380152 0.039391 0.203938
5 0.353729 0.381548 0.058824 0.208967
6 0.307904 0.383225 0.049632 0.200027
7 0.266019 0.383225 0.044643 0.176560
8 0.521402 0.376799 0.026523 0.199468
9 0.545825 0.377358 0.024422 0.200586
10 0.572348 0.373447 0.043330 0.222935
11 0.592831 0.379593 0.037553 0.205055
12 0.620667 0.372609 0.037027 0.208967
14 0.700368 0.368977 0.050420 0.207290
15 0.736870 0.261141 0.049370 0.151417
22 0.685793 0.636610 0.073792 0.163709
21 0.636949 0.669017 0.074842 0.180471
20 0.596507 0.677398 0.043330 0.191646
19 0.570903 0.684941 0.032563 0.205614
18 0.542411 0.648903 0.025998 0.248637
17 0.526523 0.636331 0.027836 0.170973
16 0.511161 0.617893 0.019170 0.172090
24 0.497899 0.624039 0.021008 0.207849
25 0.478598 0.629347 0.023897 0.220700
26 0.459428 0.657284 0.028099 0.212878
27 0.434743 0.681309 0.040179 0.208408
28 0.406644 0.679912 0.050683 0.202262
29 0.360688 0.676001 0.089023 0.195557
30 0.313813 0.651138 0.079307 0.173766
13 0.659226 0.378582 0.059949 0.212585