0 0.493690 0.488602 0.029286 0.207194
1 0.470952 0.473404 0.026667 0.213273
2 0.442381 0.457194 0.030952 0.222391
3 0.420119 0.456940 0.033095 0.204661
4 0.395714 0.443516 0.031429 0.194022
5 0.364286 0.433131 0.045714 0.192503
6 0.319643 0.394883 0.040714 0.213273
8 0.522738 0.497467 0.027381 0.203647
9 0.548571 0.491641 0.025714 0.203141
10 0.575000 0.484802 0.028095 0.195542
11 0.595952 0.477457 0.029048 0.200101
12 0.618929 0.464792 0.028810 0.193009
13 0.650000 0.450608 0.043333 0.184904
14 0.690000 0.411601 0.040476 0.194022
22 0.688571 0.610942 0.070952 0.164134
20 0.603095 0.691489 0.037619 0.202634
19 0.577619 0.699595 0.030000 0.193516
18 0.552500 0.701874 0.028810 0.194022
17 0.526190 0.699088 0.018095 0.179331
16 0.509048 0.689970 0.015238 0.168186
24 0.490238 0.681358 0.019048 0.157042
25 0.470595 0.692249 0.025476 0.193009
26 0.444405 0.694529 0.035476 0.223911
27 0.422976 0.680091 0.029286 0.186930
28 0.392976 0.663627 0.041667 0.182371
29 0.354167 0.639564 0.077381 0.186930
30 0.308214 0.599544 0.075952 0.172746