0 0.479911 0.438260 0.035977 0.216230
1 0.444853 0.434069 0.034139 0.197792
2 0.408220 0.421498 0.054359 0.278808
3 0.384060 0.438260 0.039653 0.224052
4 0.355305 0.454463 0.040966 0.216230
5 0.313025 0.455581 0.051471 0.207290
6 0.266544 0.422895 0.042542 0.236903
7 0.228598 0.409206 0.051208 0.203938
8 0.515494 0.432393 0.035714 0.234668
9 0.548451 0.425968 0.029674 0.212878
10 0.581801 0.413117 0.037027 0.256459
11 0.610819 0.424292 0.042542 0.226287
12 0.643514 0.412279 0.037553 0.231316
13 0.689338 0.417866 0.059349 0.207849
14 0.734506 0.400545 0.043592 0.214554
15 0.777442 0.376799 0.046481 0.202820
23 0.770614 0.577943 0.069065 0.188293
22 0.723083 0.626274 0.073792 0.211202
21 0.669118 0.646388 0.094538 0.220141
20 0.619091 0.664827 0.054884 0.226846
19 0.584296 0.673487 0.049370 0.254224
18 0.548976 0.669017 0.038603 0.249754
17 0.523109 0.672369 0.025735 0.226287
16 0.499475 0.656446 0.023634 0.195557
24 0.480173 0.659239 0.024422 0.188852
25 0.460872 0.681309 0.028887 0.238579
26 0.437106 0.685779 0.033876 0.278808
27 0.401523 0.686338 0.030987 0.232992
28 0.369617 0.690249 0.055935 0.222935
29 0.321691 0.682985 0.081408 0.216230
30 0.270746 0.654490 0.076681 0.203938
31 0.230042 0.610350 0.061975 0.188293