8 0.502495 0.476813 0.030725 0.216230
0 0.453388 0.478768 0.032300 0.226846
1 0.426339 0.476533 0.030200 0.212319
2 0.407169 0.481003 0.026523 0.239138
3 0.384848 0.479606 0.025473 0.198351
4 0.362789 0.471784 0.028099 0.208408
5 0.331145 0.467593 0.043592 0.183265
6 0.291754 0.439657 0.039916 0.176560
7 0.251576 0.443568 0.033088 0.167620
9 0.530462 0.474578 0.028887 0.216230
10 0.562106 0.467593 0.037027 0.217906
12 0.610557 0.460051 0.036765 0.211760
13 0.647453 0.461168 0.053834 0.184941
14 0.697479 0.424292 0.062500 0.183824
23 0.747374 0.543023 0.064601 0.153093
22 0.712973 0.619290 0.090861 0.165944
21 0.654018 0.659239 0.099002 0.192205
20 0.603204 0.691366 0.073529 0.194998
19 0.566439 0.691366 0.043067 0.184941
18 0.537159 0.706732 0.031775 0.201144
17 0.510110 0.693322 0.029149 0.178795
16 0.485163 0.686338 0.024422 0.153652
24 0.462185 0.688573 0.034139 0.155887
25 0.443146 0.689132 0.032300 0.160357
26 0.412290 0.706452 0.053046 0.222935
27 0.383009 0.691366 0.043330 0.178236
28 0.358193 0.676839 0.048845 0.174884
29 0.316702 0.658680 0.071954 0.197792
30 0.272453 0.610350 0.069590 0.176001