0 0.476623 0.424381 0.031602 0.216911
1 0.445455 0.440499 0.029004 0.192042
2 0.417424 0.400663 0.037446 0.258819
3 0.382035 0.408953 0.032900 0.251451
4 0.354113 0.414709 0.031169 0.227042
5 0.320563 0.445565 0.051082 0.227042
8 0.511364 0.389841 0.027056 0.136778
10 0.573701 0.419084 0.036580 0.248687
11 0.607035 0.416552 0.035281 0.244543
12 0.633874 0.416321 0.033550 0.218292
13 0.668074 0.442111 0.051732 0.211845
14 0.715043 0.400663 0.042641 0.203555
22 0.722944 0.613199 0.071429 0.178226
20 0.638961 0.672147 0.060606 0.199411
19 0.603571 0.683891 0.049567 0.210924
18 0.564069 0.682739 0.042857 0.223358
17 0.526623 0.655107 0.025108 0.196647
16 0.503139 0.648890 0.021429 0.175923
24 0.479870 0.648890 0.025108 0.171318
26 0.434199 0.679055 0.049351 0.227042
27 0.396537 0.676292 0.042857 0.209542
28 0.358550 0.671226 0.062554 0.213226
29 0.332816 0.653055 0.028986 0.046253