0 0.493182 0.407801 0.042641 0.174542
1 0.463961 0.401124 0.046104 0.193424
2 0.427273 0.378788 0.042857 0.208621
3 0.392208 0.399972 0.043290 0.192042
4 0.354437 0.408953 0.043939 0.179608
5 0.310931 0.422308 0.066883 0.192503
6 0.260606 0.413788 0.045887 0.216911
8 0.536364 0.404808 0.041991 0.184213
9 0.574242 0.407571 0.037662 0.177765
10 0.611364 0.385005 0.036147 0.219213
11 0.642857 0.405729 0.041126 0.189739
12 0.675758 0.411255 0.036364 0.168555
13 0.714394 0.403887 0.050866 0.183292
14 0.756169 0.391453 0.046970 0.179608
15 0.783550 0.343557 0.036797 0.125265
23 0.784524 0.592245 0.050866 0.146449
22 0.737771 0.584876 0.053896 0.180529
21 0.691017 0.618265 0.072511 0.168094
20 0.640368 0.615962 0.041775 0.180068
19 0.607684 0.624942 0.035714 0.193424
18 0.575866 0.625633 0.037446 0.209542
17 0.545563 0.614120 0.033117 0.192963
16 0.519805 0.600995 0.027489 0.166713
24 0.493398 0.605140 0.026623 0.177765
25 0.470779 0.616653 0.033333 0.192503
26 0.440693 0.627475 0.040260 0.215990
27 0.407035 0.630929 0.037879 0.205397
28 0.372835 0.626554 0.045238 0.198489
28 0.278030 0.594693 0.068182 0.141553