0 0.485294 0.390169 0.027611 0.209445
1 0.459634 0.385060 0.021909 0.190289
2 0.433223 0.367500 0.027311 0.202421
3 0.408013 0.370693 0.029712 0.211361
4 0.380852 0.360476 0.032413 0.204976
5 0.345438 0.348982 0.046218 0.208807
6 0.301471 0.334934 0.044718 0.193482
8 0.514406 0.387934 0.028211 0.220301
9 0.539316 0.395277 0.022209 0.183903
10 0.565726 0.367500 0.031813 0.220301
11 0.590486 0.370374 0.033914 0.206891
12 0.617947 0.353771 0.037215 0.214554
13 0.656513 0.349301 0.053721 0.200506
14 0.700030 0.334615 0.043517 0.195397
16 0.507053 0.593229 0.016507 0.166024
17 0.523559 0.593229 0.020108 0.172409
18 0.544268 0.603126 0.027911 0.202421
19 0.568878 0.594187 0.033313 0.194759
20 0.597989 0.592910 0.042917 0.204976
21 0.638956 0.561940 0.069028 0.172409
22 0.689526 0.536078 0.064526 0.139843
24 0.489796 0.587482 0.016807 0.157084
25 0.473589 0.595464 0.018007 0.181988
26 0.450480 0.597060 0.028812 0.208168
27 0.424670 0.590036 0.044418 0.192843
28 0.396158 0.586205 0.048619 0.191566
29 0.358794 0.566090 0.066927 0.185819
30 0.308373 0.535759 0.067527 0.177518
31 0.270108 0.506705 0.046819 0.165385