0 0.486945 0.376121 0.032113 0.254144
1 0.468938 0.368458 0.019508 0.219662
2 0.442377 0.357283 0.034214 0.279048
3 0.418517 0.365265 0.032713 0.242650
4 0.390606 0.348663 0.030912 0.240096
5 0.351441 0.333018 0.048619 0.231795
6 0.301170 0.305880 0.050120 0.224771
8 0.516206 0.379313 0.030012 0.257976
9 0.541116 0.389850 0.028211 0.219024
10 0.567227 0.357603 0.038415 0.282241
11 0.589736 0.377398 0.037815 0.232433
16 0.506753 0.626753 0.018307 0.143674
17 0.522209 0.642078 0.024010 0.155168
18 0.542767 0.660915 0.029712 0.205614
19 0.568727 0.627711 0.055222 0.200506
20 0.603842 0.600891 0.075030 0.192843
21 0.637155 0.560663 0.100240 0.226048
22 0.700630 0.524265 0.090336 0.183903
24 0.485894 0.627391 0.019208 0.166662
25 0.467287 0.630265 0.019208 0.191566
26 0.438625 0.668578 0.041717 0.233711
27 0.415816 0.628988 0.060924 0.212000
28 0.391507 0.606319 0.075930 0.203699
29 0.353992 0.570241 0.098139 0.205614
30 0.292017 0.526500 0.088235 0.181988