0 0.490396 0.446681 0.040216 0.222855
1 0.448830 0.445084 0.040516 0.223494
2 0.406813 0.426886 0.044718 0.261168
3 0.384454 0.454663 0.042617 0.192843
4 0.353541 0.452109 0.039616 0.201783
6 0.262905 0.449235 0.046819 0.196036
8 0.529862 0.448916 0.036915 0.214554
9 0.566026 0.436464 0.033013 0.210084
10 0.599640 0.414434 0.032413 0.249036
11 0.624850 0.444127 0.033613 0.178156
12 0.655462 0.441253 0.034214 0.191566
13 0.693127 0.438380 0.048920 0.206253
14 0.733643 0.442849 0.039316 0.189650
16 0.551921 0.664427 0.025810 0.184542
17 0.573830 0.661873 0.030612 0.213915
18 0.597239 0.672090 0.029412 0.219024
19 0.621248 0.669217 0.027011 0.206891
20 0.647059 0.667940 0.028812 0.199229
21 0.687425 0.657084 0.058523 0.166024
22 0.729592 0.650699 0.051621 0.183903
24 0.530762 0.667301 0.027911 0.196674
25 0.510504 0.679114 0.042017 0.211361
26 0.486495 0.695717 0.051621 0.202421
27 0.452131 0.698909 0.044118 0.204976
28 0.423619 0.698590 0.051321 0.197952
29 0.371248 0.686138 0.096038 0.179433
30 0.307611 0.684343 0.068452 0.199920