0 0.487185 0.407921 0.028992 0.233327
1 0.459874 0.403004 0.028151 0.221706
2 0.424790 0.368139 0.036975 0.289648
4 0.400840 0.402557 0.033613 0.172537
5 0.366387 0.373950 0.052101 0.220812
6 0.316176 0.355623 0.049160 0.227070
7 0.272899 0.345789 0.042437 0.207402
8 0.518908 0.403004 0.029412 0.248525
9 0.545378 0.392723 0.032773 0.247631
10 0.578361 0.359199 0.031513 0.296800
12 0.604412 0.381548 0.032353 0.212766
13 0.640546 0.367692 0.055042 0.219024
14 0.690546 0.366798 0.050000 0.206508
15 0.736765 0.352941 0.044118 0.203826
16 0.513445 0.647953 0.021849 0.185947
17 0.537395 0.654658 0.026891 0.201144
18 0.565756 0.681477 0.034874 0.270874
20 0.603782 0.643930 0.049580 0.201144
21 0.649370 0.638119 0.086134 0.228858
22 0.702521 0.615770 0.073109 0.218130
23 0.769538 0.559002 0.088655 0.124262
24 0.492647 0.648847 0.023950 0.193099
25 0.470798 0.655105 0.025630 0.198462
26 0.441387 0.675219 0.034874 0.261935
28 0.404202 0.634990 0.052941 0.188629
29 0.359874 0.632755 0.077731 0.223494
30 0.305882 0.608171 0.068067 0.211872
31 0.244328 0.563919 0.071849 0.125156