0 0.501681 0.496871 0.032773 0.184159
1 0.478151 0.478098 0.024370 0.185947
2 0.448109 0.457983 0.036555 0.206508
3 0.419748 0.454407 0.050420 0.188629
4 0.384664 0.449043 0.043277 0.170749
5 0.347899 0.437869 0.057983 0.168067
6 0.305042 0.427141 0.045378 0.159127
7 0.273739 0.408815 0.044958 0.143930
8 0.533403 0.499553 0.034034 0.189523
9 0.567227 0.500000 0.019328 0.176113
10 0.596849 0.482567 0.028151 0.194886
11 0.623950 0.478098 0.036134 0.185947
12 0.650000 0.479439 0.029412 0.167173
16 0.505252 0.691758 0.021429 0.171643
17 0.527311 0.699803 0.024370 0.164491
18 0.553361 0.696227 0.031933 0.160915
19 0.585714 0.703826 0.033613 0.190417
20 0.620168 0.684606 0.048739 0.168067
21 0.661555 0.656893 0.071849 0.175219
22 0.708824 0.605936 0.073950 0.143036
24 0.486345 0.689076 0.023950 0.166279
25 0.461555 0.679689 0.028992 0.149294
26 0.432353 0.687288 0.046218 0.184159
27 0.369958 0.643930 0.050840 0.152870
29 0.327941 0.618899 0.073529 0.160021
30 0.281513 0.574200 0.079832 0.126050
14 0.712992 0.442712 0.042961 0.162988