0 0.495588 0.502235 0.032353 0.210978
1 0.470588 0.488378 0.021849 0.215448
2 0.441597 0.462006 0.035294 0.255677
3 0.414706 0.470052 0.035294 0.219918
4 0.387815 0.465135 0.031092 0.195780
5 0.353151 0.452204 0.049160 0.201974
6 0.308613 0.432952 0.049160 0.165385
7 0.297899 0.324334 0.057143 0.105489
8 0.528992 0.506258 0.027731 0.176113
9 0.534244 0.506705 0.029832 0.194886
10 0.558403 0.472734 0.031933 0.244949
11 0.588445 0.494831 0.038235 0.201534
12 0.617017 0.489851 0.030672 0.195151
13 0.649790 0.465135 0.048319 0.185053
14 0.695588 0.439657 0.045798 0.177007
15 0.711555 0.336804 0.051681 0.118096
16 0.511975 0.718577 0.018067 0.175219
17 0.533193 0.715448 0.023529 0.185053
18 0.561134 0.722600 0.030672 0.208296
19 0.586975 0.725729 0.033613 0.194886
20 0.620378 0.700250 0.039916 0.160021
21 0.663866 0.673431 0.073109 0.188629
22 0.713866 0.625156 0.064706 0.168961
23 0.762815 0.609959 0.055882 0.113535
24 0.488866 0.714554 0.018908 0.160021
25 0.467647 0.710978 0.022689 0.168961
26 0.442857 0.718130 0.029412 0.197568
27 0.413235 0.695780 0.034874 0.176113
28 0.383824 0.679689 0.033193 0.179689
29 0.334874 0.651976 0.062185 0.156446
30 0.288655 0.598337 0.074790 0.167173
31 0.236975 0.586716 0.057143 0.115323