0 0.448953 0.407620 0.043824 0.196483
1 0.413749 0.406535 0.028625 0.176943
2 0.382143 0.376140 0.029592 0.222536
3 0.346939 0.385910 0.034694 0.183456
4 0.318622 0.355515 0.031122 0.207338
5 0.281633 0.343574 0.040816 0.200825
6 0.239286 0.325119 0.040816 0.185627
8 0.498120 0.399265 0.044173 0.199311
9 0.539541 0.387581 0.032143 0.210681
10 0.577806 0.370712 0.040306 0.218194
11 0.612500 0.365827 0.048469 0.204082
12 0.651020 0.335432 0.039796 0.214937
13 0.693622 0.315350 0.055612 0.211680
14 0.746939 0.289297 0.041837 0.072731
16 0.489796 0.623100 0.020408 0.171515
17 0.515816 0.606817 0.026531 0.145462
18 0.550000 0.623643 0.045918 0.194312
19 0.586224 0.612245 0.040816 0.184542
20 0.622449 0.589449 0.052041 0.188884
21 0.673724 0.551455 0.087245 0.197568
22 0.719643 0.494464 0.069898 0.174772
24 0.460714 0.607360 0.019388 0.133521
25 0.433673 0.610074 0.031633 0.151976
26 0.403316 0.636127 0.036224 0.188884
27 0.377296 0.626900 0.036224 0.189970
28 0.349745 0.607360 0.041327 0.185627
29 0.306122 0.580221 0.068367 0.187799
30 0.256122 0.522688 0.065306 0.168259