0 0.487509 0.446302 0.026888 0.195542
1 0.464175 0.434705 0.019779 0.192611
2 0.438257 0.404255 0.030799 0.243161
3 0.414048 0.396150 0.031905 0.218845
4 0.389286 0.383992 0.036667 0.212766
5 0.352619 0.373354 0.051905 0.199595
6 0.306429 0.344478 0.048095 0.208713
8 0.515238 0.433637 0.027619 0.212766
9 0.539048 0.440693 0.022857 0.200536
10 0.567857 0.416703 0.030952 0.237661
11 0.586905 0.404255 0.033810 0.216819
12 0.610238 0.391084 0.030952 0.196555
13 0.649048 0.369301 0.047619 0.197568
14 0.691667 0.344478 0.050000 0.200608
16 0.505238 0.668693 0.021905 0.168186
17 0.524048 0.661094 0.021429 0.159068
18 0.559762 0.696049 0.050952 0.194529
19 0.587381 0.669200 0.050000 0.181358
20 0.614762 0.655015 0.055238 0.185410
21 0.654048 0.631206 0.072857 0.200608
22 0.706190 0.584093 0.074286 0.185410
24 0.482619 0.644377 0.027143 0.162107
25 0.466190 0.666160 0.023810 0.159068
26 0.425952 0.692503 0.049048 0.195542
27 0.397619 0.661601 0.047619 0.174265
28 0.369524 0.646403 0.064762 0.192503
29 0.335000 0.618541 0.081429 0.187437
30 0.283810 0.570578 0.073333 0.170538
31 0.248095 0.503546 0.046667 0.176292