0 0.471667 0.381966 0.032857 0.251266
1 0.441905 0.390071 0.031429 0.220871
2 0.405714 0.355297 0.038095 0.262773
3 0.383333 0.368288 0.038095 0.227964
4 0.350476 0.390071 0.034286 0.192503
5 0.311429 0.360689 0.049524 0.222898
5 0.265238 0.345491 0.040000 0.208713
8 0.503810 0.385005 0.034286 0.228977
9 0.530476 0.382979 0.035238 0.204661
10 0.566429 0.371834 0.048095 0.257345
11 0.593571 0.391084 0.048095 0.206687
12 0.629048 0.397163 0.041905 0.192503
13 0.667619 0.376393 0.055238 0.221884
14 0.717619 0.359169 0.045714 0.199595
24 0.500714 0.629686 0.025238 0.193516
16 0.516190 0.648936 0.022857 0.181358
17 0.530714 0.642857 0.028095 0.227964
18 0.561667 0.668693 0.039524 0.251266
19 0.597857 0.662107 0.031905 0.213779
20 0.637619 0.666160 0.055238 0.213779
21 0.682857 0.641337 0.081905 0.196555
22 0.732381 0.583116 0.075238 0.183456
23 0.776667 0.560284 0.057143 0.160081
25 0.478333 0.633739 0.025238 0.211753
26 0.448571 0.663121 0.036190 0.250253
27 0.411429 0.661601 0.039048 0.216819
28 0.372143 0.653495 0.060476 0.206687
29 0.323333 0.628166 0.087619 0.210740
30 0.274048 0.597264 0.063333 0.209726
31 0.236981 0.523810 0.047296 0.139818