0 0.496476 0.400436 0.034305 0.260958
1 0.469455 0.396437 0.027256 0.234962
2 0.441259 0.343945 0.033835 0.331947
3 0.413534 0.371940 0.039474 0.229963
4 0.383459 0.355943 0.035714 0.221964
5 0.348919 0.338446 0.056861 0.206967
6 0.307566 0.292453 0.055921 0.252960
7 0.273966 0.271956 0.057331 0.247960
8 0.528430 0.417933 0.034305 0.241961
9 0.554746 0.402436 0.027726 0.242961
10 0.585761 0.377440 0.032425 0.290953
11 0.609492 0.388938 0.030075 0.241961
12 0.637688 0.379439 0.031955 0.204967
13 0.667293 0.358443 0.049812 0.222964
14 0.701833 0.324948 0.048402 0.221964
16 0.533835 0.658395 0.030075 0.196968
17 0.556156 0.669893 0.031485 0.201968
18 0.596100 0.690390 0.047462 0.254959
19 0.626410 0.662394 0.053571 0.208967
20 0.648496 0.624400 0.045113 0.174972
21 0.692904 0.611402 0.089756 0.234962
22 0.733553 0.565410 0.070489 0.216965
23 0.771382 0.519917 0.054981 0.183971
24 0.505639 0.655895 0.026316 0.199968
25 0.475564 0.667393 0.027256 0.222964
26 0.433506 0.670893 0.060620 0.241961
27 0.408835 0.628899 0.062970 0.185970
28 0.382284 0.606903 0.068139 0.185970
29 0.331532 0.588906 0.109492 0.227964
30 0.285479 0.536414 0.076598 0.206967
30 0.244596 0.485922 0.058741 0.179971