0 0.501832 0.482718 0.035714 0.232835
1 0.475275 0.483205 0.032051 0.208479
2 0.445513 0.456901 0.035714 0.237706
3 0.413004 0.457537 0.038462 0.205854
4 0.380952 0.444237 0.041209 0.204583
5 0.340201 0.415498 0.057692 0.215299
6 0.289606 0.396988 0.048077 0.209454
7 0.250687 0.380913 0.036172 0.142234
8 0.535256 0.479795 0.032967 0.244525
9 0.563874 0.498305 0.034341 0.189970
10 0.592720 0.482231 0.030678 0.220170
11 0.616071 0.488076 0.037088 0.220170
12 0.644231 0.489050 0.039377 0.206531
13 0.684524 0.459824 0.051282 0.210428
14 0.729853 0.445698 0.043040 0.189970
15 0.760837 0.430111 0.059220 0.168537
16 0.525870 0.713117 0.020604 0.153924
17 0.546474 0.713117 0.025183 0.159769
18 0.568910 0.732114 0.027015 0.219196
19 0.598901 0.735036 0.029304 0.189970
20 0.637592 0.718475 0.071886 0.156847
21 0.678114 0.702400 0.090659 0.208479
22 0.719551 0.669765 0.066392 0.189970
23 0.776215 0.623314 0.073944 0.132140
24 0.512363 0.693633 0.021062 0.169511
25 0.492216 0.703375 0.021062 0.165615
26 0.464973 0.717501 0.035256 0.203608
27 0.433837 0.714578 0.048077 0.184124
28 0.400183 0.694607 0.057692 0.175357
29 0.355769 0.668790 0.090659 0.207505
30 0.301053 0.629335 0.070055 0.181202
31 0.252518 0.566986 0.071886 0.124698