0 0.484199 0.487243 0.035498 0.206319
1 0.450108 0.483789 0.031818 0.199411
2 0.417532 0.463756 0.041126 0.227503
3 0.389177 0.472276 0.042424 0.204937
4 0.354437 0.467440 0.037879 0.199871
5 0.314069 0.451782 0.048485 0.205397
6 0.272403 0.434282 0.040476 0.180529
7 0.232468 0.436124 0.038095 0.185134
8 0.519697 0.487243 0.034632 0.210924
9 0.552489 0.485171 0.030952 0.201253
10 0.585714 0.476190 0.035498 0.225661
11 0.614177 0.482177 0.040476 0.203555
12 0.644264 0.481026 0.035281 0.204016
13 0.682684 0.476651 0.048052 0.186976
14 0.724026 0.458690 0.041126 0.154739
15 0.751407 0.342176 0.040476 0.157502
23 0.773701 0.601916 0.065152 0.116054
22 0.720455 0.633462 0.069048 0.157042
21 0.672619 0.673298 0.088528 0.182371
20 0.616883 0.698858 0.042857 0.199411
19 0.594048 0.698858 0.035714 0.204937
18 0.562771 0.692410 0.035065 0.202174
17 0.536039 0.694022 0.026623 0.182371
16 0.513203 0.671456 0.021645 0.140002
24 0.491126 0.680437 0.020779 0.155199
25 0.468506 0.689877 0.024892 0.175923
26 0.440043 0.688956 0.033333 0.163950
27 0.410065 0.700700 0.040909 0.186516
28 0.379113 0.689647 0.045671 0.177305
29 0.332684 0.668923 0.077922 0.188358
30 0.285065 0.637837 0.069697 0.171318
31 0.230736 0.624942 0.065368 0.135397