0 0.500000 0.511882 0.041558 0.239937
1 0.461364 0.499217 0.038745 0.227503
2 0.422511 0.473427 0.046320 0.248687
3 0.388853 0.485171 0.043074 0.192042
4 0.351407 0.475039 0.045238 0.173621
5 0.309307 0.471355 0.055844 0.179147
6 0.277273 0.418624 0.060606 0.184213
7 0.255195 0.324445 0.039827 0.176384
8 0.541450 0.519711 0.040476 0.227042
9 0.572727 0.498757 0.031602 0.219213
10 0.605519 0.482868 0.033550 0.234411
11 0.631277 0.489546 0.040476 0.196187
12 0.664502 0.487243 0.036364 0.168555
13 0.705303 0.463065 0.044372 0.184673
14 0.740260 0.428065 0.052381 0.200332
15 0.759740 0.334577 0.040260 0.172700
23 0.783550 0.598232 0.064069 0.118817
22 0.731061 0.644055 0.065584 0.183752
21 0.687987 0.682509 0.074675 0.186976
20 0.641558 0.718661 0.051515 0.192042
19 0.606926 0.739154 0.039827 0.206319
18 0.576515 0.748826 0.043506 0.223819
17 0.544156 0.736391 0.033766 0.198950
16 0.520022 0.732937 0.025325 0.164410
24 0.494372 0.730174 0.027273 0.167173
25 0.466450 0.733858 0.030303 0.190200
26 0.432035 0.744911 0.045455 0.219674
27 0.398268 0.732937 0.047619 0.192963
28 0.365476 0.708990 0.055195 0.190200
30 0.278788 0.638528 0.089610 0.171779
31 0.235173 0.593626 0.068615 0.160265