2 0.419838 0.507765 0.034672 0.246822
3 0.390120 0.517472 0.028415 0.188583
5 0.329901 0.503605 0.045099 0.200785
10 0.585245 0.528565 0.034932 0.245158
11 0.611966 0.534389 0.039364 0.216870
12 0.644161 0.542986 0.035975 0.203004
14 0.685740 0.519136 0.049270 0.203004
15 0.731100 0.521077 0.039885 0.169170
22 0.741006 0.710769 0.050834 0.182482
21 0.689781 0.743771 0.063608 0.194130
20 0.642857 0.758470 0.049009 0.188028
19 0.602581 0.760688 0.039364 0.188028
18 0.566345 0.772059 0.046663 0.240721
17 0.528806 0.739889 0.037278 0.204113
16 0.502868 0.734897 0.034411 0.185255
24 0.479797 0.727964 0.027894 0.174717
25 0.454771 0.737947 0.027894 0.188028
26 0.419578 0.757915 0.042492 0.229073
27 0.384906 0.749595 0.040407 0.202449
28 0.348279 0.737779 0.051616 0.191911
29 0.309176 0.717148 0.065693 0.186364
30 0.264077 0.677213 0.064129 0.176381