0 0.476939 0.523360 0.029565 0.222428
1 0.447256 0.521850 0.034059 0.208338
2 0.416864 0.516063 0.035241 0.229976
3 0.386944 0.500966 0.034059 0.207834
5 0.353122 0.479831 0.050142 0.184686
6 0.305937 0.444353 0.050851 0.212363
8 0.510052 0.525625 0.035241 0.216892
9 0.539026 0.525121 0.027436 0.206828
10 0.571783 0.507257 0.036187 0.230480
11 0.596618 0.504992 0.040918 0.217899
12 0.624645 0.500463 0.037843 0.207834
14 0.704352 0.459701 0.045885 0.189718
22 0.714640 0.642122 0.074030 0.175124
21 0.663079 0.686155 0.086329 0.180660
20 0.625000 0.710813 0.076395 0.199783
19 0.589877 0.733962 0.050615 0.207834
18 0.553217 0.738239 0.033586 0.217396
17 0.529210 0.734968 0.029565 0.182673
16 0.509342 0.731697 0.021996 0.149963
24 0.487346 0.735723 0.020577 0.148956
25 0.468307 0.728930 0.026017 0.189718
26 0.444063 0.723394 0.031930 0.230983
27 0.400662 0.718613 0.063860 0.197266
28 0.370861 0.698233 0.069063 0.181666
29 0.336802 0.661748 0.078997 0.171098
30 0.289735 0.616961 0.077105 0.153989
13 0.663299 0.494421 0.051222 0.194969