0 0.489357 0.498198 0.028855 0.214376
1 0.459910 0.480585 0.027200 0.227460
2 0.426798 0.455424 0.034295 0.271745
3 0.400781 0.456179 0.036660 0.250106
4 0.370861 0.453663 0.036897 0.239035
5 0.335147 0.433282 0.050615 0.231486
6 0.290090 0.408372 0.048486 0.219912
8 0.518448 0.503231 0.029801 0.212363
9 0.548723 0.476308 0.029328 0.228970
10 0.578524 0.466747 0.030274 0.250106
11 0.600284 0.465488 0.036897 0.230480
12 0.627602 0.454417 0.036660 0.226454
13 0.659413 0.439320 0.052034 0.208338
14 0.703524 0.402585 0.049432 0.225447
15 0.742431 0.382707 0.048250 0.217899
22 0.700922 0.611425 0.083018 0.191228
21 0.653264 0.663510 0.085620 0.216892
20 0.610099 0.691942 0.048013 0.211357
19 0.580653 0.706536 0.039735 0.223434
18 0.552034 0.718613 0.033586 0.224441
17 0.526727 0.719620 0.022233 0.202299
16 0.505203 0.710813 0.019395 0.177640
24 0.485218 0.712071 0.026254 0.188208
25 0.463931 0.720375 0.030511 0.211860
26 0.434011 0.719872 0.048250 0.226957
27 0.410714 0.712323 0.045175 0.227964
28 0.381623 0.693200 0.058893 0.203808
29 0.338103 0.668290 0.090114 0.224441
30 0.287370 0.621490 0.090823 0.204312