0 0.469048 0.436677 0.038095 0.233029
1 0.430714 0.433131 0.034762 0.223911
2 0.396905 0.412867 0.030000 0.258359
3 0.362857 0.419453 0.033333 0.216819
4 0.333600 0.407801 0.032801 0.205674
5 0.292143 0.399189 0.050000 0.198582
6 0.249762 0.359169 0.044286 0.183384
7 0.210952 0.323708 0.043810 0.187437
8 0.510238 0.431611 0.039524 0.233029
9 0.545714 0.420973 0.032381 0.207700
10 0.588333 0.381579 0.035714 0.264678
11 0.622857 0.386018 0.045714 0.224924
12 0.659762 0.372847 0.044286 0.210740
13 0.700952 0.343972 0.057143 0.217832
15 0.787143 0.286727 0.053333 0.194529
16 0.491905 0.670719 0.022857 0.186424
17 0.521905 0.676292 0.033333 0.165147
18 0.566667 0.685410 0.055238 0.209726
19 0.600000 0.654509 0.068571 0.184397
20 0.638333 0.626646 0.079524 0.173252
21 0.685714 0.593212 0.105714 0.199595
22 0.743333 0.545593 0.088571 0.185410
23 0.795238 0.477710 0.074286 0.142857
24 0.460714 0.668186 0.034762 0.163121
25 0.436905 0.680978 0.037619 0.184144
26 0.402143 0.695542 0.046190 0.193516
27 0.371429 0.679331 0.049524 0.181358
28 0.335000 0.648936 0.065238 0.177305
29 0.297381 0.616008 0.079524 0.198582
30 0.246190 0.580547 0.077143 0.204661
31 0.199048 0.512158 0.066667 0.116515
14 0.748800 0.292470 0.050420 0.254144