0 0.485144 0.463283 0.032113 0.247120
1 0.456182 0.457536 0.028812 0.244566
2 0.423319 0.434868 0.039316 0.269469
3 0.397059 0.433271 0.040216 0.225409
4 0.364346 0.422416 0.036014 0.212638
5 0.323679 0.392084 0.048920 0.246482
6 0.280312 0.368458 0.046218 0.205614
7 0.247899 0.332380 0.033013 0.171771
8 0.518758 0.453386 0.030912 0.247759
9 0.549970 0.443807 0.030912 0.237542
10 0.580582 0.389850 0.035114 0.302036
11 0.605942 0.395597 0.041417 0.239457
12 0.637605 0.389850 0.041717 0.210084
13 0.679022 0.366542 0.054322 0.228602
14 0.725990 0.345151 0.046218 0.197313
15 0.757503 0.307795 0.044418 0.178795
16 0.507803 0.684223 0.021008 0.146229
17 0.528061 0.679753 0.028511 0.143674
18 0.561224 0.715192 0.050420 0.243927
19 0.589286 0.683584 0.057323 0.217747
20 0.626651 0.656446 0.076230 0.201783
21 0.670918 0.619409 0.099940 0.214554
22 0.720138 0.578223 0.078331 0.190927
23 0.757203 0.526500 0.048619 0.173048
24 0.492497 0.676241 0.020408 0.151976
25 0.470588 0.679114 0.022209 0.166662
26 0.433824 0.721578 0.066327 0.215831
27 0.411315 0.700825 0.057323 0.201144
28 0.381002 0.689012 0.072929 0.209445
29 0.342287 0.658042 0.084334 0.224132
30 0.284364 0.609512 0.081933 0.206253
31 0.243998 0.545337 0.067827 0.178795