0 0.493036 0.517477 0.029643 0.220365
1 0.466786 0.507219 0.025000 0.199848
2 0.440714 0.486322 0.033571 0.247720
3 0.416607 0.482523 0.038929 0.202128
6 0.314286 0.432751 0.046429 0.163374
8 0.521071 0.517857 0.031429 0.216565
9 0.546429 0.503040 0.027143 0.208207
11 0.584821 0.509498 0.036071 0.174012
12 0.612321 0.493921 0.033929 0.164134
13 0.644286 0.458967 0.052857 0.189970
14 0.687321 0.430471 0.050357 0.167933
16 0.515893 0.719225 0.017500 0.166413
17 0.531607 0.715805 0.021071 0.180851
18 0.555536 0.733663 0.035357 0.222644
19 0.582679 0.719985 0.037500 0.187690
20 0.619107 0.699848 0.051786 0.170213
21 0.651964 0.660334 0.085357 0.183891
22 0.694464 0.607903 0.071071 0.170213
24 0.497143 0.722264 0.018571 0.166413
25 0.480536 0.731763 0.022500 0.173252
26 0.458036 0.732523 0.032500 0.211246
27 0.430000 0.715805 0.039286 0.193009
28 0.401964 0.689590 0.045357 0.175532
29 0.359643 0.666793 0.083571 0.189210
30 0.311250 0.619681 0.078214 0.170973
5 0.360902 0.450928 0.051692 0.207967
7 0.294643 0.346944 0.035714 0.089986
15 0.706297 0.363942 0.041353 0.103983
23 0.737077 0.574408 0.041823 0.110982
31 0.269267 0.584406 0.044173 0.106983