0 0.482143 0.454407 0.039286 0.203647
1 0.443750 0.465046 0.033214 0.177812
2 0.409821 0.466185 0.036786 0.212006
3 0.373571 0.479103 0.036429 0.208967
4 0.335893 0.486702 0.035357 0.187690
5 0.291607 0.466945 0.051071 0.210486
6 0.253214 0.429711 0.048571 0.164894
8 0.520714 0.464666 0.037143 0.189210
9 0.556607 0.467325 0.036786 0.179331
10 0.593036 0.479863 0.042500 0.205927
11 0.630179 0.492781 0.045357 0.195289
12 0.668036 0.493921 0.038214 0.186930
13 0.712679 0.477584 0.051071 0.201368
14 0.756786 0.431231 0.048571 0.157295
16 0.517679 0.669453 0.026786 0.168693
17 0.547857 0.681231 0.033571 0.170973
18 0.582143 0.704787 0.037143 0.210486
19 0.621964 0.712766 0.038214 0.218845
20 0.662500 0.705167 0.044286 0.194529
21 0.712500 0.686170 0.064286 0.188450
22 0.767857 0.647416 0.060000 0.182371
24 0.488214 0.673252 0.026429 0.173252
25 0.459286 0.674772 0.031429 0.177812
26 0.426071 0.690729 0.037143 0.188450
27 0.386964 0.701748 0.041071 0.205927
28 0.345536 0.701368 0.048929 0.205167
29 0.296607 0.680851 0.066786 0.185410
30 0.243750 0.635258 0.056786 0.176292
23 0.814615 0.638398 0.043703 0.116981
31 0.200188 0.634398 0.038534 0.110982