0 0.471805 0.507919 0.029135 0.211966
1 0.438910 0.499920 0.030075 0.201968
2 0.408130 0.463426 0.031485 0.246960
3 0.381109 0.474924 0.031955 0.201968
4 0.351504 0.444929 0.030075 0.221964
5 0.314615 0.431931 0.044643 0.213966
6 0.277021 0.395937 0.042763 0.211966
7 0.241541 0.365442 0.044173 0.196968
8 0.509633 0.511918 0.032425 0.211966
9 0.538299 0.502920 0.031485 0.211966
10 0.569314 0.460426 0.034305 0.274956
11 0.598919 0.477924 0.036184 0.193969
12 0.632049 0.467425 0.032895 0.186970
13 0.670583 0.443929 0.050752 0.193969
14 0.717575 0.403435 0.043233 0.206967
15 0.750705 0.357443 0.047462 0.210966
16 0.512218 0.710886 0.018797 0.147976
17 0.535479 0.720385 0.023966 0.172972
18 0.570254 0.739882 0.044643 0.217965
19 0.597039 0.699888 0.038064 0.175972
20 0.626175 0.683891 0.048402 0.179971
21 0.673402 0.654395 0.085526 0.178971
22 0.720395 0.614902 0.078947 0.163974
23 0.762453 0.542913 0.071898 0.133979
24 0.492951 0.706887 0.022556 0.147976
25 0.465930 0.718885 0.025846 0.169973
26 0.429746 0.737882 0.054041 0.213966
27 0.406250 0.701388 0.038064 0.168973
28 0.375940 0.693389 0.048872 0.180971
29 0.335996 0.665394 0.084586 0.186970
30 0.283130 0.624900 0.082237 0.179971
31 0.242246 0.554411 0.074718 0.144977