0 0.499286 0.254179 0.022143 0.146657
1 0.484107 0.249240 0.013929 0.098784
2 0.467143 0.226444 0.016429 0.179331
3 0.450000 0.270137 0.025714 0.221125
4 0.431429 0.259119 0.026429 0.206687
5 0.403571 0.223404 0.034286 0.237082
6 0.370714 0.223024 0.034286 0.195289
8 0.525000 0.294833 0.023571 0.243161
9 0.541786 0.275076 0.019286 0.235562
11 0.566786 0.277736 0.025714 0.239362
12 0.582500 0.270897 0.026429 0.228723
13 0.608750 0.251900 0.041071 0.243921
14 0.647500 0.241261 0.047857 0.231763
16 0.495536 0.498100 0.019643 0.199848
17 0.504107 0.530775 0.019643 0.195289
18 0.522500 0.574468 0.020000 0.258359
19 0.541786 0.573708 0.025714 0.197568
20 0.562321 0.556991 0.038214 0.182371
21 0.600714 0.542553 0.075000 0.241641
22 0.640893 0.495061 0.081786 0.198328
24 0.481429 0.498860 0.017857 0.228723
25 0.469464 0.501900 0.017500 0.205927
26 0.447500 0.568389 0.033571 0.256839
27 0.431071 0.539134 0.030000 0.208967
28 0.411071 0.521277 0.030714 0.182371
29 0.377679 0.498860 0.061071 0.230243
30 0.339464 0.452888 0.065357 0.189970
15 0.683756 0.243439 0.031106 0.088244