0 0.505179 0.492781 0.031786 0.192249
1 0.476429 0.488222 0.027143 0.186170
2 0.444107 0.468465 0.034643 0.230243
3 0.420893 0.479103 0.043929 0.169453
4 0.387321 0.451748 0.032500 0.193769
5 0.350714 0.442249 0.044286 0.197568
6 0.308214 0.442249 0.037857 0.168693
7 0.270357 0.406535 0.039286 0.177812
8 0.533214 0.492781 0.030714 0.199848
9 0.560536 0.492781 0.029643 0.190729
10 0.590357 0.476064 0.029286 0.204407
11 0.615536 0.471125 0.036071 0.199088
12 0.643393 0.468085 0.036071 0.186930
13 0.678750 0.453267 0.048214 0.202888
14 0.720000 0.425152 0.042857 0.216565
16 0.509107 0.687310 0.021786 0.146657
17 0.524464 0.689590 0.022500 0.157295
18 0.549107 0.697948 0.028929 0.186170
19 0.580000 0.700228 0.042857 0.184650
20 0.609821 0.685030 0.048214 0.175532
21 0.648571 0.668313 0.074286 0.184650
22 0.705893 0.631839 0.074643 0.160334
24 0.491786 0.677812 0.020714 0.144377
25 0.471429 0.678571 0.028571 0.162614
26 0.446250 0.691489 0.038214 0.188450
27 0.415893 0.677052 0.044643 0.167173
28 0.390893 0.667933 0.050357 0.174772
29 0.355357 0.641717 0.070714 0.190729
31 0.256429 0.564590 0.075714 0.112462