0 0.493393 0.479863 0.031071 0.199848
1 0.464821 0.489742 0.021071 0.167933
2 0.437500 0.471505 0.030000 0.192249
3 0.409107 0.473784 0.036786 0.190729
4 0.378929 0.462766 0.035000 0.191489
5 0.340714 0.446049 0.047857 0.209726
6 0.293393 0.431611 0.043214 0.206687
7 0.256429 0.416413 0.044286 0.189970
8 0.524286 0.488982 0.030714 0.186170
9 0.553036 0.488222 0.024643 0.169453
10 0.582143 0.493161 0.027857 0.189970
11 0.607500 0.495061 0.034286 0.187690
12 0.634643 0.491641 0.033571 0.180851
13 0.667857 0.483663 0.043571 0.186170
14 0.710714 0.474164 0.042857 0.189970
15 0.747857 0.452888 0.040000 0.165653
16 0.509107 0.689970 0.019643 0.189970
17 0.530000 0.682371 0.021429 0.179331
18 0.553036 0.694529 0.025357 0.208207
19 0.580536 0.696049 0.028929 0.194529
20 0.609107 0.689970 0.028214 0.176292
21 0.651964 0.687690 0.058929 0.194529
22 0.696250 0.664134 0.056786 0.176292
23 0.749286 0.615881 0.062143 0.170973
24 0.490893 0.682751 0.018214 0.178571
25 0.470536 0.677812 0.022500 0.196049
26 0.443750 0.684271 0.031786 0.212006
27 0.418036 0.674012 0.035357 0.196049
28 0.388750 0.667553 0.041786 0.193769
29 0.347500 0.651596 0.070714 0.187690
30 0.296429 0.625380 0.067143 0.173252
31 0.245893 0.586626 0.067500 0.174772