14 0.694571 0.418845 0.046857 0.186018
13 0.654143 0.437386 0.045429 0.179331
12 0.620000 0.433435 0.026286 0.098480
10 0.568143 0.410334 0.035143 0.229787
9 0.536000 0.424924 0.026857 0.190881
8 0.508714 0.434347 0.032857 0.190274
0 0.476143 0.432523 0.032286 0.201216
1 0.449000 0.416109 0.029429 0.182979
2 0.418286 0.410030 0.033714 0.244985
23 0.752825 0.591164 0.062921 0.109987
22 0.694308 0.608758 0.064955 0.177622
21 0.641518 0.627992 0.064732 0.177147
20 0.596094 0.629417 0.052009 0.172397
19 0.573438 0.627755 0.032143 0.167173
18 0.550670 0.647701 0.034375 0.205167
17 0.525670 0.629417 0.018304 0.169548
16 0.508371 0.631316 0.017188 0.154350
24 0.490513 0.622530 0.019420 0.146277
25 0.472098 0.636557 0.025893 0.168564
26 0.449663 0.631238 0.029246 0.184285
27 0.422666 0.633648 0.033183 0.180729
28 0.405793 0.647692 0.060180 0.190867
29 0.357424 0.639016 0.074803 0.186679
30 0.303431 0.604313 0.071991 0.179499
31 0.239173 0.608202 0.063836 0.117871
4 0.390182 0.454939 0.031222 0.173099
5 0.353346 0.434088 0.053712 0.201637
6 0.302025 0.435883 0.049494 0.166934
11 0.587857 0.429787 0.042571 0.206687