14 0.673880 0.307455 0.048729 0.198985
13 0.619249 0.323876 0.058717 0.197053
12 0.581265 0.334823 0.045702 0.203493
11 0.559776 0.320012 0.048729 0.240843
10 0.537379 0.326130 0.029964 0.267245
9 0.512409 0.351244 0.023002 0.229895
8 0.492131 0.362192 0.023608 0.237623
0 0.468826 0.358650 0.030266 0.235691
1 0.441435 0.358006 0.026332 0.217660
2 0.417676 0.319368 0.023002 0.264026
22 0.693967 0.532170 0.081719 0.160347
21 0.638166 0.571158 0.105024 0.197053
20 0.591340 0.604540 0.064475 0.189633
19 0.554994 0.621688 0.041719 0.217204
18 0.520070 0.627068 0.033186 0.226619
17 0.498104 0.605213 0.020860 0.189633
16 0.484513 0.619335 0.027813 0.180219
24 0.470553 0.597838 0.022942 0.179150
25 0.446783 0.597083 0.032167 0.195757
26 0.422658 0.642877 0.048250 0.221925
27 0.399243 0.616709 0.043519 0.201796
28 0.372128 0.609996 0.050949 0.195549
29 0.334291 0.586616 0.071179 0.185984
3 0.397764 0.333233 0.029444 0.219843
4 0.372546 0.339613 0.024809 0.202441
5 0.342012 0.339323 0.037350 0.196060
6 0.301390 0.325982 0.038986 0.201861
7 0.268640 0.315283 0.029762 0.142644
30 0.284931 0.546579 0.072995 0.163974
31 0.251723 0.499920 0.057957 0.161308