0 0.478501 0.445679 0.031250 0.232463
1 0.449131 0.446179 0.030310 0.207467
2 0.417293 0.432181 0.034774 0.252460
3 0.391095 0.448928 0.028900 0.219965
4 0.363722 0.441679 0.027726 0.221465
5 0.328360 0.419183 0.044408 0.241461
8 0.513158 0.443929 0.037594 0.235962
9 0.542646 0.458677 0.036419 0.204467
10 0.574836 0.440180 0.045818 0.246461
11 0.601739 0.455677 0.038064 0.230463
12 0.629817 0.457677 0.035009 0.213466
7 0.286137 0.413662 0.043111 0.224816
31 0.237743 0.573731 0.057481 0.171760
30 0.276871 0.623390 0.069388 0.177305
29 0.320833 0.667173 0.069558 0.209871
28 0.362330 0.677486 0.042347 0.182009
27 0.388265 0.701368 0.038095 0.213128
26 0.417738 0.712259 0.039286 0.236069
25 0.449167 0.680091 0.025000 0.196049
24 0.471548 0.671226 0.020238 0.178318
16 0.493214 0.671226 0.022143 0.162107
17 0.517619 0.688956 0.022857 0.193516
18 0.551429 0.714539 0.037619 0.249747
19 0.583810 0.701621 0.047619 0.210740
20 0.614524 0.688450 0.045714 0.189463
21 0.657381 0.680091 0.078571 0.215299
13 0.664835 0.444237 0.046492 0.220320
14 0.709531 0.480207 0.045013 0.199637