23 0.790862 0.538678 0.082368 0.127331
22 0.747426 0.630754 0.077864 0.177305
21 0.699324 0.683808 0.095560 0.197158
20 0.648970 0.718037 0.070785 0.188943
19 0.613095 0.728648 0.052445 0.190996
18 0.576577 0.753293 0.051480 0.184151
17 0.539093 0.716668 0.031853 0.176620
16 0.514801 0.718379 0.027671 0.162244
24 0.487613 0.707084 0.031853 0.151976
25 0.464768 0.710165 0.031210 0.169090
26 0.426158 0.731044 0.047941 0.205373
14 0.737591 0.401473 0.047215 0.200273
13 0.693099 0.429486 0.050847 0.212508
12 0.651332 0.450093 0.044189 0.220236
11 0.617433 0.462650 0.038136 0.210576
10 0.580660 0.450737 0.037228 0.260162
9 0.549788 0.476173 0.036017 0.233759
8 0.515738 0.475207 0.035714 0.244707
0 0.483051 0.473597 0.033898 0.255654
1 0.448093 0.475207 0.035412 0.233115
2 0.415557 0.448805 0.034504 0.245995
3 0.384383 0.459752 0.040557 0.209933
4 0.351722 0.439278 0.042092 0.217787
5 0.310587 0.418245 0.051658 0.219144
6 0.265147 0.391446 0.044324 0.202182
27 0.392741 0.720069 0.038265 0.187009
28 0.350417 0.708226 0.068182 0.192930
29 0.306149 0.671560 0.090206 0.206029
30 0.254971 0.613590 0.079897 0.176260
31 0.218704 0.547003 0.063328 0.155893