23 0.764429 0.598176 0.071143 0.110638
22 0.709429 0.636170 0.073143 0.176900
21 0.654571 0.679331 0.078286 0.180547
20 0.605857 0.710334 0.050000 0.187842
19 0.577286 0.713982 0.050571 0.181763
18 0.544571 0.731307 0.033714 0.205471
17 0.517857 0.720061 0.023714 0.151368
16 0.496000 0.719757 0.020571 0.148328
24 0.475714 0.717325 0.020571 0.155623
25 0.454429 0.726444 0.023143 0.159271
26 0.425286 0.736778 0.030000 0.196960
15 0.744255 0.440729 0.040062 0.179728
14 0.701863 0.457909 0.048447 0.183692
13 0.654193 0.475750 0.053106 0.199551
12 0.616770 0.486653 0.036025 0.206819
11 0.585559 0.493260 0.039441 0.217391
10 0.556056 0.489956 0.038820 0.227964
9 0.524845 0.526629 0.029193 0.162548
8 0.497826 0.532906 0.033540 0.196247
0 0.462733 0.534888 0.032298 0.206819
1 0.434006 0.536223 0.028882 0.157949
2 0.407234 0.507728 0.028753 0.237623
3 0.380297 0.526081 0.032385 0.184174
4 0.354419 0.508372 0.032082 0.208001
5 0.319915 0.491950 0.046610 0.203493
6 0.275510 0.476932 0.042730 0.187256
7 0.234375 0.456578 0.043367 0.162831
27 0.397003 0.726267 0.033163 0.179793
28 0.371652 0.723214 0.041135 0.194040
29 0.329241 0.690648 0.069196 0.179114
30 0.280293 0.664527 0.063776 0.181150
31 0.226084 0.622463 0.065689 0.113303