8 0.521739 0.428968 0.029503 0.235397
9 0.549689 0.438582 0.028986 0.198780
10 0.579322 0.409674 0.031315 0.242280
11 0.607790 0.431699 0.038561 0.177305
12 0.638587 0.428671 0.034938 0.171248
13 0.673525 0.417933 0.042702 0.176204
14 0.711180 0.378838 0.044513 0.162988
15 0.739648 0.388474 0.028468 0.098564
0 0.488872 0.430322 0.035714 0.231818
1 0.457816 0.428946 0.030538 0.219153
3 0.399457 0.400037 0.042702 0.220805
4 0.368112 0.405178 0.038776 0.181828
5 0.328061 0.386181 0.046429 0.186170
6 0.284056 0.363385 0.043622 0.163374
24 0.493314 0.652156 0.021496 0.176465
25 0.470295 0.649095 0.022850 0.189790
26 0.442366 0.660259 0.033345 0.217880
27 0.414015 0.659178 0.042654 0.205635
28 0.380332 0.658098 0.044008 0.230845
16 0.516334 0.647654 0.019465 0.180426
17 0.535799 0.657918 0.021158 0.185108
18 0.566181 0.679166 0.038930 0.236247
29 0.332922 0.627910 0.074658 0.214625
30 0.285999 0.569505 0.066299 0.193203
19 0.593810 0.679078 0.038095 0.198075
20 0.629048 0.681358 0.056190 0.223911
21 0.671786 0.651469 0.075476 0.199595
22 0.716071 0.593972 0.067857 0.174772