0 0.491625 0.426675 0.035082 0.226619
1 0.461441 0.415580 0.029709 0.216532
2 0.427781 0.391707 0.038243 0.245447
3 0.399336 0.409864 0.040139 0.203755
4 0.366625 0.410200 0.039823 0.188288
5 0.329330 0.391371 0.052465 0.195013
6 0.281290 0.375904 0.044248 0.184254
7 0.250948 0.282433 0.046776 0.178874
8 0.526075 0.433736 0.038243 0.224601
9 0.554836 0.438443 0.030657 0.204427
10 0.588338 0.414907 0.035714 0.236705
11 0.613780 0.416924 0.036662 0.216532
12 0.642225 0.414235 0.032870 0.204427
13 0.678571 0.406213 0.044402 0.214272
15 0.750322 0.275459 0.041828 0.190996
24 0.495914 0.642316 0.021489 0.177090
25 0.475182 0.644570 0.023002 0.194477
26 0.441132 0.653264 0.044492 0.229895
27 0.418130 0.644570 0.048123 0.235691
28 0.381810 0.624607 0.058414 0.202205
29 0.341253 0.602712 0.080206 0.189326
30 0.286622 0.572446 0.067797 0.185462
31 0.226429 0.590578 0.064286 0.144073
16 0.515056 0.643165 0.020775 0.174822
17 0.537115 0.654588 0.024743 0.196674
18 0.566877 0.660051 0.047852 0.229453
19 0.594655 0.645152 0.042250 0.211574
20 0.628501 0.639688 0.059524 0.199654
21 0.668417 0.614856 0.078198 0.190715
22 0.719071 0.587292 0.061391 0.177305
23 0.770658 0.607654 0.065126 0.161412