0 0.500587 0.496421 0.033130 0.174972
1 0.470630 0.495171 0.032425 0.182471
2 0.433271 0.473460 0.040883 0.236890
3 0.399671 0.474924 0.042763 0.190969
8 0.535714 0.494671 0.034774 0.193469
9 0.569196 0.499920 0.034070 0.191969
10 0.604441 0.472174 0.035479 0.241461
11 0.634986 0.479173 0.040648 0.200468
12 0.664826 0.453427 0.040179 0.187970
4 0.365418 0.450886 0.044425 0.179158
5 0.317218 0.420614 0.051394 0.201399
6 0.283391 0.372427 0.049361 0.177923
7 0.277778 0.269439 0.044567 0.105214
16 0.503316 0.690675 0.023980 0.162288
17 0.529082 0.704244 0.027041 0.178571
18 0.558036 0.723784 0.035969 0.210052
19 0.593367 0.715914 0.037755 0.181285
20 0.634821 0.698003 0.051786 0.181285
21 0.681888 0.669236 0.072959 0.191055
22 0.731250 0.602746 0.066071 0.156861
23 0.778189 0.579407 0.046684 0.117781
13 0.706760 0.436930 0.046684 0.189970
14 0.736480 0.386995 0.050000 0.162831
15 0.746108 0.283980 0.043498 0.108137
24 0.476190 0.694312 0.026531 0.174410
26 0.445068 0.708424 0.035034 0.193950
27 0.408673 0.704805 0.041837 0.193950
28 0.370748 0.678752 0.057143 0.169344
29 0.322959 0.650890 0.078571 0.190331
30 0.278380 0.586504 0.069515 0.168937
31 0.234375 0.554277 0.045918 0.109911