0 0.486477 0.516422 0.030513 0.196240
1 0.457004 0.511258 0.028433 0.205093
2 0.425451 0.485806 0.036061 0.236816
6 0.292476 0.444116 0.040569 0.219848
8 0.515430 0.510520 0.029473 0.194765
9 0.543343 0.505725 0.031900 0.210258
10 0.575069 0.481379 0.037101 0.247145
24 0.485784 0.711556 0.018724 0.140909
25 0.464599 0.722551 0.021930 0.159974
26 0.436090 0.731883 0.032581 0.190636
27 0.406015 0.723218 0.036341 0.191969
28 0.374217 0.701888 0.044799 0.175972
29 0.328008 0.679225 0.080201 0.165307
16 0.506579 0.705887 0.021930 0.147976
17 0.527099 0.705554 0.021617 0.164640
18 0.555608 0.713552 0.037907 0.200635
19 0.587093 0.700888 0.038847 0.191303
20 0.624373 0.689890 0.048872 0.183971
30 0.283673 0.635041 0.069388 0.158489
31 0.241327 0.575879 0.065816 0.172601
13 0.669707 0.473694 0.046506 0.211563
23 0.735226 0.574829 0.090185 0.136122