24 0.498775 0.612373 0.021359 0.198164
25 0.476190 0.614266 0.025210 0.203442
26 0.447304 0.636584 0.033964 0.257018
27 0.415266 0.630625 0.041317 0.237648
28 0.384454 0.619077 0.048319 0.236903
29 0.342262 0.584063 0.073179 0.205614
30 0.294468 0.543835 0.070728 0.186245
31 0.253906 0.480409 0.061384 0.144852
0 0.486111 0.379199 0.028999 0.228613
1 0.458028 0.377250 0.027778 0.214325
2 0.428266 0.354844 0.035409 0.292910
3 0.395452 0.364261 0.030220 0.236407
4 0.366148 0.367184 0.028999 0.225366
5 0.331960 0.347198 0.044872 0.239004
6 0.288614 0.326917 0.043651 0.230561
7 0.251374 0.266191 0.058303 0.102616
8 0.517399 0.374653 0.030525 0.222118
9 0.546703 0.369782 0.031136 0.216273
10 0.577381 0.336009 0.038767 0.286416
11 0.607143 0.382121 0.040293 0.186398
12 0.638126 0.350947 0.032051 0.222768
13 0.672184 0.339684 0.046458 0.212519
14 0.711237 0.307868 0.049071 0.234141
16 0.520035 0.613055 0.022067 0.189661
17 0.542393 0.611511 0.024971 0.211283
18 0.571138 0.637149 0.031359 0.274915
19 0.605401 0.632515 0.038328 0.257000
20 0.638066 0.612746 0.053717 0.248351
21 0.680604 0.571354 0.079559 0.203870
22 0.724013 0.527800 0.082172 0.189661
23 0.759727 0.476833 0.060105 0.155682