8 0.513286 0.486018 0.027143 0.202432
9 0.539857 0.475380 0.024286 0.187234
10 0.567571 0.453191 0.037429 0.225532
11 0.597143 0.459574 0.041714 0.184802
13 0.669571 0.430395 0.048286 0.206687
14 0.714714 0.420061 0.040286 0.190881
16 0.512000 0.688754 0.020571 0.175076
17 0.531857 0.698480 0.022571 0.188450
18 0.558714 0.711854 0.030571 0.222492
19 0.585429 0.691489 0.034857 0.206079
20 0.622857 0.682675 0.053143 0.209119
21 0.665143 0.657751 0.073143 0.207903
22 0.713000 0.622796 0.067143 0.190274
0 0.479167 0.483195 0.028388 0.212376
1 0.449519 0.482708 0.027244 0.192892
2 0.420330 0.467851 0.035714 0.225528
3 0.390911 0.472722 0.038233 0.199225
4 0.359661 0.458353 0.038004 0.199712
5 0.324176 0.443253 0.048077 0.194841
6 0.278503 0.420846 0.043269 0.180228
24 0.490728 0.687291 0.025870 0.172434
25 0.473443 0.691918 0.022436 0.190457
26 0.443223 0.707262 0.039835 0.220170
27 0.414377 0.694354 0.049908 0.198250
28 0.381983 0.687291 0.067537 0.208479
29 0.342262 0.648810 0.086081 0.179253
30 0.291552 0.616174 0.073489 0.179253
12 0.629902 0.417561 0.032213 0.160170