8 0.527023 0.390362 0.033818 0.226619
9 0.556574 0.388009 0.034134 0.217877
10 0.590392 0.351023 0.032870 0.260914
11 0.623262 0.364473 0.034766 0.219222
13 0.678571 0.346989 0.053097 0.212497
14 0.727954 0.333483 0.043210 0.231716
0 0.490563 0.392505 0.037456 0.229199
1 0.462779 0.383635 0.027294 0.206341
2 0.427265 0.362542 0.038618 0.258235
3 0.395062 0.383856 0.032811 0.221786
4 0.363109 0.386018 0.035714 0.206341
5 0.322009 0.389445 0.056330 0.189661
6 0.275379 0.374977 0.047619 0.183800
24 0.488248 0.613982 0.023504 0.169511
25 0.461538 0.626646 0.027473 0.203933
26 0.433259 0.643208 0.036325 0.230561
27 0.396215 0.638986 0.035409 0.228613
28 0.360806 0.628920 0.043346 0.218871
29 0.309698 0.611709 0.072039 0.187047
30 0.267814 0.571117 0.061355 0.188995
31 0.210383 0.557942 0.068681 0.135739
16 0.514524 0.619554 0.029048 0.180344
17 0.535952 0.618288 0.026667 0.191996
18 0.571905 0.631712 0.043333 0.238095
19 0.608333 0.610942 0.050952 0.211753
20 0.645238 0.592604 0.046190 0.197568
21 0.690952 0.579281 0.073810 0.206180
22 0.743605 0.551418 0.061429 0.188956
23 0.790119 0.530648 0.050714 0.140324