8 0.511694 0.424994 0.032238 0.203083
9 0.542193 0.419278 0.027497 0.206445
10 0.575221 0.385655 0.034766 0.268311
11 0.602244 0.415580 0.032554 0.197703
12 0.631637 0.413562 0.034450 0.199048
13 0.670196 0.434745 0.050885 0.192996
14 0.718710 0.439788 0.042351 0.178874
0 0.478192 0.423649 0.032870 0.205772
1 0.452276 0.409864 0.033502 0.237378
2 0.424305 0.372878 0.036346 0.273691
3 0.400442 0.411881 0.030973 0.182236
4 0.369785 0.393725 0.037295 0.203755
5 0.331154 0.405156 0.048817 0.202410
16 0.524292 0.642049 0.022844 0.187574
17 0.546976 0.653687 0.023810 0.176620
18 0.579955 0.660533 0.036358 0.219064
19 0.606499 0.642392 0.041828 0.219749
20 0.634974 0.629385 0.040219 0.201950
24 0.502795 0.638628 0.025466 0.184353
25 0.478416 0.651844 0.027019 0.189639
26 0.445963 0.658782 0.036025 0.220695
27 0.416770 0.629378 0.036025 0.200211
28 0.387578 0.617153 0.035404 0.170477
30 0.280590 0.575195 0.086646 0.175102
31 0.240839 0.519691 0.072981 0.161887
6 0.288085 0.382965 0.047724 0.187616
21 0.672250 0.628076 0.028445 0.057831