0 0.478350 0.499301 0.032554 0.233343
1 0.447061 0.494593 0.033818 0.225274
2 0.422408 0.462315 0.033186 0.221239
3 0.404551 0.476773 0.028445 0.220566
4 0.381953 0.452901 0.035082 0.226619
5 0.344501 0.422977 0.053729 0.228636
6 0.299779 0.383638 0.052781 0.207790
7 0.276075 0.307650 0.031922 0.123060
8 0.510272 0.497956 0.032554 0.241413
9 0.540929 0.497283 0.030657 0.211825
10 0.568742 0.474756 0.031290 0.238050
11 0.591182 0.454582 0.043300 0.247465
12 0.614886 0.452901 0.042035 0.206445
13 0.661188 0.416252 0.053097 0.219222
14 0.705278 0.385655 0.050885 0.199720
24 0.474874 0.716505 0.024968 0.148613
25 0.453698 0.718186 0.036979 0.170805
26 0.421302 0.741722 0.052465 0.156010
27 0.390803 0.729954 0.057206 0.190306
28 0.367257 0.708435 0.063211 0.203755
29 0.319532 0.666743 0.089760 0.197030
30 0.271792 0.600780 0.075061 0.188038
31 0.223668 0.580496 0.050847 0.111406
16 0.500757 0.715084 0.025726 0.152620
17 0.527391 0.721524 0.025121 0.155196
18 0.558565 0.722812 0.039044 0.180954
19 0.593220 0.725710 0.046610 0.193189
20 0.633929 0.700595 0.066283 0.184174
21 0.676301 0.662923 0.091707 0.195121
22 0.729873 0.596595 0.082627 0.180954
23 0.772851 0.553771 0.056598 0.118490
15 0.728666 0.314711 0.030657 0.125077