8 0.521147 0.503169 0.028665 0.204467
9 0.550517 0.498420 0.025846 0.188970
10 0.587289 0.465176 0.031250 0.254459
11 0.613369 0.474174 0.034070 0.206467
12 0.640273 0.456677 0.034305 0.227464
13 0.675752 0.456677 0.045583 0.204467
14 0.716283 0.442679 0.042528 0.201468
16 0.519032 0.718135 0.024906 0.161474
17 0.540766 0.704637 0.026551 0.160474
18 0.568961 0.718385 0.038769 0.204967
19 0.598919 0.709886 0.036654 0.199968
20 0.635221 0.698138 0.056156 0.206467
21 0.674930 0.676892 0.069784 0.173972
22 0.727561 0.644897 0.071664 0.183971
0 0.486902 0.500589 0.032498 0.201456
1 0.455288 0.497349 0.028516 0.198511
2 0.422065 0.470253 0.035714 0.250348
3 0.395349 0.493520 0.037099 0.196744
4 0.367940 0.489692 0.035437 0.183195
5 0.330565 0.467897 0.049280 0.196155
6 0.287237 0.455232 0.041805 0.207347
7 0.254014 0.442862 0.036268 0.182606
24 0.494463 0.698805 0.021595 0.141962
25 0.472730 0.706463 0.025194 0.166702
26 0.442829 0.714710 0.031285 0.194977
27 0.411683 0.722368 0.033223 0.213826
28 0.375138 0.711176 0.058140 0.212648
29 0.330426 0.682901 0.080565 0.187908
30 0.279762 0.661106 0.073920 0.186730
31 0.232671 0.608577 0.065934 0.157821