0 0.480851 0.497670 0.029370 0.211466
1 0.451128 0.487172 0.031955 0.207467
2 0.423520 0.463176 0.035009 0.252460
3 0.398026 0.465426 0.030075 0.220965
4 0.368773 0.459926 0.034070 0.175972
5 0.338698 0.436680 0.042998 0.192469
6 0.301809 0.409185 0.044878 0.185470
24 0.493610 0.698909 0.023985 0.173208
25 0.471639 0.704869 0.023109 0.168738
26 0.447129 0.711946 0.032213 0.208967
27 0.420168 0.692763 0.035014 0.179540
28 0.386204 0.683451 0.050070 0.183265
29 0.347514 0.649927 0.073529 0.180285
30 0.289496 0.586894 0.083613 0.133202
8 0.510842 0.493668 0.031888 0.213037
9 0.539647 0.485300 0.026573 0.208967
10 0.568452 0.455674 0.031037 0.244699
11 0.593112 0.456126 0.034864 0.219370
12 0.623724 0.449568 0.034864 0.196302
16 0.512755 0.698111 0.021259 0.169616
17 0.531781 0.693814 0.022321 0.168259
18 0.563457 0.700599 0.041879 0.198111
19 0.591730 0.684090 0.044005 0.166902
20 0.622768 0.678662 0.042304 0.159665
21 0.662730 0.642988 0.057412 0.154427
22 0.708717 0.573945 0.081797 0.141354
13 0.654474 0.432796 0.044739 0.176079
14 0.691628 0.398479 0.052227 0.173628