24 0.501509 0.655186 0.022133 0.164284
25 0.490568 0.652243 0.018360 0.194786
26 0.467304 0.669902 0.027163 0.236526
27 0.436242 0.664819 0.040493 0.199602
28 0.407948 0.642076 0.044769 0.176591
16 0.515845 0.652511 0.014588 0.131106
17 0.521756 0.655186 0.017857 0.192110
18 0.542882 0.682210 0.024396 0.227964
19 0.570548 0.677662 0.032445 0.193180
20 0.599346 0.654651 0.032193 0.180337
21 0.640845 0.635922 0.072938 0.206023
22 0.686249 0.592118 0.069186 0.205571
15 0.681850 0.287065 0.046929 0.153444
14 0.660024 0.365806 0.046066 0.198596
13 0.624827 0.390585 0.044341 0.218052
12 0.597050 0.417750 0.029158 0.187216
11 0.570393 0.416465 0.034852 0.220622
10 0.555780 0.412982 0.028610 0.234500
9 0.532642 0.422582 0.019969 0.211214
8 0.517089 0.434021 0.021505 0.217750
0 0.497024 0.433409 0.023233 0.220610
1 0.477343 0.425442 0.019585 0.210396
2 0.455453 0.409509 0.028802 0.247165
3 0.435004 0.393168 0.035522 0.234092
4 0.409850 0.393168 0.031298 0.187518
5 0.381720 0.362323 0.047235 0.216524
6 0.346353 0.331573 0.047352 0.191928
7 0.329545 0.254501 0.063686 0.148787
29 0.365260 0.612653 0.082168 0.200863
30 0.320055 0.545965 0.079670 0.180139
31 0.273851 0.501594 0.062687 0.120093
23 0.732820 0.549158 0.061442 0.127487