0 0.492107 0.419310 0.030797 0.198780
1 0.465192 0.419310 0.027692 0.188868
2 0.438147 0.412151 0.036232 0.219704
3 0.408773 0.417933 0.035973 0.211444
4 0.380564 0.422063 0.034420 0.198780
8 0.522257 0.419860 0.032091 0.197679
9 0.549819 0.423439 0.025621 0.181710
10 0.577899 0.414354 0.034679 0.218603
11 0.605072 0.429221 0.032609 0.198780
12 0.631988 0.414079 0.035714 0.216951
13 0.667961 0.430047 0.055383 0.183913
16 0.510999 0.624147 0.018892 0.181159
17 0.530021 0.639840 0.017598 0.208141
18 0.554089 0.660489 0.031573 0.236223
19 0.579710 0.640390 0.028986 0.190520
20 0.604425 0.651678 0.035455 0.215299
21 0.642987 0.628276 0.068064 0.178406
22 0.686450 0.618172 0.075105 0.171531
23 0.734638 0.570680 0.070116 0.153652
15 0.712710 0.422615 0.053046 0.191646
5 0.347844 0.412538 0.054945 0.193791
6 0.300085 0.444237 0.054945 0.210428
24 0.493977 0.626562 0.018385 0.186597
25 0.474641 0.638028 0.021555 0.207730
26 0.453402 0.638253 0.027261 0.219870
27 0.427726 0.624089 0.031699 0.188846
28 0.401944 0.642524 0.041420 0.222118
29 0.362109 0.619368 0.069949 0.189295