0 0.474672 0.399712 0.036443 0.207803
1 0.439687 0.383622 0.033163 0.186480
2 0.403972 0.365401 0.039359 0.277201
3 0.376184 0.385948 0.033345 0.216720
4 0.345299 0.377613 0.029883 0.200825
5 0.306942 0.359004 0.047194 0.188419
24 0.490980 0.620115 0.023506 0.188807
25 0.465652 0.633490 0.025692 0.203151
26 0.431942 0.647060 0.041727 0.248899
27 0.401330 0.636786 0.038448 0.216720
28 0.368349 0.609841 0.049016 0.169034
29 0.323797 0.591232 0.080175 0.204702
30 0.270372 0.525954 0.073944 0.187294
16 0.513138 0.619844 0.022704 0.188884
17 0.538010 0.624729 0.025000 0.196483
18 0.565944 0.636127 0.035459 0.256188
19 0.598214 0.635041 0.031633 0.220365
20 0.632908 0.626628 0.047959 0.207881
21 0.679464 0.592977 0.075255 0.205710
22 0.727934 0.534900 0.070153 0.192683
8 0.508036 0.395137 0.032908 0.205167
9 0.544643 0.391609 0.032143 0.181828
10 0.582398 0.382382 0.046429 0.265415
11 0.611352 0.403821 0.036990 0.218194
12 0.648214 0.379668 0.041837 0.199197
13 0.688776 0.370169 0.055102 0.182371