8 0.523379 0.442679 0.027021 0.188470
9 0.547580 0.430931 0.027021 0.203967
10 0.572133 0.404185 0.027256 0.216465
12 0.613252 0.392187 0.028665 0.188470
13 0.641330 0.389688 0.045348 0.178471
22 0.683623 0.565160 0.077773 0.172472
20 0.593398 0.621900 0.039239 0.183971
19 0.568492 0.632149 0.034539 0.178471
18 0.544643 0.650646 0.027726 0.196469
17 0.524671 0.637898 0.017857 0.152976
16 0.508694 0.614652 0.015038 0.103483
24 0.493773 0.627150 0.015742 0.118481
25 0.478148 0.634648 0.016917 0.132479
26 0.453830 0.651896 0.032190 0.193969
27 0.431415 0.623391 0.035714 0.184888
28 0.408212 0.607177 0.042539 0.186340
30 0.326206 0.535303 0.077798 0.185856
1 0.471338 0.420837 0.021838 0.206668
2 0.446315 0.396153 0.031847 0.220220
3 0.424591 0.396879 0.036169 0.183920
4 0.403549 0.383085 0.032302 0.172788
7 0.305050 0.313147 0.050955 0.140360
31 0.287645 0.468852 0.080438 0.139653
11 0.596713 0.397759 0.017699 0.106921
14 0.681890 0.341609 0.033186 0.180219
15 0.719027 0.331522 0.034134 0.056487