8 0.506461 0.362442 0.025611 0.245961
9 0.527726 0.360692 0.021147 0.210466
10 0.549812 0.347944 0.038064 0.244961
11 0.569549 0.344445 0.041353 0.233963
12 0.594925 0.345695 0.037594 0.217465
13 0.633224 0.335696 0.049812 0.208467
14 0.677984 0.318699 0.049577 0.207467
0 0.480733 0.375440 0.025376 0.220965
1 0.461936 0.376690 0.021617 0.197468
2 0.435855 0.343695 0.035714 0.285454
3 0.413651 0.357193 0.034539 0.233463
4 0.388040 0.370691 0.031250 0.198468
16 0.494948 0.583157 0.015273 0.182471
17 0.510808 0.582657 0.023026 0.180471
18 0.527843 0.614652 0.026551 0.248460
20 0.586231 0.602654 0.046992 0.201468
21 0.631814 0.589656 0.069549 0.203467
24 0.481203 0.576908 0.014568 0.171972
25 0.465930 0.596405 0.019737 0.193969
26 0.443022 0.615651 0.031720 0.254459
27 0.414944 0.617651 0.030075 0.206467
28 0.388745 0.617151 0.037829 0.219465
29 0.350660 0.604273 0.059827 0.211508
30 0.302093 0.559745 0.069154 0.194084
5 0.354527 0.350899 0.042539 0.221672
6 0.311192 0.336863 0.042311 0.194568
22 0.683703 0.550222 0.077586 0.199141
19 0.563843 0.637491 0.027813 0.143906