0 0.478649 0.368926 0.044255 0.234571
1 0.435171 0.354610 0.045290 0.235672
2 0.390399 0.345800 0.042702 0.246685
3 0.361413 0.350480 0.046325 0.185565
4 0.326216 0.331759 0.042702 0.188868
5 0.283126 0.296518 0.055383 0.210894
6 0.237448 0.268986 0.046325 0.189970
8 0.522904 0.368101 0.049948 0.235122
26 0.414984 0.609830 0.073758 0.174552
27 0.375906 0.599368 0.069099 0.186666
28 0.346403 0.575966 0.063923 0.185014
29 0.293608 0.549260 0.086180 0.220805
30 0.238531 0.500309 0.075203 0.201399
31 0.179658 0.470464 0.082298 0.129510
7 0.193789 0.251090 0.059006 0.179728
18 0.608418 0.621743 0.098980 0.155775
19 0.634439 0.588092 0.075000 0.174229
20 0.669005 0.573708 0.084949 0.207338
21 0.709439 0.541685 0.080612 0.213851
22 0.764668 0.472753 0.078827 0.174772
23 0.820791 0.463526 0.070663 0.127008
9 0.561990 0.341945 0.053571 0.238819
10 0.600383 0.329733 0.043112 0.250217
11 0.630740 0.327019 0.052806 0.198111
12 0.667857 0.310193 0.045918 0.198111
13 0.711097 0.268943 0.058929 0.229592
14 0.751148 0.242618 0.053827 0.201911
15 0.796429 0.227149 0.059694 0.166630
16 0.529982 0.591936 0.029101 0.114451
17 0.559744 0.560040 0.038360 0.116327
24 0.499339 0.588652 0.038360 0.141656
25 0.466711 0.587714 0.038360 0.147285