0 0.485714 0.420973 0.039429 0.219453
1 0.456286 0.421581 0.038286 0.197568
2 0.418000 0.392401 0.038286 0.288754
3 0.384714 0.437690 0.038571 0.213982
4 0.353143 0.407295 0.034857 0.234650
5 0.308857 0.424012 0.053714 0.214590
8 0.526857 0.424620 0.049143 0.225532
9 0.564286 0.430091 0.055429 0.189058
10 0.600143 0.399088 0.056857 0.264438
11 0.624143 0.429483 0.051143 0.217021
12 0.649143 0.430699 0.041143 0.231611
16 0.521646 0.637690 0.025143 0.181155
17 0.543429 0.642857 0.025143 0.190274
18 0.573000 0.661702 0.035714 0.229179
19 0.601714 0.647720 0.031429 0.219453
20 0.631143 0.663830 0.036000 0.228571
25 0.475000 0.650456 0.025429 0.196960
26 0.446714 0.662006 0.042000 0.226140
27 0.415714 0.653191 0.037714 0.225532
28 0.376429 0.665957 0.036857 0.235258
29 0.325714 0.626444 0.074286 0.189058
30 0.274794 0.625123 0.067575 0.198443
6 0.266701 0.394426 0.043165 0.237804
13 0.690217 0.439408 0.060559 0.192943
22 0.734006 0.608563 0.048758 0.203515
14 0.734513 0.386328 0.035398 0.071953