8 0.514286 0.482338 0.032046 0.224678
9 0.546139 0.479668 0.030888 0.225088
10 0.579054 0.463854 0.036100 0.257537
11 0.606757 0.480079 0.037452 0.217695
12 0.636583 0.481106 0.041892 0.208248
14 0.719402 0.456666 0.043436 0.218516
15 0.760313 0.469917 0.044712 0.202929
0 0.482143 0.482604 0.033815 0.223113
1 0.450608 0.487858 0.029635 0.214221
2 0.418313 0.477551 0.036474 0.236452
3 0.391907 0.487050 0.030395 0.210988
4 0.364267 0.488869 0.030585 0.191182
24 0.493921 0.731787 0.023936 0.199266
25 0.467515 0.726937 0.025456 0.196032
26 0.434176 0.736435 0.040084 0.223113
27 0.396657 0.718651 0.049392 0.211796
28 0.369681 0.712386 0.049392 0.212200
16 0.520802 0.720066 0.028305 0.178248
17 0.543313 0.720066 0.028495 0.189565
18 0.579882 0.736233 0.039324 0.224326
29 0.321182 0.687035 0.083251 0.198092
30 0.272414 0.667645 0.075862 0.189708
5 0.331034 0.463002 0.049754 0.229012
6 0.285345 0.453045 0.049507 0.223771
7 0.249507 0.483964 0.037438 0.164029
19 0.609638 0.715951 0.046481 0.215113
20 0.641019 0.710643 0.060924 0.212319
21 0.689601 0.692205 0.093487 0.200027
22 0.741991 0.668179 0.091649 0.198909
13 0.678221 0.472689 0.062325 0.212319