0 0.492011 0.506169 0.032425 0.256459
1 0.464051 0.508419 0.026786 0.226964
2 0.432683 0.487422 0.037359 0.249960
3 0.404723 0.485922 0.038769 0.210966
4 0.374530 0.473674 0.037594 0.195469
5 0.338463 0.435180 0.054276 0.210466
8 0.525493 0.515667 0.034539 0.253459
9 0.547462 0.496671 0.038534 0.250460
10 0.583177 0.487172 0.034774 0.273456
11 0.610315 0.504669 0.038769 0.210466
12 0.640955 0.497293 0.040152 0.196939
13 0.674345 0.453229 0.059172 0.216723
14 0.705199 0.383536 0.047337 0.169062
18 0.563081 0.771794 0.039941 0.218971
19 0.602177 0.774267 0.037828 0.208629
20 0.645182 0.738071 0.062553 0.182101
21 0.687870 0.690635 0.084531 0.203234
22 0.736052 0.640276 0.060862 0.180752
17 0.530828 0.772165 0.032516 0.159159
16 0.505419 0.748726 0.028607 0.165207
24 0.483120 0.747214 0.024876 0.163695
25 0.458689 0.752317 0.027541 0.182976
26 0.424396 0.757988 0.038913 0.230610
27 0.389502 0.748595 0.040909 0.208621
28 0.348918 0.715207 0.062338 0.192503
29 0.308874 0.655107 0.081385 0.201253
6 0.307957 0.378939 0.057018 0.176638
30 0.260495 0.604237 0.064850 0.176638
7 0.283510 0.303933 0.049383 0.099441
15 0.727293 0.313783 0.045414 0.098503
31 0.233466 0.535649 0.042769 0.103193