8 0.498571 0.472036 0.041143 0.215805
9 0.536714 0.474772 0.033429 0.196960
10 0.578286 0.438298 0.054857 0.271125
11 0.606429 0.455015 0.038000 0.227964
12 0.636857 0.443465 0.040000 0.240122
13 0.681143 0.433435 0.057143 0.205471
15 0.758000 0.395137 0.044571 0.173860
16 0.476571 0.679027 0.032000 0.190881
17 0.504429 0.680547 0.027714 0.174468
18 0.538857 0.710030 0.045714 0.221277
19 0.574000 0.709119 0.054286 0.215805
20 0.609571 0.698784 0.059143 0.201216
21 0.649000 0.671733 0.083143 0.199392
22 0.709000 0.634650 0.076286 0.188450
23 0.758286 0.581155 0.075429 0.155623
0 0.455429 0.472340 0.044571 0.240729
1 0.417857 0.480243 0.031714 0.188450
2 0.380244 0.452007 0.040533 0.255102
3 0.350482 0.464069 0.037698 0.228567
4 0.319019 0.451706 0.038265 0.240025
5 0.279195 0.457736 0.054422 0.191779
6 0.232993 0.431502 0.045351 0.216505
26 0.409155 0.717663 0.045635 0.229170
27 0.376559 0.712838 0.038265 0.206253
28 0.342120 0.705300 0.053288 0.194794
29 0.302296 0.679367 0.077381 0.199619
30 0.245607 0.660974 0.082483 0.191779
7 0.190675 0.428065 0.050397 0.216143