8 0.499737 0.524584 0.026786 0.188852
9 0.524291 0.530172 0.019695 0.169855
10 0.546218 0.510895 0.033088 0.231875
11 0.576812 0.528495 0.032300 0.200027
12 0.596901 0.528775 0.047794 0.189411
14 0.672006 0.536876 0.063550 0.173208
15 0.721376 0.493854 0.042542 0.172090
16 0.502101 0.726846 0.016282 0.124039
17 0.522847 0.720700 0.018908 0.148623
18 0.542017 0.737183 0.025735 0.192763
19 0.573792 0.728522 0.030462 0.178795
24 0.477547 0.724052 0.018120 0.143036
25 0.459296 0.716230 0.022584 0.166503
26 0.437237 0.726846 0.039916 0.220141
27 0.412027 0.729081 0.032563 0.187735
0 0.473083 0.520673 0.026523 0.194439
1 0.447610 0.520953 0.023897 0.176001
2 0.416623 0.513130 0.028099 0.224052
3 0.394039 0.531289 0.032300 0.187735
23 0.734646 0.638440 0.074099 0.137772
4 0.370982 0.521372 0.033929 0.199468
5 0.340179 0.515910 0.041964 0.192344
6 0.293304 0.484802 0.041964 0.167173
28 0.386942 0.726539 0.039509 0.185220
30 0.285853 0.654626 0.084994 0.144318