24 0.487966 0.655808 0.020963 0.197128
25 0.465062 0.655533 0.022774 0.195476
26 0.439959 0.659387 0.032609 0.237324
27 0.409032 0.639289 0.033903 0.194925
28 0.374094 0.631855 0.039596 0.214198
30 0.266434 0.562475 0.070135 0.162438
0 0.487836 0.405819 0.027950 0.198229
1 0.462086 0.394531 0.024068 0.196577
2 0.432842 0.376085 0.033903 0.257698
3 0.407479 0.385996 0.038043 0.205938
4 0.374741 0.379113 0.035197 0.207590
5 0.339286 0.399762 0.047619 0.220255
6 0.301113 0.383243 0.044255 0.200432
7 0.266046 0.370578 0.042961 0.168495
16 0.508282 0.659387 0.022257 0.188868
17 0.531056 0.659663 0.022774 0.199330
18 0.561206 0.665720 0.039079 0.222457
19 0.585533 0.658011 0.039596 0.203736
8 0.516046 0.399762 0.027433 0.208141
9 0.541278 0.395908 0.026139 0.199330
10 0.568970 0.389851 0.035973 0.257698
11 0.593785 0.416138 0.037964 0.205227
12 0.622750 0.399684 0.035152 0.207022
13 0.662683 0.390111 0.046963 0.209415
14 0.705427 0.391008 0.047525 0.204030
20 0.623594 0.638418 0.044151 0.151976
21 0.663105 0.641708 0.078740 0.223177
22 0.715551 0.615980 0.054274 0.193260