8 0.519410 0.438307 0.033126 0.201533
9 0.548654 0.434452 0.028986 0.178406
10 0.576475 0.421237 0.044772 0.253293
11 0.599379 0.439133 0.035714 0.208691
12 0.629011 0.440785 0.034938 0.208691
13 0.662138 0.416832 0.050466 0.211444
14 0.706910 0.397835 0.045290 0.203185
15 0.727873 0.307531 0.051501 0.122792
16 0.495536 0.649601 0.020982 0.136778
17 0.517746 0.652926 0.029687 0.165274
18 0.545089 0.665274 0.040625 0.207067
19 0.576897 0.656250 0.046652 0.198518
20 0.610826 0.649126 0.045759 0.192819
22 0.710379 0.591423 0.079687 0.179046
0 0.487363 0.432780 0.034066 0.237900
1 0.460440 0.449731 0.030220 0.205167
2 0.429670 0.421966 0.037363 0.256021
3 0.400412 0.446516 0.033242 0.212766
4 0.373077 0.485679 0.030769 0.191723
5 0.333654 0.476619 0.043132 0.206336
6 0.292170 0.473697 0.039835 0.196984
24 0.474176 0.639116 0.019780 0.139701
25 0.458379 0.641454 0.023901 0.122165
26 0.424038 0.657236 0.043132 0.205167
27 0.397390 0.642331 0.039835 0.195230
7 0.284161 0.296402 0.044255 0.112330