0 0.498857 0.476596 0.030286 0.228571
1 0.471714 0.468085 0.028000 0.223708
2 0.444286 0.439514 0.037714 0.286930
3 0.414429 0.451368 0.042000 0.229179
4 0.390429 0.434043 0.047143 0.221277
5 0.350857 0.418541 0.053714 0.226748
6 0.309429 0.389362 0.050857 0.219453
24 0.498143 0.689362 0.020286 0.159271
25 0.478143 0.696353 0.024857 0.180547
26 0.448000 0.727052 0.038286 0.222492
27 0.416857 0.717325 0.037143 0.206687
28 0.385000 0.708815 0.048857 0.220061
29 0.344429 0.664438 0.090571 0.195745
30 0.300064 0.619070 0.092474 0.190648
8 0.527583 0.476593 0.025829 0.235427
9 0.556122 0.494233 0.028061 0.190648
10 0.584503 0.444366 0.029337 0.287668
11 0.608099 0.459631 0.035077 0.223214
12 0.633450 0.439278 0.034758 0.221857
13 0.664700 0.422994 0.044324 0.219144
14 0.698820 0.390767 0.043686 0.196754
16 0.518335 0.688613 0.020727 0.181828
17 0.538903 0.678436 0.024872 0.165545
18 0.567761 0.715751 0.038584 0.237462
19 0.598055 0.725589 0.039222 0.185220
20 0.619968 0.699206 0.061957 0.202774
21 0.657261 0.664360 0.075375 0.196897
22 0.704321 0.616711 0.086227 0.178844
23 0.735991 0.540513 0.074191 0.161632