16 0.534687 0.647896 0.019562 0.163974
18 0.578477 0.669143 0.050752 0.199468
21 0.654605 0.618901 0.076598 0.188970
22 0.698778 0.573658 0.085996 0.162474
23 0.733905 0.523166 0.074953 0.164474
8 0.531015 0.452428 0.027726 0.217965
9 0.557683 0.453427 0.032190 0.198968
10 0.582824 0.419683 0.031720 0.244461
11 0.603853 0.430181 0.031955 0.206467
12 0.625117 0.411184 0.028430 0.204467
0 0.501880 0.454177 0.033835 0.223464
1 0.476269 0.457677 0.026316 0.203467
2 0.452768 0.426251 0.032756 0.253593
3 0.429522 0.455028 0.037828 0.201435
4 0.406276 0.447159 0.034446 0.180303
5 0.372675 0.417933 0.054734 0.216273
6 0.328191 0.406917 0.049028 0.197838
24 0.515642 0.654037 0.018549 0.138427
25 0.496262 0.657277 0.019657 0.149619
26 0.473699 0.672593 0.026578 0.180250
30 0.328200 0.614571 0.093278 0.192620
31 0.283776 0.572454 0.084718 0.194388
14 0.653361 0.382919 0.030112 0.156446
17 0.561450 0.677558 0.031863 0.102062
20 0.630694 0.669849 0.031056 0.152526
28 0.413932 0.694419 0.039575 0.141707