16 0.498087 0.698337 0.023810 0.161022
17 0.516794 0.687708 0.023810 0.151523
18 0.537734 0.721857 0.029549 0.221631
19 0.565795 0.701503 0.037628 0.185447
20 0.597683 0.703991 0.043580 0.197659
21 0.639349 0.667354 0.074617 0.184994
22 0.689520 0.635240 0.079719 0.181376
0 0.490859 0.494572 0.027211 0.217560
8 0.518176 0.484169 0.029974 0.241080
9 0.539966 0.487562 0.026786 0.215299
10 0.570259 0.459745 0.035077 0.260982
11 0.595982 0.467660 0.032951 0.219822
12 0.624894 0.460423 0.031675 0.220727
13 0.658376 0.453412 0.050595 0.194945
14 0.701424 0.427631 0.044855 0.182280
1 0.464286 0.478723 0.022857 0.237082
2 0.435238 0.457447 0.035714 0.270517
3 0.409286 0.474671 0.036190 0.215805
4 0.380119 0.464286 0.031667 0.207194
5 0.349881 0.437943 0.051667 0.216312
6 0.305833 0.406535 0.052143 0.197062
24 0.482500 0.696555 0.017857 0.151976
25 0.464167 0.695795 0.020714 0.163627
26 0.439405 0.706940 0.038810 0.212259
27 0.409524 0.701621 0.038095 0.191489
28 0.377619 0.687943 0.058095 0.178318
29 0.343690 0.656282 0.087857 0.187943
30 0.300952 0.612715 0.080000 0.198075
31 0.255595 0.547619 0.069286 0.133739