16 0.509187 0.693527 0.017857 0.181159
17 0.526915 0.688296 0.021739 0.198229
18 0.549948 0.711422 0.030021 0.224660
19 0.578934 0.716653 0.032609 0.206489
20 0.607402 0.711422 0.037267 0.200432
21 0.649327 0.683615 0.079193 0.203185
22 0.701216 0.636811 0.079969 0.180058
23 0.740942 0.586703 0.049172 0.148121
8 0.523680 0.468041 0.030280 0.214748
9 0.548654 0.482082 0.023292 0.186666
10 0.576734 0.457028 0.033385 0.256597
11 0.600285 0.475750 0.035973 0.208141
12 0.625647 0.485111 0.037526 0.178406
14 0.702381 0.434177 0.042961 0.217501
0 0.495645 0.458299 0.030197 0.218697
1 0.470383 0.455210 0.021487 0.192750
2 0.442654 0.443472 0.032811 0.244644
4 0.393583 0.448106 0.039199 0.216843
3 0.418264 0.457064 0.037456 0.207577
5 0.356417 0.439766 0.050232 0.218697
6 0.312427 0.432352 0.045877 0.176687
24 0.493902 0.693985 0.018583 0.189661
25 0.475610 0.688116 0.021487 0.206341
26 0.453978 0.713446 0.024681 0.235995
27 0.426684 0.697383 0.032811 0.207577
28 0.396487 0.682247 0.043844 0.182247
29 0.353368 0.666185 0.069686 0.188425
30 0.302991 0.620160 0.078688 0.181629
31 0.263393 0.568502 0.065146 0.135089
7 0.282220 0.409971 0.043478 0.146194
15 0.738548 0.456224 0.021351 0.128023