16 0.513473 0.672224 0.017536 0.159711
17 0.534538 0.671314 0.020744 0.170631
18 0.561163 0.690652 0.028229 0.206578
19 0.588965 0.667446 0.028229 0.175637
20 0.615911 0.652431 0.038922 0.190197
21 0.656865 0.612162 0.070359 0.174272
22 0.707015 0.572120 0.076561 0.166991
8 0.529940 0.460414 0.029085 0.220228
9 0.561056 0.461324 0.030154 0.212038
10 0.590355 0.444715 0.030154 0.244344
11 0.614628 0.452678 0.034217 0.192017
12 0.641039 0.430837 0.029299 0.201118
13 0.673011 0.413092 0.044482 0.202028
14 0.712789 0.390568 0.042344 0.176092
24 0.495215 0.666259 0.018908 0.167372
25 0.475373 0.665018 0.021242 0.170848
26 0.450163 0.679421 0.031513 0.215547
27 0.422035 0.657071 0.030812 0.192701
28 0.392390 0.636212 0.041083 0.193694
29 0.355042 0.594493 0.071429 0.173828
30 0.301004 0.551284 0.083333 0.173828
0 0.499183 0.461639 0.029178 0.222997
1 0.472106 0.464370 0.023576 0.194688
2 0.445962 0.424390 0.037115 0.253789
3 0.417250 0.442021 0.039449 0.183761
4 0.389589 0.421161 0.032680 0.191708
5 0.355509 0.403282 0.046685 0.180782
6 0.314192 0.347905 0.048553 0.217037