16 0.509942 0.679906 0.024903 0.152386
17 0.532336 0.685862 0.018340 0.171691
18 0.561776 0.692639 0.033205 0.199211
19 0.590830 0.662244 0.036100 0.160601
20 0.624710 0.639448 0.056371 0.149511
21 0.667471 0.615625 0.083591 0.177442
22 0.709942 0.554218 0.072780 0.167995
8 0.507722 0.479668 0.028958 0.206194
9 0.534749 0.471453 0.030888 0.197158
10 0.563803 0.448246 0.037259 0.231249
11 0.597876 0.445166 0.038224 0.195515
12 0.628185 0.436335 0.037066 0.189353
13 0.664865 0.419289 0.048263 0.189764
0 0.476424 0.483988 0.028478 0.214057
1 0.446078 0.480760 0.029412 0.206607
2 0.414683 0.451706 0.029645 0.239883
3 0.384454 0.455927 0.033147 0.194688
4 0.356676 0.452699 0.032213 0.180285
5 0.321195 0.434819 0.047619 0.209091
6 0.279412 0.401544 0.042484 0.189225
24 0.488445 0.682897 0.017040 0.155949
25 0.468487 0.687864 0.022409 0.173828
26 0.438025 0.693327 0.031513 0.202634
27 0.404178 0.676689 0.028245 0.195184
28 0.368814 0.648380 0.044351 0.154459
30 0.283147 0.595735 0.061625 0.170848