0 0.488527 0.520719 0.026052 0.192723
1 0.464199 0.504383 0.024672 0.222457
2 0.437738 0.464032 0.036905 0.266464
3 0.410952 0.481256 0.033333 0.195542
4 0.384167 0.472391 0.030238 0.190983
5 0.346667 0.473404 0.044762 0.207194
6 0.308908 0.443227 0.049672 0.193027
7 0.279412 0.391611 0.044818 0.162405
31 0.261321 0.548553 0.081933 0.139559
28 0.391573 0.686870 0.050654 0.159922
27 0.418534 0.704005 0.042484 0.167372
26 0.448818 0.738934 0.028421 0.208699
25 0.474975 0.706558 0.019366 0.149300
24 0.492427 0.695738 0.015520 0.121740
16 0.508975 0.695539 0.016829 0.132481
17 0.525337 0.693550 0.017016 0.152374
18 0.547681 0.707674 0.028796 0.195738
19 0.577693 0.692158 0.043194 0.155158
20 0.606114 0.671271 0.047307 0.146804
21 0.647158 0.635664 0.082648 0.182212
22 0.688338 0.566187 0.087464 0.160350
15 0.688120 0.366603 0.052041 0.175547
12 0.613192 0.457168 0.033965 0.187333
11 0.587682 0.478258 0.039213 0.188574
10 0.561924 0.461802 0.031682 0.258604
9 0.536674 0.497549 0.026114 0.229598
8 0.514497 0.511643 0.025922 0.211214