16 0.509164 0.616651 0.028665 0.182471
17 0.538769 0.623650 0.034305 0.200468
18 0.575305 0.642147 0.042058 0.242461
19 0.614662 0.635148 0.047462 0.208467
20 0.661184 0.634898 0.048402 0.185970
21 0.712641 0.630649 0.062970 0.190470
8 0.524671 0.407435 0.050752 0.199968
9 0.577420 0.416183 0.048167 0.184470
10 0.620888 0.406435 0.042058 0.244961
11 0.662359 0.433931 0.039944 0.199968
12 0.701480 0.441179 0.034539 0.178471
13 0.744243 0.432681 0.051927 0.198468
14 0.787675 0.394144 0.061313 0.177012
22 0.766412 0.597730 0.060487 0.169545
0 0.465956 0.403446 0.054214 0.192430
1 0.415339 0.413013 0.048561 0.174389
2 0.373330 0.397159 0.046763 0.258577
3 0.336202 0.428593 0.035200 0.202270
4 0.300617 0.426680 0.033916 0.188603
24 0.478032 0.615830 0.031603 0.188603
25 0.449255 0.618016 0.036228 0.200630
26 0.414697 0.639337 0.044707 0.235617
27 0.374615 0.633323 0.043679 0.213750
28 0.329137 0.632503 0.044193 0.181496
29 0.282771 0.620011 0.062794 0.198737
30 0.230671 0.589532 0.056319 0.173686
5 0.258536 0.420856 0.046900 0.198737
6 0.211931 0.408330 0.055338 0.186212
7 0.178221 0.295012 0.044818 0.105787
31 0.188025 0.589278 0.049720 0.110257
15 0.816527 0.307304 0.042717 0.087163
23 0.809174 0.601943 0.046919 0.116217