16 0.504972 0.603585 0.019278 0.170109
17 0.520597 0.603153 0.028206 0.177881
18 0.542614 0.635535 0.035308 0.236599
19 0.571733 0.631649 0.034294 0.189970
20 0.600041 0.626252 0.033685 0.181766
21 0.639509 0.631217 0.059050 0.186516
8 0.515625 0.397209 0.028409 0.218465
9 0.542918 0.399584 0.029018 0.215443
10 0.573356 0.393323 0.053369 0.228827
11 0.592228 0.425489 0.040787 0.192128
12 0.623478 0.426136 0.034294 0.195151
13 0.658584 0.426136 0.047687 0.189106
15 0.722689 0.443262 0.057423 0.186245
0 0.485756 0.390411 0.030553 0.227524
1 0.457473 0.397658 0.026424 0.198974
2 0.430017 0.386897 0.039224 0.227524
3 0.402663 0.420938 0.037366 0.184040
4 0.374174 0.427965 0.033650 0.179648
24 0.488233 0.602562 0.018167 0.173059
25 0.468724 0.612005 0.020851 0.188432
26 0.444055 0.637261 0.030553 0.221375
27 0.417527 0.636822 0.033650 0.191507
28 0.392135 0.635504 0.031173 0.180965
29 0.353333 0.633739 0.050952 0.172239
31 0.263649 0.603064 0.076149 0.138001
5 0.337438 0.430563 0.046798 0.182546
6 0.299774 0.445193 0.037151 0.186476
7 0.264368 0.427069 0.035304 0.184292