0 0.473039 0.389376 0.033380 0.225480
1 0.440593 0.398315 0.031979 0.185748
2 0.397759 0.378201 0.031279 0.248823
3 0.369514 0.421161 0.035014 0.173828
4 0.339869 0.401792 0.028478 0.218527
5 0.302404 0.417188 0.048786 0.198661
24 0.482260 0.628514 0.028945 0.175318
25 0.459150 0.621312 0.026611 0.169855
26 0.427754 0.647635 0.033380 0.230447
27 0.396475 0.641427 0.029178 0.219024
28 0.364262 0.639937 0.042717 0.204124
29 0.328782 0.622554 0.057190 0.192205
30 0.279645 0.610138 0.054622 0.181278
31 0.237407 0.576305 0.050595 0.152767
8 0.510081 0.390716 0.035138 0.228372
9 0.543779 0.402768 0.032258 0.183024
10 0.583429 0.393985 0.040515 0.233275
11 0.614535 0.415024 0.039747 0.212439
12 0.647657 0.409305 0.035714 0.220610
13 0.692300 0.427280 0.058564 0.210805
16 0.507460 0.629362 0.022849 0.177305
17 0.530818 0.633592 0.027074 0.197732
18 0.564708 0.648503 0.039171 0.236543
19 0.597350 0.644826 0.031874 0.215299
20 0.627880 0.649933 0.038402 0.221427
21 0.668971 0.623787 0.064516 0.190378
22 0.724369 0.615764 0.061422 0.202416