8 0.510221 0.480673 0.033600 0.243461
9 0.541941 0.480423 0.037359 0.230963
10 0.573896 0.468175 0.036889 0.258459
11 0.604558 0.468925 0.038064 0.221964
12 0.633106 0.445929 0.040179 0.215965
13 0.672345 0.422932 0.054746 0.223964
14 0.720395 0.404185 0.044643 0.206467
15 0.754699 0.384938 0.042763 0.174972
16 0.518629 0.693256 0.023359 0.181549
17 0.536583 0.696952 0.023745 0.188121
18 0.565444 0.717079 0.041699 0.254662
19 0.603668 0.718311 0.049421 0.195515
20 0.630502 0.698801 0.057915 0.195925
21 0.667876 0.663849 0.094308 0.194323
22 0.721447 0.638322 0.072359 0.197093
23 0.776414 0.585091 0.078497 0.157912
0 0.477833 0.484750 0.035468 0.236872
1 0.452094 0.476889 0.038670 0.230584
2 0.417488 0.451997 0.035468 0.255214
3 0.388300 0.449900 0.035222 0.230060
4 0.359852 0.428414 0.036453 0.234252
5 0.320690 0.422126 0.049754 0.204905
6 0.279241 0.402587 0.045813 0.192328
24 0.497054 0.701712 0.024669 0.171952
25 0.479934 0.711113 0.032032 0.183703
26 0.446981 0.728739 0.043814 0.222872
27 0.412831 0.725606 0.052835 0.206421
28 0.383468 0.710525 0.065169 0.205246
29 0.343940 0.679647 0.083777 0.195224
30 0.292458 0.665500 0.066299 0.183907
31 0.238792 0.605275 0.072948 0.190374