0 0.484336 0.421932 0.028509 0.215299
2 0.448543 0.420266 0.034618 0.221964
3 0.421444 0.418433 0.034305 0.214966
8 0.524279 0.421433 0.030075 0.215632
10 0.558271 0.413267 0.033521 0.226630
5 0.360530 0.389075 0.047414 0.206128
6 0.318350 0.375756 0.044335 0.185602
7 0.287048 0.348243 0.045772 0.187349
24 0.486556 0.632979 0.018678 0.156780
25 0.466441 0.639966 0.021552 0.168134
26 0.439039 0.665732 0.043514 0.193463
27 0.417180 0.638438 0.040025 0.169444
28 0.392447 0.626646 0.043103 0.179925
29 0.349651 0.606558 0.074507 0.198267
30 0.303264 0.553279 0.075328 0.170318
31 0.259762 0.512918 0.057619 0.159574
11 0.587148 0.421337 0.035966 0.196391
12 0.615065 0.404748 0.032445 0.206023
13 0.646127 0.393778 0.042757 0.196926
14 0.688003 0.372640 0.047535 0.180337
15 0.719819 0.323409 0.040744 0.193180
16 0.505635 0.637960 0.018571 0.157379
17 0.527381 0.645728 0.023651 0.164134
18 0.555000 0.653158 0.041429 0.195880
19 0.583651 0.638129 0.040635 0.175954
20 0.610238 0.626815 0.050952 0.183722
21 0.652302 0.607396 0.080476 0.200946
22 0.700105 0.553266 0.078782 0.170973
23 0.738533 0.500931 0.059349 0.163895
4 0.391909 0.391035 0.026549 0.164752