0 0.489812 0.406720 0.029991 0.203608
2 0.461310 0.380173 0.029762 0.219683
3 0.433951 0.383096 0.040064 0.225528
4 0.403388 0.370675 0.035256 0.222118
5 0.364240 0.359715 0.051740 0.225528
8 0.514881 0.404041 0.032051 0.206044
9 0.538576 0.414757 0.030907 0.205070
10 0.569139 0.396491 0.036630 0.234783
11 0.590087 0.404528 0.036859 0.234296
12 0.619734 0.398926 0.032967 0.224067
13 0.655105 0.383339 0.048764 0.228938
14 0.691282 0.359601 0.051050 0.231092
15 0.715546 0.288530 0.049580 0.159574
6 0.327029 0.328906 0.058115 0.229762
7 0.301141 0.270004 0.054945 0.150627
31 0.255178 0.525845 0.066145 0.130843
30 0.307587 0.557994 0.056847 0.192443
29 0.352599 0.595088 0.071640 0.217172
28 0.390533 0.629035 0.054522 0.208629
27 0.427937 0.641850 0.042688 0.209079
26 0.453085 0.657137 0.032967 0.236057
25 0.479079 0.648145 0.021978 0.190194
24 0.500528 0.645447 0.019653 0.192892
16 0.518207 0.651608 0.020075 0.189721
17 0.540149 0.658561 0.022876 0.199654
18 0.564542 0.674703 0.030579 0.222997
19 0.590219 0.671226 0.031979 0.219024
20 0.625584 0.655085 0.048086 0.201641
21 0.667717 0.621698 0.079599 0.205614
22 0.707283 0.585057 0.057423 0.198661
23 0.760854 0.540110 0.069795 0.119693