8 0.521577 0.478063 0.035927 0.227964
9 0.555272 0.480325 0.034439 0.223440
10 0.590668 0.443688 0.032951 0.271385
11 0.621811 0.452281 0.036565 0.227964
12 0.652105 0.439391 0.035077 0.232939
13 0.689838 0.428988 0.047619 0.218465
14 0.732355 0.412026 0.050170 0.211680
16 0.510204 0.689743 0.025510 0.154690
17 0.538265 0.701503 0.031037 0.182733
18 0.576637 0.727511 0.049107 0.248317
19 0.606293 0.709193 0.046769 0.216204
20 0.637330 0.686577 0.056548 0.192683
21 0.678253 0.658308 0.083121 0.202182
22 0.724322 0.622024 0.071168 0.179154
23 0.767466 0.569609 0.071950 0.179708
0 0.484307 0.482408 0.034848 0.229806
1 0.449567 0.482868 0.032900 0.221516
2 0.415043 0.455006 0.033983 0.252372
3 0.386147 0.465138 0.037662 0.207240
4 0.356602 0.449019 0.034416 0.230266
24 0.485390 0.688496 0.021861 0.163028
25 0.461255 0.690108 0.024242 0.162568
26 0.426299 0.710832 0.038312 0.224279
27 0.399892 0.708069 0.036147 0.213226
28 0.363312 0.687575 0.055628 0.203555
29 0.325729 0.657148 0.077786 0.198125
30 0.273373 0.623729 0.073298 0.177438
31 0.225879 0.566440 0.082274 0.175846
5 0.316847 0.460415 0.053291 0.191362
6 0.270849 0.407104 0.038332 0.231942
7 0.234293 0.366922 0.041511 0.227168