8 0.502509 0.431435 0.032172 0.219800
9 0.527745 0.446821 0.023613 0.171444
10 0.550620 0.433319 0.041027 0.221056
11 0.570691 0.433319 0.054014 0.208496
12 0.607881 0.437401 0.048111 0.186516
13 0.650236 0.410397 0.066116 0.209124
14 0.701151 0.392499 0.046930 0.216032
0 0.470189 0.437401 0.033648 0.211636
2 0.438754 0.420131 0.032763 0.231104
3 0.407320 0.428295 0.041322 0.202216
4 0.373081 0.428295 0.033648 0.197192
21 0.647727 0.640559 0.104191 0.185888
20 0.606110 0.672273 0.072904 0.187772
18 0.543979 0.694567 0.042503 0.194680
17 0.515496 0.671645 0.036895 0.187772
16 0.498819 0.669761 0.028335 0.157628
24 0.483323 0.661283 0.023318 0.178352
25 0.461777 0.675413 0.021547 0.187772
26 0.435360 0.689543 0.049587 0.207240
27 0.404368 0.677925 0.047226 0.181492
28 0.376623 0.672587 0.059622 0.185888
29 0.341071 0.642768 0.080882 0.183265
30 0.295063 0.610585 0.066176 0.183265
5 0.335924 0.397372 0.043697 0.218130
6 0.294328 0.379045 0.039496 0.219918