8 0.507143 0.482133 0.030888 0.203730
9 0.534942 0.469399 0.024710 0.209480
10 0.564189 0.438799 0.035714 0.238643
11 0.591216 0.445987 0.036873 0.183192
12 0.616313 0.415181 0.041120 0.181549
13 0.647490 0.380679 0.056757 0.193050
14 0.691176 0.342690 0.056956 0.197668
23 0.745915 0.489948 0.072596 0.122673
22 0.698413 0.534150 0.076097 0.171345
21 0.648576 0.570902 0.079599 0.177305
20 0.612745 0.616346 0.054155 0.165882
19 0.580882 0.647635 0.053922 0.174822
18 0.551237 0.690844 0.047852 0.212567
17 0.522709 0.684260 0.032205 0.164274
16 0.505677 0.693264 0.018373 0.148901
24 0.490607 0.681844 0.021263 0.154172
25 0.473369 0.686675 0.026012 0.148901
26 0.444777 0.689970 0.042320 0.193264
27 0.425045 0.657755 0.047998 0.186824
28 0.384668 0.632587 0.058235 0.151008
29 0.349295 0.598465 0.084850 0.186340
30 0.306870 0.559503 0.072338 0.188760
0 0.477025 0.472141 0.029572 0.222156
1 0.452912 0.459315 0.031847 0.214896
2 0.422657 0.430275 0.037762 0.241031
3 0.394222 0.439471 0.040036 0.187792
5 0.359873 0.402929 0.052775 0.199892
6 0.311078 0.357191 0.053458 0.205216
31 0.255833 0.519757 0.066429 0.113475