8 0.523065 0.483576 0.036086 0.178888
9 0.557013 0.461017 0.031808 0.215299
10 0.586868 0.448748 0.031622 0.232713
11 0.617883 0.460057 0.032350 0.184463
12 0.645833 0.453725 0.029244 0.189419
13 0.681289 0.440785 0.043219 0.197679
14 0.714674 0.424816 0.043219 0.182261
16 0.519281 0.679210 0.021998 0.182261
17 0.542961 0.683891 0.027950 0.199330
18 0.572205 0.681413 0.028986 0.208691
19 0.601837 0.664618 0.028209 0.191622
20 0.632505 0.644245 0.035714 0.166292
21 0.671713 0.641767 0.056677 0.191071
22 0.714286 0.609004 0.054865 0.180609
0 0.485969 0.479029 0.036874 0.184542
1 0.451647 0.469901 0.036874 0.194904
2 0.418019 0.462746 0.034555 0.225990
3 0.388335 0.474588 0.033163 0.196384
5 0.315051 0.459046 0.050788 0.196878
24 0.495710 0.676894 0.025278 0.183555
25 0.471359 0.689723 0.026206 0.203292
26 0.440747 0.699098 0.033627 0.216121
27 0.405960 0.686022 0.033627 0.195891
28 0.375928 0.673440 0.036642 0.178621
29 0.325719 0.654690 0.071660 0.187502
30 0.285135 0.640627 0.050788 0.179114
31 0.223788 0.639622 0.072084 0.106662