0 0.467262 0.461780 0.034014 0.208062
1 0.433036 0.453638 0.031037 0.191779
2 0.400191 0.433737 0.030400 0.209871
3 0.367772 0.459745 0.032313 0.168711
4 0.336485 0.445001 0.029178 0.181775
5 0.301354 0.417188 0.045752 0.205614
6 0.265173 0.376463 0.040149 0.195681
8 0.500114 0.473109 0.032985 0.189244
9 0.530255 0.453991 0.034577 0.212960
10 0.564035 0.437293 0.042084 0.233772
11 0.599977 0.450119 0.035259 0.187792
12 0.632166 0.438019 0.039581 0.191664
13 0.674363 0.402687 0.055732 0.232320
14 0.718949 0.375341 0.047543 0.194084
15 0.756653 0.346912 0.053455 0.155452
24 0.448124 0.663691 0.030515 0.146204
25 0.422920 0.664894 0.026673 0.157266
26 0.390936 0.679322 0.031872 0.194779
27 0.359403 0.668741 0.033002 0.182275
28 0.320401 0.658744 0.047276 0.186963
30 0.262590 0.570729 0.075540 0.136669
31 0.231244 0.509501 0.059609 0.127922
16 0.470238 0.662180 0.037982 0.129059
17 0.495181 0.661275 0.040249 0.126043
18 0.532171 0.674844 0.031463 0.148357
19 0.571570 0.673337 0.060941 0.163434
20 0.616638 0.657657 0.073413 0.174290
21 0.666383 0.619663 0.109410 0.180320
22 0.714002 0.573829 0.077664 0.140517
23 0.750850 0.516838 0.063492 0.150770
7 0.242573 0.353377 0.035714 0.148613