8 0.533344 0.516785 0.035714 0.201065
10 0.598609 0.474420 0.032238 0.240068
11 0.623104 0.491904 0.033186 0.198375
12 0.647440 0.481480 0.028129 0.201738
13 0.680310 0.462652 0.053413 0.209807
14 0.720449 0.441469 0.040139 0.209135
16 0.496593 0.731633 0.027491 0.191469
17 0.514920 0.733633 0.022321 0.202468
18 0.541823 0.736382 0.027256 0.207967
19 0.571076 0.738882 0.037829 0.191969
20 0.606320 0.744631 0.050987 0.196469
21 0.646499 0.713886 0.079652 0.174972
22 0.693727 0.677142 0.069784 0.158475
23 0.729911 0.644647 0.047227 0.144477
0 0.497768 0.514918 0.032660 0.199968
1 0.469925 0.492421 0.030545 0.209966
2 0.437735 0.463676 0.042293 0.245461
3 0.415152 0.469866 0.043745 0.204133
4 0.381762 0.450082 0.037828 0.217622
5 0.344463 0.435244 0.060440 0.222118
6 0.297443 0.414336 0.048817 0.217172
24 0.479290 0.722559 0.023246 0.198737
26 0.453887 0.724566 0.030882 0.193992
27 0.427416 0.726131 0.032143 0.193546
28 0.398109 0.708251 0.050840 0.174772
29 0.356618 0.689478 0.085084 0.186394
30 0.306303 0.646791 0.074790 0.163597
31 0.267857 0.620865 0.045798 0.159127