8 0.509633 0.433181 0.031485 0.233463
9 0.537829 0.441929 0.026786 0.202968
10 0.566024 0.435680 0.038064 0.225464
11 0.597862 0.436680 0.038769 0.226464
12 0.626880 0.426182 0.032425 0.222464
13 0.662946 0.422182 0.050047 0.187470
14 0.706414 0.415933 0.041118 0.181971
15 0.738252 0.391687 0.039944 0.139478
16 0.502350 0.641147 0.018327 0.156475
17 0.520677 0.640398 0.019737 0.157975
18 0.544760 0.680641 0.033600 0.238462
19 0.573661 0.665394 0.035009 0.184970
20 0.605146 0.664894 0.050987 0.193969
21 0.648966 0.646647 0.087406 0.205467
23 0.740484 0.565909 0.062265 0.181971
0 0.480173 0.430158 0.030725 0.226846
1 0.450236 0.429041 0.029674 0.213436
2 0.421481 0.400545 0.034139 0.269310
3 0.391675 0.418145 0.024947 0.212878
5 0.334690 0.380152 0.051208 0.188293
7 0.261555 0.342158 0.037290 0.187176
24 0.483456 0.636331 0.019958 0.153093
25 0.464154 0.631861 0.019695 0.164268
26 0.439470 0.659239 0.033876 0.232433
27 0.412815 0.636890 0.034139 0.194439
28 0.380515 0.622642 0.050945 0.194998
29 0.344669 0.599175 0.074842 0.215113
30 0.303834 0.556991 0.060924 0.170973
31 0.262474 0.514527 0.048057 0.163150
4 0.368401 0.397995 0.020963 0.175102