9 0.548990 0.478673 0.031720 0.158475
10 0.575775 0.455927 0.036419 0.232963
11 0.603383 0.463426 0.042293 0.186970
13 0.666236 0.441429 0.050987 0.175972
14 0.711819 0.414434 0.043938 0.168973
0 0.484727 0.468675 0.031955 0.194469
1 0.453947 0.482423 0.029135 0.170973
2 0.423167 0.452178 0.032895 0.214466
16 0.493421 0.651896 0.020207 0.142977
17 0.512688 0.661894 0.025376 0.150976
18 0.534422 0.680391 0.029370 0.194969
19 0.560855 0.679391 0.036184 0.181971
20 0.591753 0.668393 0.046288 0.158975
21 0.638275 0.648646 0.086701 0.174472
22 0.692787 0.597154 0.078242 0.151476
23 0.733945 0.550389 0.062254 0.135942
24 0.476876 0.669404 0.025694 0.153616
25 0.459404 0.663390 0.030832 0.173296
26 0.429342 0.676784 0.038541 0.197896
27 0.401721 0.671317 0.029548 0.171656
28 0.371531 0.663390 0.048818 0.166736
29 0.334147 0.633870 0.071172 0.168923
30 0.285200 0.592322 0.077595 0.136122
31 0.247559 0.549955 0.060894 0.108242
3 0.400180 0.459480 0.038284 0.195163
4 0.375899 0.457840 0.034943 0.176576
5 0.339029 0.440893 0.055755 0.165643
6 0.292909 0.423127 0.044707 0.183683
7 0.257708 0.410280 0.039054 0.163456
12 0.628300 0.438879 0.027562 0.109852