8 0.526641 0.485624 0.028958 0.226321
9 0.554923 0.487062 0.031853 0.209480
10 0.583012 0.460568 0.031274 0.253430
11 0.606274 0.476793 0.036873 0.216873
12 0.630792 0.467757 0.038803 0.212766
13 0.665251 0.451532 0.057529 0.209891
14 0.705598 0.418672 0.048649 0.204140
16 0.524316 0.697027 0.020137 0.133787
17 0.546388 0.718356 0.025452 0.176432
18 0.575328 0.719011 0.041872 0.193463
19 0.600472 0.700669 0.050698 0.177742
20 0.633518 0.691935 0.068760 0.182109
21 0.675955 0.670823 0.092584 0.201344
22 0.724636 0.621213 0.089854 0.171820
0 0.497477 0.481119 0.032220 0.233745
1 0.469332 0.485248 0.026786 0.211444
2 0.441188 0.473892 0.031444 0.241592
3 0.413529 0.477195 0.035132 0.235810
4 0.382667 0.473479 0.034744 0.209380
5 0.347244 0.453243 0.049689 0.211857
6 0.302795 0.432800 0.044255 0.205663
24 0.503203 0.707843 0.025815 0.163539
25 0.481464 0.713212 0.025427 0.160235
26 0.445749 0.733035 0.049107 0.200707
28 0.380532 0.709289 0.059977 0.195338
29 0.342974 0.678728 0.089674 0.199468
30 0.295807 0.632062 0.085016 0.179645