8 0.506272 0.536697 0.031707 0.193491
9 0.533885 0.552450 0.023519 0.153088
10 0.561150 0.544481 0.038328 0.174957
11 0.587195 0.542071 0.039547 0.190896
12 0.618293 0.548743 0.033449 0.177552
13 0.651655 0.547446 0.046516 0.179405
16 0.515767 0.720179 0.022474 0.140114
17 0.533449 0.722589 0.026481 0.145674
18 0.559233 0.723701 0.028223 0.153829
19 0.584930 0.742976 0.032230 0.175328
21 0.638605 0.739950 0.076531 0.170068
22 0.678465 0.706931 0.053359 0.160117
23 0.732462 0.703087 0.063563 0.112625
14 0.687606 0.535732 0.047832 0.156046
15 0.711628 0.510855 0.056760 0.126194
0 0.480148 0.548083 0.032105 0.174610
1 0.452223 0.544243 0.024506 0.162080
2 0.429521 0.539595 0.035334 0.185119
3 0.401501 0.548689 0.034764 0.170973
4 0.375475 0.542626 0.030585 0.178248
5 0.339476 0.535755 0.045213 0.171781
24 0.497815 0.724714 0.027166 0.149551
25 0.479008 0.719257 0.031345 0.141063
26 0.453172 0.730373 0.032865 0.166527
27 0.428191 0.730575 0.035714 0.161272
28 0.400646 0.732393 0.035714 0.161676
29 0.362557 0.720470 0.063260 0.159655
30 0.311508 0.692085 0.059524 0.158432
31 0.264356 0.695562 0.060458 0.113733
6 0.302404 0.525458 0.050187 0.154956
7 0.289459 0.453120 0.062788 0.103564