8 0.530663 0.474174 0.031720 0.227464
9 0.560503 0.472424 0.027961 0.204967
10 0.591753 0.455177 0.030310 0.251460
11 0.616424 0.465426 0.038299 0.215965
12 0.649436 0.460926 0.032895 0.199968
13 0.686678 0.437430 0.048167 0.212966
14 0.730381 0.416933 0.044878 0.208967
16 0.520849 0.690175 0.018919 0.176210
17 0.541023 0.686478 0.027220 0.183603
18 0.568243 0.711534 0.037645 0.203319
19 0.594305 0.685862 0.044981 0.201265
20 0.628089 0.681960 0.056178 0.199211
21 0.670753 0.657931 0.072008 0.210301
22 0.722973 0.623429 0.063320 0.201265
23 0.778680 0.593396 0.062987 0.110988
15 0.752597 0.379248 0.051948 0.151515
0 0.498176 0.474671 0.032450 0.223061
1 0.474654 0.479777 0.024194 0.199774
2 0.444316 0.460985 0.040707 0.265140
3 0.417531 0.489787 0.044739 0.207537
4 0.381048 0.492238 0.040131 0.191195
24 0.501344 0.682616 0.018817 0.168317
25 0.480223 0.688744 0.022657 0.180573
26 0.453245 0.710192 0.034370 0.216933
27 0.423483 0.701817 0.044739 0.211622
28 0.386329 0.692012 0.056068 0.194464
29 0.339286 0.681886 0.084853 0.211796
30 0.282548 0.640928 0.077254 0.202095
5 0.339666 0.483563 0.055724 0.185928