8 0.514685 0.457677 0.028430 0.235462
9 0.543938 0.454427 0.027256 0.207967
10 0.573073 0.419433 0.035244 0.265957
11 0.596100 0.428181 0.037124 0.196469
12 0.622063 0.422182 0.037359 0.170473
13 0.657542 0.381439 0.047227 0.211966
14 0.699013 0.361192 0.048872 0.196469
16 0.509087 0.681642 0.019865 0.184349
17 0.525148 0.702101 0.020287 0.177605
18 0.552620 0.718737 0.036348 0.236956
19 0.581467 0.700977 0.039941 0.215823
20 0.612426 0.673099 0.064243 0.197838
21 0.645393 0.632633 0.077768 0.186148
24 0.488694 0.687712 0.020076 0.185698
25 0.474746 0.706822 0.028529 0.181651
26 0.448225 0.729753 0.034235 0.223018
27 0.419854 0.717098 0.041057 0.208817
28 0.392857 0.694960 0.062430 0.211210
29 0.357002 0.653077 0.081834 0.192064
30 0.307087 0.611792 0.076490 0.193260
0 0.485517 0.448149 0.023903 0.264462
1 0.458802 0.454132 0.025591 0.210612
2 0.432508 0.431396 0.034308 0.242922
3 0.403121 0.439174 0.037964 0.197449
4 0.377390 0.436481 0.032621 0.171721
5 0.340270 0.399684 0.048369 0.213005
6 0.303290 0.376948 0.057649 0.183089
7 0.288149 0.282152 0.046150 0.117436
31 0.259856 0.566859 0.058673 0.127304
15 0.707863 0.269624 0.049185 0.125980
22 0.692669 0.598571 0.068296 0.198635
23 0.736372 0.537581 0.052945 0.132645