8 0.508375 0.511405 0.027497 0.210480
9 0.534032 0.507962 0.025104 0.198780
10 0.560688 0.484835 0.032350 0.219704
11 0.585274 0.481532 0.037526 0.205387
12 0.612060 0.478778 0.035197 0.184463
13 0.645186 0.458130 0.048654 0.193824
16 0.515625 0.715073 0.018495 0.173686
17 0.536884 0.712359 0.021046 0.175496
18 0.560587 0.722988 0.028061 0.213942
19 0.588648 0.717108 0.027636 0.186803
20 0.617347 0.695850 0.036565 0.161474
21 0.655293 0.668033 0.069515 0.171877
22 0.703444 0.620088 0.068878 0.165545
0 0.481509 0.514379 0.026839 0.206831
1 0.454670 0.510557 0.025148 0.204583
2 0.427092 0.491448 0.034235 0.225715
3 0.403740 0.490998 0.034024 0.206831
4 0.377325 0.490549 0.031488 0.185248
5 0.343512 0.471439 0.043745 0.183900
24 0.497253 0.712892 0.017329 0.161418
25 0.476331 0.719636 0.021555 0.174907
26 0.453719 0.731327 0.030008 0.204583
27 0.425296 0.730203 0.032333 0.194241
28 0.392434 0.712667 0.044379 0.173558
29 0.355875 0.685914 0.069315 0.175806
30 0.302198 0.643424 0.075655 0.170860
31 0.269618 0.589098 0.054326 0.158397
6 0.301296 0.442517 0.043067 0.175815