2 0.414709 0.346944 0.029605 0.127980
6 0.282660 0.365442 0.033365 0.172972
13 0.628055 0.362442 0.041823 0.144977
10 0.536419 0.346944 0.025846 0.095985
18 0.501410 0.582407 0.026316 0.208967
19 0.526081 0.583407 0.033365 0.216965
20 0.555451 0.572908 0.040414 0.197968
22 0.663221 0.558577 0.092105 0.182637
23 0.712406 0.509918 0.087719 0.166640
26 0.432487 0.582573 0.035401 0.202634
27 0.406955 0.580240 0.030075 0.205967
28 0.382049 0.571575 0.033521 0.180638
30 0.295269 0.556578 0.037907 0.075988
31 0.260965 0.529915 0.070175 0.159974
16 0.478458 0.568055 0.019870 0.182653
25 0.455962 0.570836 0.028753 0.188682