0 0.496386 0.460450 0.024235 0.108554
1 0.478316 0.472210 0.017007 0.088652
2 0.451956 0.412958 0.030612 0.161926
3 0.437713 0.446881 0.042942 0.209871
4 0.406463 0.436478 0.039966 0.210776
5 0.376913 0.438287 0.053146 0.221631
6 0.333121 0.402555 0.051446 0.208062
8 0.515306 0.487589 0.022959 0.164640
9 0.536352 0.483066 0.020833 0.171877
10 0.561224 0.441453 0.026361 0.235200
11 0.583333 0.459998 0.033163 0.210776
12 0.604804 0.445524 0.033588 0.219822
14 0.679847 0.444619 0.041667 0.203539
15 0.718325 0.431050 0.040391 0.192683
18 0.570153 0.690675 0.037415 0.210776
19 0.596939 0.688414 0.032313 0.206253
20 0.618410 0.674392 0.044643 0.198111
21 0.662202 0.656752 0.068452 0.204443
26 0.467262 0.668964 0.034014 0.192683
27 0.436862 0.687057 0.036990 0.196302
28 0.408163 0.668964 0.047619 0.203539
30 0.310587 0.603380 0.102466 0.182733
31 0.264243 0.550460 0.069303 0.178210