1 0.471726 0.305761 0.019983 0.195397
2 0.449830 0.308927 0.029762 0.227059
3 0.424532 0.284050 0.020833 0.124837
4 0.406888 0.322948 0.033163 0.193588
5 0.373299 0.322948 0.056973 0.202634
8 0.515306 0.332899 0.026361 0.189970
9 0.540816 0.330638 0.022959 0.185447
10 0.565051 0.321139 0.033163 0.242437
11 0.585672 0.334708 0.035289 0.218917
12 0.607355 0.338327 0.038690 0.200825
13 0.635842 0.330185 0.053997 0.206253
14 0.677509 0.349182 0.051446 0.199016
17 0.521121 0.541671 0.017665 0.186293
18 0.541091 0.586610 0.028418 0.228781
19 0.563748 0.573945 0.033026 0.198549
20 0.593510 0.562098 0.051075 0.168317
21 0.628264 0.553518 0.072965 0.177305
23 0.722542 0.501634 0.059524 0.178122
24 0.490975 0.539220 0.014209 0.171585
25 0.477535 0.527372 0.019585 0.183842
26 0.453341 0.573945 0.034946 0.232866
27 0.429147 0.564140 0.041091 0.203451
28 0.401498 0.557195 0.040323 0.187927
29 0.369816 0.551476 0.066820 0.183024