0 0.478104 0.412505 0.032738 0.229773
1 0.447279 0.409792 0.032313 0.231582
2 0.414753 0.384462 0.031037 0.291287
3 0.389456 0.406625 0.033163 0.234296
4 0.360969 0.380392 0.034864 0.245151
5 0.323554 0.372250 0.049320 0.205348
6 0.281037 0.355062 0.039966 0.210776
8 0.510842 0.419742 0.031888 0.240628
9 0.539966 0.418838 0.028912 0.238819
10 0.573554 0.381748 0.037415 0.293096
12 0.630740 0.387176 0.033588 0.246056
13 0.667304 0.384462 0.043793 0.218917
14 0.711310 0.384010 0.039966 0.214394
15 0.747874 0.368631 0.040816 0.207157
16 0.507488 0.617250 0.021121 0.131549
17 0.528034 0.635226 0.021505 0.164232
18 0.554531 0.660963 0.033794 0.246756
19 0.588326 0.643396 0.033794 0.198549
20 0.627880 0.638903 0.056068 0.218976
21 0.670123 0.602134 0.081413 0.201000
24 0.486559 0.613982 0.019201 0.131549
25 0.462750 0.630323 0.023810 0.165866
26 0.427995 0.658512 0.044931 0.240220
28 0.366359 0.642171 0.059140 0.201000
29 0.332373 0.608671 0.072581 0.204268
30 0.281874 0.576396 0.078341 0.185476
31 0.246352 0.495506 0.046467 0.111939