0 0.494309 0.465346 0.023155 0.216273
1 0.472331 0.462424 0.023155 0.213768
2 0.450157 0.444470 0.026688 0.214603
3 0.430141 0.442383 0.032967 0.210428
4 0.408359 0.445723 0.031005 0.195397
5 0.376570 0.437790 0.049058 0.187882
8 0.515895 0.467851 0.021586 0.219613
9 0.537480 0.457413 0.020801 0.193727
10 0.558477 0.451151 0.030612 0.224623
11 0.580259 0.460336 0.031790 0.217943
12 0.605769 0.452821 0.028650 0.201243
14 0.671115 0.449898 0.045526 0.185377
15 0.703297 0.412739 0.041601 0.172851
16 0.515265 0.685374 0.015553 0.146460
17 0.529090 0.685986 0.017857 0.161168
18 0.549251 0.701307 0.023618 0.188131
19 0.573013 0.716320 0.023906 0.147073
20 0.598214 0.692421 0.053571 0.187518
21 0.629464 0.656572 0.070565 0.185680
23 0.720190 0.560974 0.081509 0.126851
24 0.500576 0.685067 0.011521 0.128689
25 0.486175 0.699468 0.014977 0.120723
26 0.466734 0.695178 0.021601 0.182003
27 0.447293 0.693034 0.030530 0.194872
28 0.419067 0.685374 0.053571 0.180778
29 0.390121 0.639720 0.047523 0.095598
30 0.350806 0.598049 0.061060 0.091921
31 0.315956 0.538300 0.069124 0.150137