0 0.490859 0.530106 0.031037 0.179114
1 0.460672 0.536438 0.025935 0.175496
2 0.431335 0.518346 0.036990 0.204443
3 0.403699 0.526939 0.032738 0.190874
4 0.386054 0.509299 0.018707 0.119409
6 0.317602 0.503419 0.051871 0.185447
8 0.522959 0.528296 0.032313 0.189970
9 0.552934 0.531915 0.027636 0.175496
10 0.583333 0.515179 0.030612 0.207157
11 0.605655 0.500253 0.023384 0.132074
12 0.630315 0.515632 0.025085 0.168259
13 0.659439 0.527844 0.048469 0.210776
14 0.704082 0.502515 0.039116 0.203539
16 0.510576 0.717458 0.016990 0.132057
17 0.528433 0.728155 0.020804 0.156402
18 0.551838 0.743648 0.028086 0.190338
19 0.577323 0.736639 0.037448 0.188125
20 0.603675 0.715983 0.035368 0.177797
22 0.678745 0.680940 0.046810 0.057544
24 0.491852 0.718565 0.019071 0.137221
25 0.469834 0.735533 0.029126 0.168206
26 0.443308 0.734426 0.044730 0.174846
27 0.419209 0.725573 0.045770 0.174846
28 0.394764 0.723729 0.028086 0.123941
29 0.361130 0.680202 0.075936 0.188863
30 0.320215 0.659545 0.039875 0.053118