0 0.495748 0.543675 0.055272 0.161022
1 0.457908 0.538700 0.036565 0.165545
2 0.429209 0.542318 0.040391 0.172782
3 0.394345 0.566290 0.032738 0.148357
4 0.368835 0.557244 0.031037 0.153785
5 0.333546 0.549555 0.050595 0.169163
6 0.290179 0.543223 0.042942 0.165545
7 0.252976 0.524226 0.036565 0.156499
8 0.539966 0.534629 0.039116 0.162831
9 0.572066 0.518346 0.033588 0.153785
10 0.599915 0.492112 0.030612 0.173686
12 0.644983 0.480804 0.034864 0.044326
13 0.681973 0.487136 0.043367 0.156499
14 0.721514 0.484422 0.033163 0.152880
15 0.751913 0.481709 0.032738 0.145643
25 0.483206 0.727312 0.042092 0.150166
17 0.566539 0.706054 0.053146 0.152880
18 0.594600 0.710124 0.044643 0.173686
19 0.621386 0.694294 0.038690 0.169163
20 0.650723 0.686604 0.043793 0.170068
21 0.682185 0.665798 0.065901 0.151976
22 0.723427 0.642278 0.058248 0.132074
26 0.447491 0.741334 0.032738 0.167354
27 0.418580 0.748571 0.036990 0.172782
28 0.382653 0.742238 0.048469 0.170973
29 0.337798 0.718718 0.081207 0.158308
30 0.280825 0.710577 0.040391 0.087748
31 0.238308 0.659918 0.071003 0.111268