0 0.481293 0.453666 0.034864 0.190874
1 0.448129 0.448238 0.029762 0.185447
2 0.422194 0.422456 0.034864 0.211680
4 0.365009 0.403459 0.039541 0.206253
5 0.321641 0.400293 0.051446 0.183637
8 0.517432 0.446881 0.034864 0.206253
9 0.549957 0.449595 0.031037 0.193588
10 0.579082 0.422004 0.030612 0.230677
11 0.606718 0.428336 0.035714 0.201730
12 0.636054 0.417481 0.038265 0.199920
13 0.676233 0.385367 0.037840 0.124837
14 0.709821 0.414315 0.042942 0.179114
16 0.521607 0.670213 0.028214 0.164134
17 0.543929 0.672872 0.037857 0.169453
18 0.573393 0.683511 0.046071 0.202888
19 0.601429 0.676292 0.046429 0.199088
20 0.630536 0.643617 0.040357 0.158055
21 0.675893 0.627280 0.073214 0.170973
24 0.499821 0.669453 0.023214 0.161094
25 0.480536 0.670973 0.027500 0.168693
26 0.447679 0.682751 0.041786 0.207447
27 0.417143 0.672492 0.050000 0.199088
28 0.384286 0.642477 0.046429 0.170973
29 0.339821 0.623100 0.081786 0.185410