0 0.484023 0.424432 0.034774 0.220965
1 0.451128 0.423432 0.032895 0.216965
2 0.415414 0.392937 0.038534 0.271956
3 0.386278 0.408935 0.046053 0.239962
4 0.350094 0.417433 0.043233 0.194969
5 0.304511 0.391937 0.052632 0.235962
6 0.261513 0.388938 0.050282 0.215965
7 0.242951 0.294453 0.048872 0.146976
8 0.517622 0.420933 0.031485 0.227964
9 0.551927 0.424932 0.034305 0.213966
10 0.592105 0.398436 0.043233 0.272956
11 0.617246 0.412934 0.047462 0.223964
12 0.651081 0.413434 0.039004 0.200968
13 0.694314 0.396936 0.051222 0.243961
14 0.739427 0.392937 0.047462 0.215965
15 0.764333 0.316949 0.046523 0.143977
16 0.508669 0.643315 0.023578 0.163780
17 0.533114 0.650323 0.025312 0.185174
18 0.568135 0.671718 0.041262 0.245669
19 0.603849 0.662127 0.041262 0.233865
20 0.643204 0.660652 0.050624 0.226488
21 0.696949 0.650323 0.074896 0.229439
22 0.752080 0.634462 0.069348 0.234603
23 0.799411 0.590935 0.074549 0.128368
24 0.485784 0.643315 0.024965 0.163780
25 0.459431 0.651799 0.027046 0.179272
26 0.425277 0.681308 0.038488 0.248620
27 0.394071 0.666185 0.037101 0.231652
28 0.355409 0.657701 0.052011 0.239767
29 0.299064 0.632248 0.081484 0.215422
30 0.243065 0.618600 0.076976 0.238292
31 0.200589 0.568433 0.069001 0.135008