0 0.491167 0.395006 0.029954 0.192012
1 0.457949 0.387244 0.038786 0.196098
2 0.427035 0.367226 0.041475 0.255744
3 0.396121 0.392146 0.044931 0.223878
4 0.366359 0.407671 0.041475 0.204268
6 0.308564 0.407671 0.080261 0.183024
8 0.520929 0.399908 0.028802 0.190378
9 0.552611 0.410530 0.037634 0.198549
10 0.586214 0.391329 0.046467 0.254927
17 0.520458 0.621551 0.024272 0.217635
18 0.547157 0.647741 0.032594 0.252309
19 0.575589 0.644790 0.038835 0.224275
22 0.703710 0.647372 0.089806 0.213209
24 0.487691 0.607534 0.026006 0.192552
25 0.471394 0.614174 0.028779 0.220586
26 0.442268 0.635937 0.035021 0.237554
27 0.417822 0.641101 0.035368 0.228701
30 0.304265 0.595730 0.082178 0.192552