0 0.473919 0.357443 0.045583 0.182971
1 0.432566 0.344445 0.059680 0.204967
2 0.388393 0.337446 0.063440 0.248960
3 0.363957 0.374940 0.048402 0.213966
4 0.330122 0.370941 0.044643 0.217965
5 0.287594 0.385438 0.059211 0.212966
6 0.249530 0.410434 0.039474 0.106983
8 0.520677 0.356443 0.048872 0.182971
9 0.556391 0.346944 0.040414 0.205967
10 0.608553 0.339946 0.057331 0.267957
11 0.631579 0.370441 0.044173 0.224964
12 0.669893 0.373762 0.038094 0.223061
13 0.718894 0.385201 0.062980 0.232866
14 0.762865 0.394189 0.047235 0.218159
16 0.528226 0.581299 0.027266 0.203451
17 0.553955 0.568226 0.036482 0.198549
18 0.585637 0.629506 0.033794 0.262281
19 0.620776 0.617659 0.035714 0.223878
20 0.656106 0.621744 0.038786 0.214073
21 0.703725 0.617659 0.055684 0.220610
22 0.757488 0.605402 0.054147 0.186293
24 0.500192 0.555152 0.030338 0.172403
25 0.467742 0.568634 0.034562 0.186293
26 0.431260 0.614390 0.048387 0.256561
27 0.393049 0.618067 0.051075 0.231232
28 0.360791 0.611122 0.045699 0.214073
29 0.309140 0.616024 0.064516 0.223878
30 0.252688 0.610305 0.054531 0.196098