0 0.449117 0.433409 0.031106 0.226329
1 0.423195 0.415841 0.027650 0.205903
2 0.396889 0.393780 0.028034 0.250025
3 0.376344 0.397866 0.033026 0.214073
4 0.348310 0.391738 0.029954 0.193646
5 0.315668 0.370494 0.042243 0.214890
6 0.282642 0.359463 0.043779 0.194464
7 0.255760 0.272445 0.039171 0.187110
8 0.477343 0.419518 0.031490 0.236134
9 0.503456 0.410530 0.031490 0.216524
10 0.532258 0.383976 0.037634 0.266366
11 0.554531 0.400317 0.061444 0.210805
12 0.590190 0.383133 0.051085 0.229887
13 0.632685 0.366781 0.070072 0.231811
14 0.682414 0.359567 0.058318 0.209688
16 0.496032 0.632492 0.019536 0.167563
17 0.516636 0.634440 0.024725 0.180552
18 0.544109 0.647105 0.036325 0.224067
19 0.575244 0.650677 0.046703 0.226015
20 0.612790 0.635414 0.059524 0.212376
21 0.664988 0.614956 0.098596 0.216923
24 0.476496 0.630218 0.021978 0.161718
25 0.457265 0.636713 0.025641 0.173408
26 0.426587 0.644832 0.040598 0.223417
27 0.398962 0.644182 0.036630 0.223417
28 0.367521 0.626322 0.047009 0.195490
29 0.312118 0.608137 0.061355 0.209778
30 0.278236 0.559102 0.074786 0.189645