0 0.476269 0.420433 0.027726 0.220965
1 0.444314 0.413934 0.031485 0.203967
2 0.417998 0.370941 0.039004 0.275956
3 0.389568 0.360942 0.030075 0.155975
4 0.360902 0.371940 0.035714 0.211966
6 0.283130 0.335446 0.048402 0.212966
9 0.533600 0.427932 0.034305 0.227964
10 0.559915 0.367441 0.044643 0.300952
11 0.582942 0.382439 0.047462 0.256959
12 0.614427 0.384438 0.045583 0.248960
13 0.655780 0.376440 0.061560 0.240961
14 0.711936 0.386938 0.052632 0.245961
18 0.536565 0.690675 0.036565 0.221631
19 0.570578 0.708315 0.041667 0.220727
20 0.606930 0.698364 0.074405 0.211680
21 0.654974 0.675297 0.094813 0.208967
17 0.509779 0.645897 0.034014 0.189970
24 0.488733 0.644992 0.027636 0.182733
25 0.468325 0.630066 0.025085 0.160117
26 0.431548 0.681629 0.056122 0.216204
27 0.397109 0.687961 0.056973 0.218013
28 0.373937 0.667607 0.071854 0.215299
29 0.332058 0.640017 0.090986 0.208967
30 0.282951 0.591167 0.076105 0.199920