25 0.459184 0.616949 0.030612 0.157403
26 0.426871 0.630970 0.044218 0.194493
27 0.396896 0.640017 0.021684 0.109459
28 0.365434 0.630066 0.032738 0.100413
18 0.559311 0.670774 0.043793 0.116696
17 0.525085 0.647706 0.026361 0.077797
20 0.617560 0.656300 0.044643 0.122123
1 0.453019 0.438287 0.030187 0.114886
2 0.416879 0.396675 0.025085 0.165545
3 0.384141 0.411601 0.019133 0.130265
6 0.288478 0.411149 0.046344 0.218013
10 0.577594 0.448238 0.047194 0.232487
11 0.607355 0.429693 0.027636 0.144739