0 0.496544 0.353335 0.029186 0.198549
1 0.473118 0.353744 0.026114 0.192829
2 0.439900 0.336177 0.038786 0.232866
8 0.524194 0.365183 0.026882 0.187927
9 0.547811 0.351293 0.024962 0.196098
10 0.580261 0.346799 0.032258 0.229598
18 0.552611 0.569860 0.029186 0.192012
17 0.526882 0.557195 0.021505 0.168317
16 0.507680 0.553518 0.017665 0.152793
26 0.449885 0.575988 0.035714 0.210805
27 0.413018 0.550659 0.031874 0.196098
28 0.383833 0.543713 0.034946 0.177305
19 0.592934 0.577622 0.033026 0.197732