0 0.496928 0.516750 0.032258 0.206720
1 0.463518 0.514299 0.030722 0.200183
2 0.427803 0.509805 0.034562 0.217342
3 0.397849 0.522061 0.037634 0.202634
4 0.367127 0.509805 0.036866 0.201000
5 0.324693 0.498774 0.052611 0.214890
6 0.281106 0.472219 0.042243 0.191195
7 0.249808 0.438311 0.044163 0.162598
8 0.531298 0.516750 0.032642 0.208354
9 0.564708 0.508579 0.031874 0.196915
10 0.598118 0.493872 0.029570 0.224695
11 0.626536 0.497957 0.036482 0.208354
12 0.647465 0.479165 0.022273 0.111939
13 0.673963 0.506128 0.053763 0.196915
14 0.722926 0.488970 0.041859 0.201817
15 0.761329 0.486110 0.037250 0.156878
16 0.520161 0.709579 0.021121 0.157695
17 0.543203 0.708354 0.024194 0.161781
18 0.573541 0.712848 0.032642 0.205085
19 0.602151 0.705494 0.029954 0.200183
20 0.633257 0.693646 0.038402 0.179756
22 0.714286 0.624195 0.068356 0.075171
24 0.497312 0.712031 0.021505 0.157695
25 0.475230 0.710805 0.022657 0.156878
26 0.447197 0.721835 0.029570 0.201817
27 0.409562 0.721018 0.028034 0.125012
28 0.383065 0.713256 0.039555 0.183024
31 0.257104 0.613165 0.068740 0.160963