0 0.479167 0.448690 0.035714 0.204443
8 0.511905 0.454118 0.034014 0.179114
9 0.550170 0.435573 0.036565 0.203539
10 0.579082 0.399388 0.034014 0.259625
1 0.445578 0.445072 0.029762 0.202634
2 0.415391 0.423813 0.041667 0.263244
3 0.390519 0.438739 0.045493 0.220727
4 0.352891 0.436930 0.036565 0.204443
11 0.607355 0.412505 0.042942 0.213490
12 0.639881 0.388985 0.040816 0.240628
13 0.678359 0.382201 0.048895 0.134788
14 0.721726 0.377678 0.042942 0.205348
15 0.760842 0.359133 0.046344 0.195397
16 0.505912 0.647635 0.028115 0.149832
17 0.528822 0.653562 0.027569 0.168640
18 0.565163 0.675892 0.045113 0.207967
19 0.598528 0.663227 0.065476 0.190636
20 0.629073 0.646563 0.068296 0.179971
21 0.677475 0.627566 0.096178 0.193969
22 0.724624 0.589239 0.073308 0.173306
23 0.768797 0.537581 0.072055 0.153975
24 0.486529 0.663894 0.021930 0.173306
25 0.461779 0.658561 0.030702 0.157308
26 0.430294 0.692223 0.037281 0.211300
27 0.400376 0.692889 0.041353 0.211300
28 0.359336 0.679891 0.058897 0.206634
29 0.313440 0.640564 0.083020 0.199968
30 0.267701 0.594905 0.069236 0.179305