0 0.485432 0.417433 0.031955 0.200968
1 0.455097 0.418671 0.026699 0.195503
2 0.424237 0.426786 0.036408 0.201405
3 0.396325 0.433795 0.038835 0.199191
4 0.369626 0.440066 0.036061 0.194027
5 0.329577 0.450394 0.054438 0.191076
6 0.283634 0.443754 0.049237 0.188125
7 0.240306 0.417461 0.035397 0.082539
8 0.517015 0.412542 0.029987 0.211476
9 0.547844 0.417919 0.028302 0.199289
10 0.580189 0.403581 0.035040 0.232265
11 0.604784 0.423295 0.035714 0.194271
12 0.632918 0.426163 0.025270 0.138355
13 0.675371 0.436557 0.056267 0.179217
14 0.718834 0.433331 0.044137 0.181367
16 0.510684 0.628920 0.018315 0.151326
17 0.529457 0.640610 0.024115 0.178604
18 0.556624 0.657171 0.033883 0.210428
19 0.585317 0.656522 0.036935 0.198737
20 0.612485 0.644507 0.036935 0.198088
21 0.653388 0.648404 0.056471 0.195490
22 0.707570 0.628595 0.060440 0.171460
24 0.491475 0.621944 0.021252 0.152526
25 0.469462 0.637362 0.023810 0.175653
26 0.443323 0.653055 0.031573 0.198229
27 0.416278 0.664068 0.032350 0.208141
28 0.385684 0.663991 0.042430 0.201985
29 0.345849 0.655223 0.061050 0.198737
30 0.291819 0.642558 0.063492 0.168212