0 0.482613 0.371441 0.021617 0.098984
1 0.460526 0.381439 0.019737 0.068989
2 0.437500 0.378439 0.037594 0.216965
3 0.411654 0.391437 0.032895 0.208967
4 0.385808 0.358443 0.022556 0.094985
5 0.354558 0.378439 0.053102 0.204967
7 0.263158 0.223964 0.046992 0.163974
8 0.507284 0.407935 0.027726 0.181971
9 0.529370 0.372440 0.017387 0.134978
10 0.554276 0.368441 0.033365 0.238962
13 0.667763 0.348444 0.047932 0.080987
17 0.544408 0.601404 0.036184 0.164974
16 0.520833 0.599904 0.022870 0.137311
18 0.566886 0.599571 0.036028 0.195302
19 0.595081 0.603903 0.032895 0.090652
20 0.617481 0.580240 0.041353 0.085986
21 0.649279 0.568909 0.028509 0.075321
22 0.678571 0.538580 0.067043 0.186637
24 0.505169 0.605236 0.016604 0.109316
25 0.483083 0.607903 0.025063 0.171972
26 0.459586 0.628566 0.028195 0.190636
27 0.434054 0.617901 0.032268 0.045326