0 0.485667 0.431431 0.034305 0.234962
1 0.457002 0.433931 0.031485 0.217965
2 0.420583 0.419433 0.039474 0.250960
3 0.384868 0.419933 0.025376 0.085986
4 0.351269 0.423432 0.036184 0.074988
5 0.311325 0.429431 0.043703 0.146976
6 0.272086 0.416933 0.052632 0.189970
7 0.236372 0.404435 0.041353 0.162974
8 0.519267 0.428431 0.035714 0.234962
9 0.551927 0.428931 0.030545 0.213966
10 0.580357 0.399436 0.035714 0.256959
11 0.612782 0.426432 0.040414 0.190969
12 0.640977 0.406935 0.036654 0.209966
13 0.685855 0.405435 0.058741 0.204967
14 0.734727 0.378939 0.033365 0.091985
15 0.772791 0.380939 0.044643 0.203967
16 0.495584 0.659738 0.021889 0.183842
17 0.517089 0.656470 0.028034 0.182207
18 0.546275 0.678939 0.035714 0.220610
19 0.579301 0.665049 0.048003 0.212439
20 0.619624 0.658512 0.056452 0.184659
21 0.661098 0.636860 0.064132 0.082524
22 0.727727 0.619293 0.094470 0.165049
23 0.768049 0.573537 0.074501 0.151976
24 0.472350 0.636451 0.018433 0.145439
25 0.455645 0.659738 0.024962 0.195281
26 0.422235 0.679756 0.030338 0.220610
27 0.393049 0.663006 0.030338 0.198549
28 0.357143 0.660555 0.046851 0.183842
29 0.313748 0.651159 0.076805 0.186293
30 0.268625 0.624195 0.065668 0.171585
31 0.225806 0.582933 0.066052 0.159329