0 0.490646 0.407530 0.029762 0.203539
1 0.466412 0.406173 0.030612 0.193588
2 0.437287 0.379487 0.033588 0.208967
3 0.410502 0.377225 0.031888 0.200825
4 0.387543 0.361395 0.033588 0.189065
5 0.349915 0.360038 0.046769 0.213490
6 0.307398 0.344207 0.045068 0.190874
7 0.266794 0.365918 0.033588 0.172782
8 0.520621 0.407078 0.031037 0.204443
9 0.548044 0.397127 0.034014 0.202634
10 0.578231 0.376321 0.030612 0.217108
11 0.599915 0.370893 0.038265 0.206253
12 0.631590 0.359133 0.030187 0.208062
13 0.665179 0.355062 0.053997 0.205348
14 0.704719 0.339231 0.042092 0.186351
15 0.733206 0.341493 0.023384 0.053372
16 0.506588 0.600156 0.017337 0.137959
17 0.525312 0.597205 0.020111 0.163042
18 0.548197 0.606058 0.031900 0.188125
19 0.576456 0.612329 0.032247 0.187387
20 0.601768 0.595361 0.050971 0.199191
21 0.641817 0.571015 0.075589 0.194765
22 0.690707 0.544457 0.072816 0.184437
24 0.488558 0.593517 0.016644 0.135008
25 0.469140 0.594623 0.023578 0.157878
26 0.444001 0.596837 0.032247 0.199191
27 0.415569 0.608272 0.032247 0.195503
28 0.395284 0.590566 0.054785 0.188125
29 0.356623 0.567696 0.046810 0.067135
30 0.314147 0.549621 0.070042 0.185912
31 0.278061 0.492835 0.016327 0.041251