0 0.482781 0.363656 0.031037 0.244247
1 0.453370 0.368705 0.026933 0.232633
2 0.421981 0.336970 0.036139 0.254197
3 0.395196 0.352801 0.029337 0.199016
4 0.369260 0.347373 0.031888 0.200825
5 0.332483 0.346468 0.044218 0.202634
6 0.288265 0.343302 0.041667 0.194493
8 0.516794 0.369988 0.036139 0.235200
9 0.548682 0.382653 0.030187 0.224345
10 0.579932 0.345111 0.035714 0.199920
11 0.606930 0.369536 0.032738 0.219822
12 0.633716 0.367275 0.034439 0.209871
13 0.668367 0.357324 0.050170 0.217108
13 0.714498 0.374059 0.044643 0.196302
16 0.498904 0.596904 0.022870 0.189970
17 0.519110 0.600571 0.025063 0.199968
18 0.546053 0.617901 0.031328 0.229297
19 0.567931 0.650409 0.040869 0.151192
20 0.596465 0.631216 0.032401 0.214646
21 0.639543 0.610848 0.072901 0.197412
22 0.680891 0.581258 0.042672 0.090791
24 0.476820 0.593158 0.020261 0.182663
25 0.456216 0.594254 0.023008 0.192162
26 0.431319 0.610694 0.031593 0.232347
27 0.401786 0.630056 0.022665 0.139555
28 0.380495 0.617635 0.028159 0.211159
29 0.343407 0.593158 0.063874 0.189970
30 0.306490 0.554068 0.045673 0.070873
31 0.276271 0.509133 0.050481 0.137363