1 0.452068 0.480923 0.029135 0.165973
2 0.420896 0.457260 0.027256 0.213299
3 0.398810 0.457927 0.027569 0.189303
5 0.339796 0.409792 0.031633 0.079244
6 0.309439 0.443986 0.040306 0.171515
7 0.259439 0.443443 0.041327 0.155232
9 0.535714 0.470039 0.024490 0.167173
10 0.563474 0.445082 0.031494 0.212075
11 0.592208 0.465460 0.048052 0.176844
15 0.724188 0.385327 0.039286 0.198950
16 0.500277 0.653448 0.021595 0.129003
18 0.545127 0.663462 0.036545 0.156099
19 0.568798 0.653154 0.042913 0.150798
20 0.594684 0.638722 0.049834 0.160811
21 0.637874 0.619872 0.081949 0.182017
22 0.688953 0.586002 0.080011 0.167291
23 0.739895 0.557727 0.073367 0.139017
24 0.477575 0.650798 0.018826 0.124879
25 0.455150 0.655510 0.024917 0.120167
26 0.429540 0.670825 0.031285 0.154332
27 0.406561 0.662284 0.034607 0.153743
28 0.381229 0.653448 0.040421 0.164346
29 0.340532 0.634304 0.064230 0.167291
31 0.268072 0.565789 0.060241 0.100707