0 0.492951 0.505919 0.032895 0.193969
1 0.463346 0.515418 0.027256 0.172972
8 0.525141 0.513918 0.032425 0.187970
9 0.554511 0.516417 0.031955 0.170973
10 0.591165 0.482423 0.043233 0.114982
11 0.621476 0.475924 0.025846 0.131979
12 0.657190 0.436930 0.022086 0.089986
13 0.691494 0.436430 0.037124 0.092985
16 0.519893 0.687890 0.026003 0.119981
17 0.542763 0.680224 0.031015 0.145977
18 0.572212 0.690556 0.043546 0.183971
19 0.603697 0.681891 0.041353 0.199968
20 0.651159 0.674225 0.043546 0.071322
21 0.684211 0.621234 0.082080 0.167973
24 0.494674 0.690556 0.021930 0.129313
25 0.469612 0.693889 0.026942 0.158641
26 0.437187 0.713219 0.038534 0.203967
27 0.403039 0.724551 0.034148 0.117315
28 0.368734 0.661894 0.068922 0.165307
29 0.321898 0.655228 0.047932 0.034661
30 0.263471 0.613235 0.082707 0.169306