0 0.493410 0.484875 0.034439 0.238819
1 0.458546 0.478090 0.032738 0.223440
2 0.426233 0.454118 0.041241 0.247865
3 0.393920 0.464521 0.042942 0.201730
4 0.360757 0.468592 0.036139 0.182733
5 0.319515 0.456379 0.051446 0.201730
6 0.271259 0.435121 0.045918 0.186351
8 0.528912 0.493921 0.034864 0.224345
9 0.564413 0.489850 0.033588 0.221631
10 0.597789 0.454118 0.034864 0.260530
11 0.626063 0.475829 0.036990 0.206253
12 0.657313 0.464069 0.031463 0.215299
13 0.695366 0.464069 0.046344 0.193588
14 0.737670 0.446881 0.042517 0.182733
16 0.514043 0.702703 0.023925 0.173370
17 0.538835 0.712294 0.023578 0.192552
18 0.569175 0.733320 0.037101 0.221324
19 0.603155 0.721147 0.035021 0.199929
20 0.627427 0.712663 0.036408 0.193289
21 0.673890 0.688317 0.064147 0.185912
22 0.722607 0.670611 0.054092 0.185912
23 0.779646 0.590197 0.075243 0.118039
24 0.492198 0.703441 0.023232 0.174846
25 0.468793 0.716720 0.029126 0.199929
26 0.438280 0.719302 0.036061 0.199191
27 0.406727 0.708974 0.036061 0.197716
28 0.377080 0.699752 0.037795 0.186650
29 0.328190 0.687210 0.083564 0.201405
30 0.276872 0.654012 0.059986 0.194027
31 0.242914 0.566339 0.039116 0.100111