0 0.489823 0.475488 0.026498 0.199366
1 0.465852 0.476257 0.021303 0.200635
2 0.441573 0.456927 0.030388 0.241961
3 0.418233 0.448928 0.034461 0.229963
4 0.394110 0.449928 0.031955 0.205300
5 0.360432 0.440263 0.049812 0.196635
6 0.316886 0.427598 0.044799 0.188636
7 0.279605 0.420599 0.039160 0.197302
8 0.517231 0.472924 0.025063 0.191303
9 0.542293 0.473591 0.022556 0.209966
10 0.566103 0.460593 0.029449 0.241295
11 0.588972 0.466925 0.033835 0.212633
12 0.615288 0.453261 0.030702 0.218632
13 0.647870 0.445595 0.046366 0.203301
14 0.691886 0.424932 0.044173 0.205967
15 0.723214 0.411348 0.033730 0.118203
16 0.508486 0.702883 0.017639 0.163702
17 0.526099 0.711305 0.020879 0.181202
18 0.545879 0.733224 0.028571 0.228548
19 0.573764 0.729717 0.031044 0.187632
20 0.606731 0.728256 0.033242 0.191723
21 0.638736 0.694646 0.076923 0.180617
22 0.691071 0.651976 0.075000 0.166589
23 0.733379 0.617781 0.059066 0.167173
24 0.491071 0.707505 0.016758 0.172434
25 0.472940 0.702829 0.017857 0.179448
26 0.450412 0.718903 0.025549 0.215104
27 0.424038 0.707798 0.030495 0.203414
28 0.394643 0.685001 0.040385 0.180033
29 0.357967 0.667173 0.070330 0.171265
30 0.308654 0.634732 0.067857 0.167173
31 0.258104 0.596446 0.063462 0.090601