8 0.533130 0.394937 0.034305 0.241961
9 0.566259 0.400936 0.037594 0.215965
10 0.602914 0.363442 0.032895 0.278955
11 0.632754 0.370941 0.035244 0.233963
12 0.663769 0.338946 0.029605 0.155975
14 0.741071 0.338946 0.047932 0.233963
1 0.461701 0.360942 0.024906 0.121980
2 0.429981 0.399936 0.053571 0.271956
3 0.390508 0.409434 0.052632 0.238962
17 0.556885 0.626516 0.037187 0.198978
18 0.590022 0.642575 0.042342 0.257732
19 0.625184 0.616332 0.057437 0.236581
20 0.654650 0.607530 0.051887 0.232982
21 0.693733 0.567744 0.075472 0.203590
22 0.751853 0.542295 0.056267 0.105379
23 0.785209 0.474193 0.069070 0.172765
24 0.501853 0.612190 0.023248 0.151976
25 0.477089 0.641581 0.030997 0.222229
26 0.437668 0.645882 0.048518 0.233698
27 0.394205 0.646599 0.058625 0.217927
28 0.365061 0.613623 0.077156 0.207891
29 0.306267 0.617208 0.072102 0.104662
31 0.221530 0.490322 0.075135 0.163446