0 0.460526 0.435930 0.033835 0.257959
1 0.427381 0.437352 0.030952 0.226275
2 0.395635 0.401469 0.032540 0.291287
3 0.364881 0.428065 0.036905 0.204323
4 0.334921 0.405691 0.031746 0.235562
5 0.293452 0.405268 0.052778 0.221209
6 0.255952 0.385849 0.042063 0.194191
8 0.499405 0.441574 0.035317 0.248227
9 0.532341 0.444951 0.028968 0.231341
10 0.567659 0.418777 0.038492 0.290442
11 0.599802 0.424688 0.042460 0.249916
12 0.631548 0.414978 0.039286 0.242317
13 0.673611 0.411601 0.055952 0.211922
14 0.725198 0.372763 0.050397 0.125802
16 0.485922 0.665893 0.031995 0.167973
17 0.508302 0.669560 0.036654 0.167307
18 0.541353 0.691556 0.031328 0.219298
19 0.571115 0.675225 0.038847 0.197302
20 0.612312 0.667560 0.051692 0.200635
21 0.665570 0.640231 0.093045 0.204634
22 0.718672 0.578907 0.066416 0.208633
23 0.760808 0.516584 0.067982 0.185304
24 0.460056 0.659228 0.036654 0.169306
25 0.440006 0.657561 0.033521 0.171306
26 0.406642 0.688223 0.044486 0.248627
27 0.379386 0.668226 0.045113 0.205967
28 0.346021 0.670893 0.062970 0.225964
29 0.304825 0.639898 0.080827 0.218632
30 0.242638 0.568576 0.026629 0.087986
31 0.221961 0.515251 0.066103 0.181304