1 0.448733 0.433409 0.026498 0.200183
2 0.423003 0.403177 0.027266 0.249207
3 0.399770 0.427280 0.029186 0.191195
4 0.376536 0.399091 0.027266 0.209988
5 0.346966 0.385610 0.046467 0.196098
6 0.305684 0.350884 0.046083 0.183842
10 0.538978 0.398274 0.029570 0.262281
11 0.559140 0.409713 0.036866 0.209988
12 0.584101 0.374579 0.022273 0.146256
13 0.609447 0.382750 0.047619 0.205085
14 0.651583 0.352739 0.043425 0.071670
16 0.496401 0.638722 0.018826 0.161990
17 0.519241 0.667291 0.026301 0.097783
18 0.542359 0.645496 0.041528 0.187319
19 0.569075 0.644318 0.041251 0.128414
20 0.594131 0.610447 0.068106 0.170236
21 0.618632 0.592776 0.042913 0.054782
22 0.670404 0.524446 0.092746 0.163168
23 0.706672 0.460239 0.077243 0.145496
24 0.478267 0.644907 0.021318 0.177894
25 0.462901 0.646674 0.027685 0.174360
26 0.435216 0.655805 0.040975 0.194977
27 0.407392 0.659633 0.028516 0.091892
28 0.383029 0.621934 0.057863 0.162579
30 0.304540 0.562145 0.059801 0.108975
31 0.279485 0.487630 0.075028 0.140195