0 0.492320 0.372537 0.025346 0.204268
1 0.469278 0.341488 0.020737 0.161781
2 0.440092 0.319018 0.033026 0.273720
3 0.413786 0.324738 0.038786 0.244305
4 0.387481 0.319835 0.038402 0.219793
5 0.357719 0.297366 0.054916 0.276171
6 0.310100 0.283067 0.050307 0.236134
8 0.519274 0.373607 0.026077 0.206856
9 0.545493 0.361244 0.025227 0.211077
10 0.573838 0.325361 0.029762 0.263545
11 0.598639 0.321139 0.031179 0.252690
12 0.622591 0.313902 0.034297 0.211680
14 0.667659 0.268068 0.043367 0.226154
16 0.523526 0.595540 0.030045 0.157403
17 0.544643 0.598253 0.035431 0.167656
18 0.571287 0.600967 0.043367 0.206856
19 0.596797 0.578653 0.042800 0.193588
20 0.625709 0.558752 0.044501 0.185145
21 0.662132 0.514124 0.085034 0.203237
22 0.700539 0.467989 0.076247 0.184542
24 0.503268 0.593996 0.030345 0.155949
25 0.483193 0.592507 0.030812 0.148002
26 0.461951 0.607903 0.037815 0.217534
27 0.432073 0.585305 0.039216 0.206111
28 0.405579 0.558734 0.042717 0.204621