0 0.474702 0.448238 0.033588 0.183637
1 0.440689 0.444167 0.032738 0.168259
2 0.406463 0.417481 0.031463 0.232487
3 0.374787 0.429241 0.034439 0.185447
4 0.343750 0.424265 0.034439 0.162831
5 0.303997 0.400293 0.056122 0.196302
6 0.265944 0.378130 0.049745 0.206253
7 0.235757 0.351896 0.039541 0.139311
8 0.509566 0.448690 0.035289 0.179114
9 0.543367 0.440549 0.030612 0.161022
10 0.576743 0.408887 0.036139 0.240628
11 0.608844 0.413410 0.036565 0.209871
12 0.642007 0.411601 0.040816 0.171877
13 0.683036 0.381748 0.052296 0.217108
14 0.726403 0.357776 0.044643 0.210776
15 0.762117 0.340136 0.050595 0.161022
16 0.500000 0.639257 0.021498 0.143860
17 0.523405 0.648848 0.025312 0.168944
18 0.553745 0.659545 0.038141 0.196240
19 0.590326 0.640732 0.044730 0.185174
20 0.622399 0.614174 0.038835 0.148287
21 0.677705 0.613067 0.087725 0.202142
22 0.722954 0.580975 0.056172 0.202880
23 0.785021 0.521586 0.076283 0.131319
24 0.476248 0.639995 0.022538 0.152713
25 0.453537 0.641101 0.028433 0.154927
26 0.417649 0.670980 0.041262 0.220586
27 0.388003 0.637044 0.040915 0.170419
28 0.356276 0.623764 0.043343 0.163042
29 0.312587 0.618600 0.068308 0.201405
30 0.267510 0.584295 0.057906 0.190338
31 0.210645 0.512733 0.068308 0.129843