0 0.489424 0.461091 0.040569 0.212471
1 0.453190 0.453345 0.038141 0.223537
2 0.421983 0.396907 0.038835 0.162304
6 0.284674 0.406129 0.046463 0.191076
8 0.523058 0.450394 0.041262 0.233865
9 0.543516 0.403547 0.025312 0.138696
10 0.570215 0.388792 0.048890 0.168206
12 0.627947 0.373668 0.027046 0.132057
13 0.664008 0.357438 0.048544 0.145336
14 0.708391 0.395432 0.047850 0.212471
16 0.510144 0.658711 0.021555 0.143882
17 0.531593 0.675797 0.031065 0.197838
18 0.561919 0.687038 0.045224 0.225715
19 0.588863 0.665231 0.058115 0.215374
24 0.489678 0.672839 0.022296 0.163396
25 0.470892 0.674596 0.028076 0.188872
26 0.442506 0.715226 0.039843 0.146266
27 0.411540 0.701829 0.035714 0.131771
30 0.279101 0.639311 0.055556 0.115389