0 0.494518 0.420933 0.029762 0.223298
1 0.465852 0.427265 0.027569 0.210633
2 0.435934 0.412601 0.039787 0.235962
3 0.408208 0.424932 0.040100 0.212633
4 0.378446 0.419933 0.035714 0.217299
5 0.336466 0.414600 0.052632 0.198635
6 0.290100 0.389938 0.048872 0.203967
7 0.256736 0.402269 0.024123 0.115315
8 0.524123 0.417600 0.030702 0.235296
9 0.555608 0.419600 0.029135 0.224631
10 0.586466 0.391271 0.033835 0.267957
11 0.610902 0.411268 0.036341 0.223964
12 0.639411 0.415600 0.033208 0.209966
13 0.679198 0.386938 0.053885 0.232629
14 0.721491 0.380272 0.043233 0.199301
15 0.759712 0.357943 0.038847 0.170639
16 0.521583 0.636877 0.027749 0.181496
17 0.539311 0.630863 0.022097 0.182589
18 0.572713 0.661204 0.045221 0.261857
19 0.604317 0.639337 0.054471 0.213750
20 0.630139 0.637697 0.052158 0.209377
21 0.671506 0.616103 0.075797 0.202270
22 0.722122 0.582482 0.076310 0.195163
23 0.765545 0.519068 0.075283 0.165643
24 0.497174 0.630316 0.020555 0.170563
25 0.476233 0.631410 0.021840 0.182589
26 0.451053 0.646170 0.031603 0.220857
27 0.422919 0.654097 0.039568 0.229057
28 0.390802 0.641523 0.045735 0.208283
29 0.346545 0.621704 0.072300 0.208194
30 0.292828 0.599155 0.076365 0.207577
31 0.243467 0.534287 0.076365 0.176687