0 0.484127 0.396222 0.028912 0.218314
1 0.453548 0.388879 0.028478 0.217534
2 0.422736 0.368268 0.035948 0.261736
3 0.402311 0.383912 0.039449 0.218527
4 0.376517 0.377953 0.036415 0.214554
5 0.339102 0.394635 0.033873 0.104973
6 0.305632 0.389525 0.045879 0.206336
7 0.265797 0.369652 0.039286 0.186462
8 0.514973 0.389233 0.031593 0.229133
9 0.547253 0.390987 0.030769 0.217442
10 0.577060 0.377543 0.034341 0.258359
11 0.599176 0.383972 0.037912 0.232640
12 0.626099 0.374620 0.037912 0.240823
13 0.656250 0.386724 0.036139 0.125742
14 0.694868 0.349692 0.044383 0.216897
15 0.734397 0.333830 0.041609 0.219111
16 0.506340 0.611139 0.023669 0.199458
17 0.523352 0.628811 0.021767 0.200086
18 0.549873 0.645222 0.031699 0.239204
19 0.574915 0.631958 0.036982 0.213575
20 0.605135 0.630609 0.049239 0.214475
21 0.645076 0.596662 0.083052 0.180752
22 0.688398 0.554846 0.068681 0.174457
23 0.718963 0.518647 0.025227 0.038597
24 0.493814 0.613118 0.018441 0.149492
25 0.479108 0.614856 0.020775 0.193694
26 0.456933 0.644407 0.025444 0.216044
27 0.432190 0.645897 0.039449 0.235910
28 0.408613 0.625534 0.050654 0.222004
29 0.371265 0.594741 0.083800 0.179292
30 0.322211 0.556020 0.074557 0.080425