0 0.476732 0.411923 0.029221 0.237174
2 0.432754 0.347340 0.025097 0.162244
3 0.411840 0.382938 0.038610 0.207426
4 0.383526 0.378830 0.034106 0.215641
5 0.351190 0.367192 0.047297 0.200581
6 0.314994 0.316534 0.044402 0.203319
8 0.508526 0.412717 0.031210 0.232756
9 0.530727 0.405186 0.032497 0.231386
10 0.565959 0.397656 0.036036 0.251924
11 0.590213 0.415466 0.021800 0.065132
12 0.605288 0.413492 0.038961 0.207240
13 0.641466 0.431749 0.051948 0.210200
14 0.682050 0.390301 0.034787 0.085856
15 0.721475 0.362669 0.036642 0.212174
16 0.511335 0.653826 0.027640 0.198890
17 0.530280 0.671006 0.032609 0.190961
18 0.558915 0.697951 0.032902 0.230357
19 0.585349 0.681796 0.035714 0.229160
20 0.616423 0.678805 0.033746 0.201637
23 0.741422 0.551284 0.094888 0.110257
24 0.490546 0.655209 0.023109 0.204869
25 0.468312 0.652974 0.022059 0.201889
26 0.441001 0.656326 0.039566 0.211574
27 0.415616 0.648877 0.038515 0.198164
30 0.297619 0.553519 0.070028 0.095357
31 0.274685 0.471199 0.079482 0.140801