0 0.477255 0.508681 0.028019 0.217030
1 0.452081 0.491188 0.029034 0.210470
2 0.423176 0.458660 0.033916 0.239444
3 0.396326 0.455927 0.040853 0.206643
4 0.366007 0.444720 0.038798 0.207190
6 0.294836 0.406453 0.054214 0.202816
7 0.257708 0.277711 0.033916 0.088561
8 0.505910 0.505948 0.028263 0.221403
9 0.532888 0.516881 0.025180 0.186416
10 0.560509 0.491461 0.037770 0.235070
11 0.588386 0.485994 0.040082 0.220857
12 0.621403 0.468774 0.037770 0.218123
13 0.661871 0.453467 0.052929 0.212657
14 0.705935 0.424767 0.050103 0.194616
15 0.729317 0.362992 0.047533 0.112615
16 0.500771 0.725165 0.025180 0.172203
17 0.523510 0.724071 0.023381 0.167829
18 0.547919 0.745938 0.034173 0.227964
19 0.584147 0.742111 0.038284 0.217030
20 0.625385 0.710131 0.058068 0.182589
21 0.667009 0.682251 0.077595 0.206643
22 0.719296 0.640703 0.070658 0.196803
24 0.478803 0.724891 0.030576 0.158536
25 0.462616 0.716418 0.037770 0.189696
26 0.430370 0.740745 0.049332 0.240537
27 0.400051 0.719971 0.048304 0.211017
28 0.368705 0.685257 0.056012 0.170016
29 0.320401 0.659017 0.093525 0.202816
30 0.267600 0.600796 0.083505 0.164003