0 0.476248 0.453714 0.032247 0.185912
1 0.450069 0.443754 0.031900 0.192552
2 0.422330 0.436746 0.033981 0.216897
3 0.398752 0.452607 0.035368 0.182223
4 0.368239 0.450763 0.031207 0.168206
5 0.330444 0.432319 0.047157 0.194765
6 0.285194 0.419409 0.045423 0.189601
8 0.509535 0.454452 0.033634 0.177059
9 0.537275 0.442279 0.030166 0.182223
10 0.566748 0.440066 0.036408 0.214684
11 0.594487 0.454820 0.039182 0.192552
12 0.625520 0.457403 0.036061 0.178535
13 0.664355 0.447443 0.052011 0.194027
16 0.514456 0.644691 0.020408 0.167656
17 0.526644 0.644691 0.023243 0.182130
18 0.548044 0.670321 0.026361 0.187557
19 0.573129 0.664291 0.039683 0.185145
20 0.599915 0.653435 0.040533 0.163434
21 0.641865 0.646198 0.073413 0.170671
22 0.709184 0.635644 0.054989 0.075988
23 0.742630 0.552721 0.071995 0.122425
24 0.498583 0.641675 0.023810 0.162831
25 0.478033 0.653435 0.021259 0.171877
26 0.454507 0.666401 0.025227 0.186954
27 0.425879 0.652832 0.039399 0.180320
28 0.397817 0.645897 0.041100 0.154388
29 0.359552 0.633534 0.063209 0.169465
30 0.310941 0.611521 0.059524 0.162831
31 0.264172 0.552118 0.065193 0.117600