0 0.489598 0.362971 0.029126 0.212471
1 0.462552 0.351167 0.027739 0.208044
2 0.435160 0.311329 0.035368 0.259687
3 0.403953 0.320920 0.039528 0.222799
4 0.374653 0.307640 0.035021 0.213946
5 0.339979 0.298049 0.044730 0.199191
6 0.289875 0.257473 0.049237 0.185912
8 0.519244 0.360758 0.032247 0.216897
9 0.549411 0.359651 0.029473 0.214684
10 0.578710 0.333830 0.030513 0.248620
11 0.603329 0.340839 0.036061 0.212471
12 0.630201 0.318706 0.034327 0.231652
13 0.662621 0.317600 0.048544 0.214684
14 0.698162 0.289565 0.034327 0.158615
16 0.531553 0.563269 0.029126 0.170419
17 0.549237 0.556261 0.031207 0.159353
18 0.579057 0.572491 0.047850 0.205093
19 0.604022 0.562162 0.040915 0.191814
20 0.633669 0.553678 0.053745 0.202880
23 0.745564 0.433901 0.081280 0.131157
24 0.507857 0.566489 0.020714 0.164894
25 0.487321 0.565350 0.022500 0.165653
26 0.456446 0.577223 0.043554 0.205723
27 0.431039 0.573208 0.044425 0.208812
28 0.395180 0.556528 0.054588 0.205105
29 0.354094 0.524403 0.082753 0.187807
30 0.310105 0.471273 0.079559 0.168038
31 0.265679 0.425248 0.084204 0.169892
15 0.725352 0.247228 0.028169 0.134852