0 0.490591 0.436103 0.034946 0.200670
1 0.456610 0.413267 0.039160 0.215965
2 0.425752 0.399936 0.043233 0.259958
3 0.392701 0.424599 0.042293 0.191969
4 0.356203 0.412601 0.037594 0.197302
5 0.312970 0.383605 0.054511 0.199301
6 0.270677 0.347611 0.048246 0.200635
7 0.237469 0.331614 0.046992 0.139311
8 0.525063 0.435930 0.034461 0.203967
9 0.557331 0.429598 0.035714 0.223298
10 0.595708 0.405602 0.046053 0.259292
11 0.624530 0.430931 0.040414 0.191303
12 0.657895 0.422266 0.036967 0.199301
13 0.695332 0.394270 0.051692 0.208633
14 0.741071 0.378606 0.044173 0.189303
16 0.515977 0.634232 0.022556 0.173972
17 0.534618 0.636898 0.027256 0.177972
18 0.565946 0.668560 0.034148 0.231963
19 0.596335 0.648563 0.036028 0.197302
20 0.634712 0.635898 0.052005 0.182637
21 0.677788 0.609902 0.076128 0.189303
22 0.732299 0.565576 0.080514 0.183304
24 0.494831 0.637565 0.022243 0.173972
25 0.471491 0.644230 0.025063 0.187303
26 0.442982 0.657228 0.038847 0.237295
27 0.405858 0.648563 0.044799 0.201301
28 0.365915 0.632899 0.063283 0.180638
29 0.320959 0.595238 0.086779 0.181304
30 0.265821 0.537247 0.083647 0.182637