0 0.483709 0.438930 0.034461 0.213966
1 0.450345 0.442929 0.036654 0.183304
2 0.414787 0.425932 0.033208 0.213299
3 0.386905 0.428598 0.035714 0.182637
4 0.356986 0.418266 0.035401 0.192636
5 0.316573 0.402936 0.054198 0.189970
6 0.273810 0.387271 0.043233 0.174639
7 0.268014 0.277289 0.068609 0.101317
8 0.517857 0.455260 0.035714 0.194636
9 0.552475 0.457260 0.036028 0.195969
10 0.583647 0.449261 0.038847 0.218632
11 0.612155 0.451594 0.040727 0.200635
12 0.644267 0.442263 0.035401 0.199301
13 0.685307 0.430598 0.052945 0.203967
14 0.730107 0.420599 0.043546 0.170639
15 0.756892 0.320615 0.038221 0.155975
16 0.505796 0.667893 0.021617 0.158641
17 0.530702 0.672892 0.028195 0.156642
18 0.559680 0.684224 0.036028 0.183304
19 0.591009 0.681224 0.037281 0.185304
20 0.624433 0.666703 0.045351 0.168259
21 0.674887 0.655847 0.080499 0.167053
22 0.735261 0.612727 0.077098 0.166450
24 0.483418 0.666703 0.030329 0.165846
25 0.457058 0.659466 0.037698 0.165846
26 0.423328 0.669718 0.048469 0.173083
27 0.395833 0.653134 0.047902 0.174893
28 0.366638 0.644389 0.055839 0.163434
29 0.324405 0.623884 0.077381 0.177908
30 0.271259 0.577447 0.075397 0.161022
31 0.232568 0.514426 0.062642 0.150770