0 0.478104 0.369536 0.024235 0.163736
8 0.508503 0.367727 0.026361 0.165545
1 0.453634 0.398270 0.026942 0.184637
2 0.423872 0.380939 0.038221 0.247294
3 0.396930 0.384938 0.036341 0.235296
4 0.367011 0.368608 0.035401 0.231963
5 0.326441 0.367608 0.047619 0.212633
6 0.282425 0.351944 0.044173 0.226630
7 0.245301 0.381272 0.037594 0.207967
9 0.533991 0.393270 0.029762 0.211966
10 0.565006 0.381606 0.046679 0.253959
11 0.590852 0.379606 0.047619 0.239295
12 0.619204 0.380939 0.043546 0.223298
13 0.659774 0.370274 0.063283 0.224631
14 0.715852 0.363608 0.048872 0.209966
16 0.481986 0.587906 0.019737 0.194636
17 0.498590 0.587906 0.034148 0.218632
18 0.525063 0.624567 0.036341 0.229297
19 0.553885 0.629566 0.046366 0.200635
20 0.587563 0.643564 0.049185 0.212633
21 0.640508 0.621567 0.106203 0.209966
22 0.702068 0.592572 0.081454 0.197302
23 0.744831 0.548912 0.047306 0.083320
24 0.464599 0.595905 0.020050 0.185304
25 0.445272 0.593963 0.030319 0.208283
26 0.420735 0.648083 0.050617 0.237804
27 0.395170 0.634416 0.043679 0.202816
28 0.368063 0.627036 0.053186 0.200083
29 0.330293 0.605716 0.071172 0.205550
30 0.281860 0.575376 0.066290 0.185323