0 0.498786 0.418302 0.026699 0.209520
1 0.473301 0.413876 0.024965 0.205093
2 0.446602 0.401334 0.033981 0.225750
3 0.420076 0.412400 0.037101 0.203618
4 0.392337 0.417933 0.035714 0.168944
5 0.354716 0.388423 0.050624 0.211733
6 0.307732 0.410187 0.046810 0.199191
7 0.264563 0.416089 0.036755 0.182961
8 0.526352 0.416458 0.027739 0.219111
9 0.554092 0.412400 0.025659 0.208044
10 0.582004 0.412031 0.028086 0.205831
11 0.608010 0.420515 0.033634 0.215422
12 0.634362 0.424573 0.030860 0.196978
13 0.669556 0.416827 0.052011 0.194765
14 0.706311 0.424573 0.045076 0.173370
15 0.742545 0.403547 0.039182 0.191814
16 0.521773 0.632565 0.017231 0.191969
17 0.541110 0.635236 0.021069 0.193523
18 0.564491 0.656283 0.026208 0.224683
19 0.591855 0.649723 0.026465 0.197350
20 0.614466 0.637697 0.037770 0.190790
21 0.651336 0.624303 0.060637 0.181496
22 0.702081 0.616376 0.063977 0.194070
23 0.745632 0.564715 0.058068 0.144322
24 0.503726 0.628676 0.019784 0.189150
25 0.483171 0.630590 0.020298 0.191883
26 0.458762 0.643163 0.024923 0.230150
27 0.430498 0.628676 0.034687 0.203363
28 0.402364 0.616376 0.044193 0.199536
29 0.364337 0.602436 0.065776 0.190243
30 0.311023 0.574829 0.056783 0.114255