0 0.474270 0.377439 0.029186 0.218976
1 0.445469 0.381933 0.031490 0.193646
2 0.418203 0.385610 0.047619 0.204268
3 0.399962 0.410939 0.045699 0.181390
4 0.371160 0.417067 0.041859 0.213256
8 0.505952 0.373762 0.036482 0.200183
9 0.533410 0.393780 0.030722 0.173220
10 0.567588 0.388061 0.052995 0.235317
11 0.589670 0.412165 0.061060 0.223061
12 0.617127 0.426463 0.056068 0.217342
13 0.659562 0.444439 0.072581 0.199366
14 0.703533 0.453835 0.048387 0.205085
16 0.515361 0.607445 0.023041 0.200183
17 0.532450 0.622970 0.026498 0.224695
18 0.554531 0.648299 0.034562 0.234500
21 0.654570 0.670360 0.065668 0.192012
22 0.702957 0.678939 0.052611 0.202634
23 0.740625 0.642002 0.019643 0.064590
25 0.476258 0.621719 0.020698 0.238326
26 0.451299 0.624741 0.031656 0.235735
27 0.422281 0.638557 0.029627 0.221919
29 0.369115 0.616106 0.028815 0.104483
28 0.390219 0.644601 0.017451 0.045765
30 0.321834 0.613947 0.077922 0.179608