0 0.493249 0.404033 0.032666 0.276151
1 0.462544 0.408203 0.029617 0.252984
2 0.431838 0.369746 0.042247 0.322485
3 0.401473 0.396978 0.041835 0.257920
4 0.369505 0.398074 0.038462 0.233809
5 0.327095 0.365925 0.056662 0.245499
6 0.281937 0.344006 0.059066 0.210428
7 0.257898 0.232581 0.043956 0.154168
8 0.527129 0.407938 0.035714 0.278379
9 0.562157 0.408303 0.033654 0.260112
10 0.592891 0.375058 0.033310 0.309066
11 0.620879 0.399170 0.040522 0.249152
12 0.653846 0.383826 0.035027 0.241846
13 0.694025 0.377250 0.054945 0.225772
14 0.737981 0.363368 0.050137 0.205313
15 0.752747 0.243906 0.051511 0.162205
16 0.518716 0.658186 0.020261 0.200199
17 0.538290 0.665127 0.027129 0.233078
18 0.568166 0.689970 0.033310 0.279840
19 0.600618 0.666954 0.032967 0.242577
20 0.633929 0.660744 0.042582 0.256459
21 0.681319 0.627499 0.077610 0.238193
22 0.736435 0.609963 0.064217 0.233809
23 0.791724 0.542378 0.069025 0.180471
24 0.497768 0.658186 0.020261 0.201660
25 0.475103 0.660378 0.025069 0.214812
26 0.445742 0.690700 0.037775 0.275456
27 0.414835 0.666589 0.038462 0.250614
28 0.375172 0.664031 0.057349 0.252806
29 0.327095 0.617635 0.099245 0.234539
30 0.276786 0.580737 0.075549 0.232347
31 0.219952 0.531783 0.075893 0.162205