0 0.507455 0.504249 0.029473 0.146811
1 0.474861 0.523062 0.028086 0.172633
2 0.444787 0.503494 0.034072 0.114418
5 0.352891 0.572623 0.061224 0.081416
8 0.541879 0.510656 0.034439 0.178210
9 0.573413 0.509381 0.028660 0.172614
10 0.604396 0.505845 0.029533 0.212620
16 0.531179 0.708918 0.024376 0.167053
17 0.550312 0.714346 0.027494 0.177908
18 0.575255 0.733041 0.028061 0.214093
19 0.605726 0.721583 0.023243 0.200825
20 0.625709 0.702586 0.025794 0.196603
24 0.511054 0.712235 0.020408 0.172480
25 0.489654 0.719774 0.027494 0.177908
26 0.465986 0.736057 0.034580 0.216505
27 0.436791 0.733645 0.035147 0.202031
28 0.410714 0.733645 0.030612 0.192382
30 0.299153 0.702504 0.094624 0.142575