0 0.477130 0.431264 0.033835 0.215965
1 0.448308 0.426265 0.028822 0.208633
2 0.416823 0.417933 0.033521 0.247960
3 0.386278 0.423932 0.034461 0.201301
4 0.358709 0.417267 0.035088 0.201301
5 0.329104 0.386938 0.049812 0.217965
6 0.282738 0.382272 0.045426 0.204634
7 0.248590 0.354277 0.039787 0.175305
8 0.510182 0.428265 0.033521 0.221964
9 0.537281 0.420933 0.024436 0.201968
10 0.568766 0.408268 0.034774 0.239295
11 0.594142 0.416267 0.038534 0.224631
12 0.625627 0.414934 0.036341 0.221964
13 0.662437 0.396936 0.057331 0.212633
14 0.707237 0.390604 0.046053 0.194636
16 0.508070 0.641016 0.023008 0.148322
17 0.530391 0.657090 0.025069 0.162935
18 0.560440 0.654533 0.038462 0.210428
19 0.594780 0.668050 0.035714 0.195084
20 0.620021 0.636267 0.051854 0.184124
21 0.672562 0.632979 0.077266 0.202391
22 0.720810 0.607771 0.065247 0.195815
23 0.773695 0.582564 0.069368 0.135171
24 0.482658 0.640651 0.028503 0.150514
25 0.462225 0.635536 0.030907 0.176818
26 0.431490 0.641747 0.038805 0.206775
27 0.399554 0.631152 0.047047 0.213350
28 0.368990 0.614347 0.048420 0.189970
29 0.314732 0.613251 0.079327 0.200929
30 0.266827 0.597177 0.065247 0.195084
31 0.213599 0.569412 0.066621 0.116174