0 0.470669 0.494256 0.033349 0.169271
1 0.438525 0.491575 0.030939 0.170037
2 0.405778 0.476639 0.034555 0.210631
3 0.379460 0.489277 0.034957 0.185355
4 0.353142 0.487745 0.033751 0.177696
5 0.316176 0.483915 0.045002 0.160846
6 0.270773 0.465533 0.046609 0.174632
8 0.507032 0.493490 0.032948 0.163143
9 0.538372 0.488128 0.030537 0.172335
10 0.573529 0.468980 0.039778 0.215227
11 0.597838 0.484298 0.038573 0.187653
12 0.626366 0.483150 0.036162 0.183824
13 0.666345 0.471661 0.049421 0.189951
14 0.712753 0.467448 0.045805 0.181526
15 0.748513 0.477405 0.036966 0.130974
16 0.507433 0.665824 0.022501 0.149357
17 0.530738 0.668888 0.025715 0.157016
18 0.561074 0.686121 0.029331 0.199142
19 0.594222 0.681526 0.034555 0.177696
20 0.630183 0.671569 0.041385 0.168505
21 0.671569 0.666207 0.065493 0.183824
22 0.719584 0.639400 0.061074 0.160846
23 0.775233 0.621017 0.072726 0.114890
24 0.484330 0.664292 0.023706 0.144761
25 0.458615 0.668888 0.026921 0.155484
26 0.430689 0.685738 0.029733 0.204504
27 0.399550 0.673483 0.031742 0.164675
28 0.370419 0.679611 0.036966 0.178462
29 0.330039 0.666590 0.065493 0.181526
30 0.281622 0.637868 0.057859 0.163909
31 0.239634 0.621783 0.044600 0.145527