0 0.480016 0.462528 0.029378 0.203263
1 0.445017 0.470824 0.047875 0.203263
2 0.420535 0.480158 0.054766 0.212251
3 0.397142 0.499516 0.052952 0.188744
4 0.372479 0.505393 0.043522 0.185288
6 0.299579 0.546875 0.050776 0.170077
7 0.262223 0.546875 0.041346 0.183905
8 0.511026 0.464602 0.033367 0.199115
9 0.542761 0.465293 0.039533 0.190819
10 0.577397 0.456997 0.055854 0.240597
13 0.671152 0.502282 0.065646 0.169386
14 0.707965 0.504701 0.055128 0.164546
15 0.746591 0.506084 0.046787 0.153485
16 0.500537 0.667140 0.018599 0.164280
17 0.516447 0.673468 0.027772 0.184519
18 0.536939 0.704821 0.029929 0.215358
19 0.559453 0.699681 0.042062 0.208162
20 0.588034 0.704564 0.050151 0.190173
21 0.629422 0.695056 0.068755 0.174239
22 0.685421 0.710823 0.079255 0.186696
23 0.732281 0.688132 0.071721 0.165441
24 0.481284 0.667188 0.021038 0.164583
25 0.465599 0.673272 0.027074 0.191335
26 0.442747 0.704072 0.036513 0.214962
27 0.421138 0.707860 0.037506 0.203598
28 0.396423 0.710227 0.045703 0.196023
29 0.362891 0.701231 0.057129 0.169508