0 0.478884 0.447329 0.031267 0.237735
1 0.448429 0.446489 0.029643 0.207493
2 0.418380 0.409946 0.032892 0.267137
3 0.391986 0.421707 0.037764 0.206653
4 0.363358 0.409526 0.037358 0.204133
5 0.323360 0.396505 0.052383 0.216734
6 0.277272 0.377184 0.048728 0.204973
7 0.239304 0.350302 0.044261 0.183132
8 0.513197 0.453209 0.031673 0.225974
9 0.543246 0.435988 0.029237 0.226815
10 0.572889 0.414987 0.034922 0.250336
11 0.599487 0.423807 0.041825 0.212534
12 0.630957 0.414567 0.041419 0.212534
13 0.667097 0.395665 0.056850 0.208333
14 0.717247 0.378444 0.049134 0.192372
15 0.755620 0.349882 0.051977 0.170531
16 0.504467 0.669103 0.020709 0.141969
17 0.523958 0.670363 0.025582 0.166331
18 0.558474 0.688004 0.045886 0.201613
19 0.584056 0.680444 0.041013 0.186492
20 0.618369 0.669103 0.064159 0.177251
21 0.659788 0.635081 0.092584 0.166331
22 0.710952 0.593078 0.090959 0.161290
23 0.761711 0.538894 0.085274 0.145329
24 0.485991 0.663642 0.020303 0.156250
25 0.465078 0.663222 0.024770 0.172211
26 0.434420 0.690944 0.036546 0.209173
27 0.407213 0.678343 0.031673 0.189012
28 0.382443 0.655662 0.048728 0.183972
29 0.337167 0.628360 0.079995 0.159610
30 0.287829 0.599798 0.077153 0.169691
31 0.244177 0.559476 0.071062 0.154570