0 0.482504 0.488092 0.031531 0.191899
1 0.452439 0.478990 0.027132 0.190382
2 0.431174 0.449788 0.068196 0.182039
3 0.405142 0.474439 0.032265 0.184314
4 0.372877 0.456993 0.034465 0.182797
5 0.337313 0.448271 0.043997 0.182039
6 0.296615 0.427033 0.045464 0.172937
8 0.513852 0.482024 0.031165 0.205552
9 0.539884 0.478231 0.028232 0.188865
11 0.595797 0.472163 0.045464 0.207069
12 0.626962 0.475576 0.037398 0.166869
13 0.661976 0.449788 0.047297 0.185073
14 0.705057 0.429688 0.046197 0.164593
16 0.516052 0.676957 0.020165 0.149424
17 0.535850 0.674302 0.020165 0.157767
18 0.560049 0.685300 0.025298 0.182797
19 0.587364 0.692127 0.048397 0.187348
20 0.618529 0.680749 0.045464 0.167627
21 0.664726 0.665200 0.084328 0.182039
22 0.709273 0.616657 0.078828 0.160801
24 0.497353 0.681129 0.022365 0.156250
25 0.481220 0.683025 0.035564 0.150941
26 0.457572 0.701608 0.040331 0.197209
27 0.426774 0.704263 0.033731 0.179763
28 0.392493 0.698953 0.037031 0.184314
29 0.348862 0.676957 0.075895 0.188865
30 0.303581 0.628792 0.069662 0.165352