0 0.474988 0.487333 0.031898 0.179763
1 0.446389 0.492643 0.026765 0.163076
2 0.423291 0.474059 0.029698 0.201760
3 0.401109 0.466095 0.033731 0.178246
4 0.369027 0.455097 0.034831 0.172937
5 0.348679 0.437652 0.049130 0.160801
6 0.305231 0.429688 0.050230 0.170661
8 0.508169 0.483541 0.033731 0.185831
9 0.537684 0.473680 0.026765 0.184314
10 0.563715 0.458890 0.031898 0.215413
11 0.582414 0.455097 0.046564 0.207828
12 0.608079 0.436135 0.042164 0.195692
13 0.646210 0.421344 0.057563 0.179763
14 0.691124 0.406553 0.068929 0.169903
15 0.719906 0.376593 0.065629 0.125152
16 0.509110 0.671258 0.022526 0.156935
17 0.528986 0.672629 0.021864 0.154194
18 0.550352 0.683594 0.027495 0.193942
19 0.574038 0.659951 0.044390 0.169956
20 0.601864 0.656524 0.064266 0.180921
21 0.641782 0.614035 0.076522 0.169956
22 0.678221 0.584910 0.055321 0.155565
24 0.490062 0.668517 0.019545 0.143229
25 0.470186 0.669888 0.022857 0.154194
26 0.446501 0.677426 0.027164 0.192571
27 0.422981 0.666118 0.035777 0.182292
28 0.396314 0.652070 0.045383 0.177495
29 0.353249 0.622601 0.066585 0.169271
30 0.313994 0.608210 0.058965 0.150082