0 0.482723 0.477405 0.030939 0.207567
1 0.454195 0.472044 0.030939 0.202972
2 0.421247 0.452129 0.034957 0.241268
3 0.395130 0.472044 0.038171 0.183058
4 0.362584 0.466682 0.034153 0.183058
5 0.325619 0.447151 0.052636 0.205270
6 0.286644 0.433364 0.060672 0.165441
7 0.265148 0.351792 0.036966 0.097273
8 0.513661 0.472044 0.031742 0.206036
9 0.546408 0.470129 0.029733 0.196078
10 0.574534 0.438343 0.032144 0.227482
11 0.603865 0.467831 0.037769 0.171569
12 0.636210 0.463235 0.034957 0.171569
13 0.673176 0.446002 0.053439 0.193781
14 0.707128 0.415365 0.063484 0.173866
15 0.730432 0.350643 0.041787 0.090380
16 0.511451 0.682292 0.019286 0.165441
17 0.535358 0.684589 0.025313 0.177696
18 0.562078 0.696461 0.028126 0.218290
19 0.592213 0.690717 0.031340 0.183824
20 0.626969 0.684206 0.046207 0.170803
21 0.674180 0.667356 0.074735 0.179994
22 0.718378 0.635953 0.055448 0.176930
23 0.766393 0.611443 0.045403 0.091146
24 0.488950 0.681909 0.021697 0.166207
25 0.465847 0.692632 0.027724 0.189185
26 0.435913 0.712163 0.035358 0.240502
27 0.408590 0.697227 0.037769 0.189185
28 0.374036 0.684206 0.045002 0.167739
29 0.324815 0.675781 0.079155 0.187653
30 0.272983 0.641697 0.071922 0.179228
31 0.226776 0.627528 0.048618 0.094210