0 0.481770 0.486575 0.032998 0.179763
1 0.450056 0.483920 0.028965 0.169903
2 0.418158 0.489609 0.031165 0.187348
3 0.387726 0.486954 0.028965 0.201760
4 0.360228 0.490367 0.029698 0.184314
5 0.325763 0.493022 0.045831 0.168386
6 0.283416 0.483541 0.044731 0.182797
8 0.516968 0.481644 0.033731 0.194175
9 0.547766 0.482782 0.029332 0.190382
10 0.582598 0.464958 0.036664 0.227549
11 0.608446 0.475956 0.033365 0.228307
12 0.635761 0.483541 0.029332 0.193416
13 0.669859 0.483541 0.049864 0.176729
14 0.715323 0.481644 0.047664 0.183556
16 0.502303 0.681129 0.023465 0.163835
17 0.525401 0.678853 0.024932 0.156250
18 0.552533 0.689851 0.031531 0.179763
19 0.580764 0.685680 0.029332 0.180522
20 0.610279 0.692885 0.038498 0.187348
21 0.653177 0.663683 0.072962 0.182039
22 0.694607 0.655340 0.054630 0.174454
23 0.755287 0.647755 0.090194 0.103155
24 0.478136 0.674342 0.026170 0.153509
25 0.457432 0.684279 0.024514 0.165159
26 0.426293 0.693188 0.037102 0.182977
27 0.402773 0.692160 0.033127 0.175439
28 0.375775 0.696957 0.039421 0.187774
29 0.342483 0.675713 0.062941 0.164474
30 0.301406 0.659608 0.049690 0.165159
31 0.250722 0.629797 0.076191 0.104167