0 0.477901 0.469363 0.033349 0.200674
1 0.446467 0.468059 0.024663 0.197732
2 0.418903 0.455614 0.032642 0.244746
3 0.393515 0.487763 0.036994 0.195658
4 0.363412 0.493985 0.031191 0.170769
5 0.329501 0.491565 0.045336 0.168695
6 0.287611 0.480849 0.050051 0.166621
7 0.256420 0.455268 0.053678 0.155559
8 0.513202 0.474627 0.034818 0.192893
9 0.544030 0.469096 0.034818 0.187362
10 0.579936 0.452848 0.048600 0.241980
11 0.598615 0.479812 0.043160 0.203263
12 0.629624 0.490183 0.036269 0.171460
13 0.670427 0.473935 0.049688 0.194275
14 0.717576 0.474972 0.047512 0.176991
15 0.755658 0.462873 0.051864 0.183213
16 0.515922 0.675124 0.017772 0.173534
17 0.537865 0.675124 0.021036 0.168003
18 0.560170 0.693100 0.025025 0.209486
19 0.585558 0.683075 0.037357 0.204646
20 0.616205 0.673396 0.041346 0.178374
21 0.662447 0.668902 0.069999 0.181831
22 0.711229 0.651963 0.060206 0.165929
24 0.495793 0.670631 0.021036 0.168695
25 0.477114 0.678236 0.023575 0.181139
26 0.447918 0.697940 0.041346 0.221930
27 0.422711 0.692754 0.043160 0.207412
28 0.390251 0.682038 0.053678 0.183213
29 0.347454 0.672705 0.070361 0.172843
30 0.301574 0.658186 0.059118 0.159015