0 0.486907 0.470824 0.035181 0.160398
1 0.456260 0.474972 0.050051 0.176991
2 0.424525 0.466330 0.043885 0.213634
3 0.398411 0.487763 0.042434 0.184596
4 0.369941 0.502282 0.034818 0.180448
5 0.327688 0.506430 0.056942 0.180448
6 0.282714 0.496405 0.048963 0.175608
8 0.521000 0.462528 0.037357 0.199115
9 0.557450 0.468750 0.031191 0.189436
10 0.590273 0.446626 0.036631 0.228153
11 0.612578 0.478775 0.038445 0.172152
12 0.644676 0.480158 0.030828 0.165238
13 0.683121 0.491220 0.054040 0.176300
14 0.725011 0.477046 0.044248 0.178374
15 0.769621 0.464602 0.045699 0.178374
16 0.528253 0.675470 0.019948 0.146571
17 0.549652 0.683421 0.022124 0.159707
18 0.573770 0.683075 0.027564 0.207412
19 0.603329 0.686186 0.031554 0.190127
20 0.632163 0.678927 0.034093 0.170077
22 0.715944 0.665100 0.060206 0.174226
23 0.763456 0.624654 0.065284 0.137583
24 0.506673 0.660951 0.023212 0.139657
25 0.484426 0.685312 0.027213 0.165625
26 0.455738 0.695625 0.028852 0.193750
27 0.427377 0.700937 0.031803 0.185625
28 0.395082 0.705937 0.028852 0.183125
29 0.355082 0.700000 0.062951 0.167500
30 0.305082 0.693438 0.060000 0.175625
31 0.250000 0.655625 0.071803 0.168750