1 0.450340 0.474609 0.039653 0.119531
7 0.260763 0.527344 0.039653 0.153125
9 0.553625 0.500000 0.035498 0.171875
10 0.587802 0.481641 0.043429 0.230469
11 0.607440 0.516016 0.032100 0.172656
12 0.630853 0.529687 0.035121 0.184375
14 0.700718 0.549609 0.051737 0.160156
15 0.740181 0.531641 0.031722 0.161719
16 0.510385 0.679688 0.020015 0.160938
17 0.525784 0.675178 0.026097 0.166413
18 0.550039 0.703443 0.033466 0.207698
19 0.578286 0.704078 0.035308 0.194995
24 0.491704 0.662792 0.018115 0.131479
25 0.473443 0.672047 0.020548 0.148208
26 0.448591 0.704216 0.030267 0.207950
27 0.418740 0.706801 0.035543 0.201631
28 0.393610 0.709099 0.041930 0.200483
30 0.314610 0.706227 0.056647 0.174058
31 0.271292 0.692153 0.063311 0.148208