0 0.474071 0.476714 0.031531 0.210103
1 0.444739 0.478231 0.025665 0.194933
2 0.417241 0.451305 0.030065 0.239684
3 0.392859 0.469508 0.031898 0.197209
4 0.367377 0.456993 0.032998 0.194933
5 0.335479 0.442961 0.046930 0.186590
6 0.295699 0.420586 0.046564 0.181280
7 0.255368 0.420206 0.045831 0.159284
8 0.507252 0.472922 0.031898 0.210103
9 0.537500 0.461544 0.028598 0.207069
10 0.563899 0.436514 0.032265 0.237409
11 0.591397 0.438789 0.037398 0.217688
12 0.618162 0.431963 0.038131 0.196450
13 0.652810 0.421723 0.050964 0.185073
14 0.701024 0.398210 0.048397 0.180522
16 0.492620 0.680643 0.020831 0.167491
17 0.515214 0.681767 0.024180 0.158498
18 0.539530 0.678114 0.039123 0.200652
19 0.565884 0.666311 0.041296 0.172549
20 0.592509 0.641580 0.053794 0.159060
21 0.632742 0.612382 0.091767 0.165861
22 0.683912 0.587109 0.083837 0.164844
23 0.724800 0.555339 0.052319 0.166829
24 0.470087 0.680664 0.021242 0.176595
25 0.454549 0.676188 0.026356 0.175781
26 0.427013 0.688802 0.031077 0.197754
27 0.403213 0.682292 0.034617 0.178223
28 0.376857 0.670492 0.051926 0.174154
29 0.340469 0.630615 0.075135 0.167643
30 0.294247 0.602946 0.077889 0.170898