0 0.490507 0.468306 0.029182 0.192649
1 0.461996 0.463858 0.026117 0.199328
2 0.437114 0.441224 0.029294 0.218312
3 0.415761 0.449985 0.035294 0.190567
4 0.388938 0.442684 0.031059 0.183265
5 0.356644 0.441589 0.048352 0.169393
6 0.314291 0.418224 0.041294 0.205900
7 0.284644 0.416399 0.052588 0.155520
8 0.522172 0.468239 0.030706 0.199328
9 0.547760 0.467874 0.028235 0.191297
10 0.571230 0.454731 0.032117 0.214661
11 0.592406 0.458747 0.031411 0.186186
12 0.617465 0.459112 0.032823 0.169393
13 0.650641 0.442684 0.051176 0.186186
14 0.696699 0.434652 0.049411 0.175964
15 0.718229 0.371495 0.052235 0.144568
16 0.511562 0.667969 0.026145 0.140024
17 0.530734 0.664363 0.023240 0.149639
18 0.554264 0.679688 0.026145 0.198317
19 0.578521 0.670072 0.034569 0.187500
20 0.606118 0.657752 0.043284 0.189303
21 0.644754 0.644531 0.053161 0.138822
22 0.685278 0.624700 0.070300 0.180889
23 0.747444 0.612680 0.074948 0.103966
24 0.493115 0.668570 0.021787 0.143630
25 0.472781 0.669772 0.030502 0.155649
26 0.446055 0.670373 0.040379 0.176082
27 0.424268 0.664663 0.039217 0.179087
28 0.397978 0.656550 0.055775 0.185697
29 0.367331 0.639123 0.076981 0.173678
30 0.321433 0.627404 0.067685 0.187500
31 0.266674 0.573618 0.077853 0.129207