0 0.479204 0.471784 0.034465 0.209345
1 0.448772 0.468371 0.033731 0.201001
2 0.416874 0.444099 0.030798 0.240443
3 0.391943 0.452442 0.030798 0.181280
5 0.360595 0.426274 0.048764 0.200243
6 0.319530 0.406933 0.043631 0.181280
7 0.304131 0.315155 0.042164 0.157008
8 0.514768 0.474439 0.035198 0.201001
9 0.544650 0.463441 0.031165 0.195692
10 0.574348 0.438789 0.033365 0.244994
11 0.599463 0.444478 0.035198 0.180522
13 0.633194 0.419827 0.056463 0.190382
14 0.682141 0.408070 0.051697 0.174454
15 0.692591 0.315913 0.059396 0.135771
16 0.510369 0.669751 0.027132 0.141080
17 0.537317 0.667476 0.026765 0.142597
18 0.565915 0.681129 0.028965 0.194175
19 0.597080 0.653444 0.047297 0.161559
21 0.649327 0.625000 0.100461 0.185073
22 0.691124 0.583283 0.071129 0.162318
23 0.751254 0.575319 0.068196 0.123635
24 0.486720 0.665200 0.025298 0.133495
25 0.456472 0.671268 0.037398 0.150182
26 0.424757 0.683783 0.044364 0.196450
27 0.397992 0.657236 0.045097 0.163076
29 0.349595 0.635998 0.088361 0.185831
30 0.294965 0.579490 0.090561 0.130461
31 0.251335 0.552564 0.060496 0.105431