0 0.473338 0.473680 0.032998 0.214654
1 0.439606 0.471025 0.032265 0.195692
2 0.408992 0.446754 0.032631 0.248786
3 0.384060 0.478990 0.035564 0.194933
4 0.357661 0.474818 0.037031 0.192658
5 0.316414 0.471784 0.050597 0.186590
6 0.273700 0.460407 0.045831 0.185073
7 0.236119 0.455856 0.047664 0.171420
8 0.507986 0.473680 0.033365 0.208586
9 0.537500 0.468750 0.030065 0.213896
10 0.570865 0.455097 0.038864 0.250303
11 0.595980 0.471405 0.040698 0.216171
12 0.627328 0.476335 0.039598 0.195692
13 0.671875 0.464199 0.063429 0.177488
14 0.715506 0.468750 0.044364 0.172937
15 0.756937 0.469508 0.045097 0.177488
16 0.502303 0.673544 0.021265 0.151699
17 0.525218 0.686817 0.027498 0.169144
18 0.552533 0.696299 0.029332 0.210862
19 0.577465 0.688714 0.032998 0.212379
20 0.610829 0.679232 0.043997 0.196450
21 0.658676 0.663304 0.071496 0.190382
22 0.711656 0.639791 0.076995 0.175212
24 0.479021 0.671647 0.023099 0.144873
25 0.456289 0.681129 0.026765 0.168386
26 0.429157 0.699712 0.031898 0.222239
27 0.403492 0.684921 0.031165 0.203277
28 0.374344 0.676198 0.040331 0.201001
29 0.330346 0.662546 0.071129 0.190382
30 0.275166 0.645100 0.071496 0.152458
31 0.227503 0.609072 0.081028 0.113774