0 0.485826 0.490318 0.033835 0.188969
1 0.453646 0.496661 0.027583 0.172276
2 0.426799 0.495660 0.039352 0.202324
3 0.405652 0.519364 0.044868 0.174947
4 0.380092 0.522369 0.038616 0.175614
5 0.344418 0.526042 0.059947 0.178953
6 0.305250 0.545072 0.055901 0.163595
8 0.520580 0.484308 0.034938 0.186298
9 0.552025 0.489650 0.027215 0.171608
10 0.575195 0.480636 0.031628 0.206998
11 0.601122 0.503339 0.035674 0.168269
12 0.627418 0.498998 0.032364 0.183627
13 0.661253 0.506010 0.050017 0.174947
14 0.702443 0.526709 0.043397 0.169605
16 0.500500 0.672844 0.021681 0.125969
17 0.524016 0.679506 0.023349 0.141715
18 0.548533 0.703731 0.036358 0.192587
19 0.571882 0.698886 0.033690 0.178052
20 0.599401 0.702217 0.035357 0.167757
21 0.637760 0.698280 0.060708 0.162306
22 0.694966 0.704336 0.085058 0.157461
23 0.741331 0.673147 0.077720 0.160489
24 0.479653 0.667091 0.019346 0.125363
25 0.458639 0.683745 0.024016 0.133236
26 0.435790 0.704336 0.030354 0.179264
27 0.412774 0.711301 0.035024 0.173813
28 0.387090 0.721596 0.041028 0.176235
29 0.352066 0.711604 0.062376 0.164729
30 0.296362 0.720385 0.075718 0.164123
31 0.249496 0.679809 0.072049 0.161701