0 0.477463 0.470430 0.034110 0.215054
1 0.451272 0.473790 0.028831 0.203293
2 0.418786 0.464550 0.036140 0.241935
3 0.401325 0.479671 0.039389 0.204973
4 0.390565 0.455309 0.046292 0.201613
6 0.309757 0.464550 0.051977 0.191532
8 0.516243 0.470850 0.043449 0.214214
9 0.543652 0.479671 0.038170 0.196573
10 0.572280 0.462450 0.039389 0.251176
11 0.594208 0.482611 0.036952 0.222614
12 0.623242 0.477991 0.037358 0.221774
13 0.655321 0.480511 0.048728 0.199933
14 0.696131 0.472950 0.045886 0.184812
15 0.734301 0.460769 0.041013 0.195733
16 0.523018 0.697057 0.016499 0.168386
17 0.533467 0.687197 0.024199 0.185073
18 0.556199 0.730810 0.035198 0.228307
19 0.577281 0.714502 0.035564 0.197209
20 0.605330 0.720950 0.043264 0.201001
21 0.639244 0.691748 0.062696 0.189624
22 0.686725 0.680749 0.065996 0.176729
23 0.738605 0.642825 0.076629 0.116050
24 0.510552 0.683404 0.020165 0.168386
25 0.488003 0.697057 0.022732 0.183556
26 0.465638 0.716778 0.029332 0.229066
27 0.436673 0.721329 0.030065 0.204794
28 0.413758 0.717916 0.053163 0.217688
29 0.377644 0.689851 0.065996 0.197967
30 0.321914 0.689472 0.071129 0.192658
31 0.266184 0.660649 0.049130 0.138046