0 0.491475 0.482812 0.031475 0.181875
1 0.460492 0.490312 0.031148 0.170625
2 0.431803 0.480938 0.034098 0.200625
3 0.404590 0.492188 0.037377 0.191875
4 0.376885 0.506250 0.033115 0.175000
5 0.339180 0.503750 0.050164 0.177500
6 0.293279 0.489063 0.042295 0.199375
7 0.256066 0.496875 0.047869 0.163750
8 0.522623 0.486562 0.034754 0.181875
9 0.553934 0.492500 0.033115 0.176250
10 0.584426 0.480938 0.033770 0.211875
11 0.609016 0.506250 0.037049 0.170000
12 0.634918 0.513750 0.032459 0.161250
13 0.671148 0.501875 0.049836 0.186250
14 0.714262 0.495000 0.044262 0.173750
15 0.754262 0.490313 0.045574 0.150625
16 0.506721 0.676875 0.020000 0.170000
17 0.525738 0.690937 0.024590 0.186875
18 0.550492 0.705625 0.027541 0.183750
19 0.575246 0.705937 0.033115 0.188125
20 0.603770 0.699687 0.037049 0.160625
21 0.644098 0.701250 0.062623 0.175000
22 0.687541 0.695312 0.052459 0.166875
23 0.738525 0.652813 0.050820 0.074375
24 0.489344 0.678125 0.020000 0.171250
25 0.468852 0.687188 0.022951 0.175625
26 0.444098 0.705937 0.027213 0.194375
27 0.418361 0.706875 0.030820 0.190000
28 0.391803 0.701250 0.034754 0.165000
29 0.353770 0.702500 0.058361 0.173750
30 0.307541 0.694688 0.048525 0.173125
31 0.246393 0.649062 0.077049 0.093125