0 0.504497 0.477046 0.031191 0.194967
1 0.473306 0.465985 0.024663 0.181139
2 0.429784 0.460454 0.066009 0.206029
3 0.404577 0.482232 0.050413 0.173534
4 0.377557 0.491220 0.040621 0.183213
5 0.335485 0.489837 0.053678 0.192893
6 0.284709 0.473244 0.050776 0.190127
7 0.244814 0.480503 0.034818 0.128595
8 0.545481 0.476355 0.031916 0.196350
9 0.579573 0.479812 0.031916 0.152102
10 0.579936 0.417588 0.063833 0.215708
11 0.616386 0.478429 0.041709 0.199115
12 0.647759 0.490183 0.030466 0.175608
13 0.684934 0.477738 0.047512 0.193584
14 0.730995 0.460454 0.046787 0.179757
16 0.524671 0.667301 0.021570 0.155736
17 0.545567 0.666787 0.022918 0.155736
18 0.571182 0.687860 0.027772 0.197882
19 0.599898 0.697111 0.028041 0.171155
20 0.628074 0.697625 0.040714 0.170127
21 0.669866 0.688888 0.066598 0.180407
22 0.712468 0.669356 0.052578 0.176295
23 0.772595 0.606651 0.073609 0.102282
24 0.503505 0.666273 0.021840 0.152652
25 0.482339 0.673725 0.023188 0.161390
26 0.458477 0.699938 0.032086 0.208676
27 0.427470 0.699424 0.044489 0.198396
28 0.403068 0.709961 0.046915 0.194799
29 0.351300 0.699424 0.081967 0.185033
30 0.304249 0.682977 0.063902 0.188117
31 0.235359 0.635691 0.088978 0.107936