0 0.477674 0.452939 0.033718 0.239955
1 0.448901 0.441313 0.033718 0.231585
2 0.420578 0.404576 0.032819 0.267857
3 0.404393 0.441313 0.041811 0.199963
4 0.373822 0.433873 0.035516 0.199963
5 0.335608 0.412946 0.054399 0.212054
6 0.294022 0.390625 0.059344 0.206473
7 0.270869 0.303664 0.045407 0.121838
8 0.511392 0.454334 0.032819 0.239025
9 0.541963 0.445033 0.033718 0.226004
10 0.573434 0.415737 0.034617 0.277158
11 0.599959 0.433873 0.038214 0.218564
12 0.630979 0.421317 0.036416 0.212054
13 0.666046 0.408296 0.051701 0.206473
14 0.704035 0.371094 0.062941 0.193452
15 0.726065 0.302734 0.046756 0.110677
16 0.507069 0.679232 0.023465 0.140322
17 0.524301 0.675061 0.027132 0.166869
18 0.555466 0.700091 0.033731 0.238167
19 0.587181 0.668234 0.045097 0.201760
20 0.622745 0.658753 0.066363 0.211620
21 0.664176 0.625758 0.083228 0.195692
22 0.710556 0.583283 0.076995 0.194175
23 0.763720 0.582145 0.062330 0.114533
24 0.488571 0.665433 0.021201 0.146656
25 0.466045 0.674685 0.027826 0.158306
26 0.441532 0.686678 0.039089 0.241228
27 0.413043 0.673657 0.040414 0.211075
28 0.383560 0.653440 0.060290 0.203536
29 0.339833 0.626028 0.078841 0.200795
30 0.285671 0.592448 0.085135 0.198054
31 0.232337 0.585595 0.059959 0.114446