0 0.476835 0.464759 0.036974 0.199558
1 0.444538 0.466033 0.032074 0.178329
2 0.411351 0.433764 0.033411 0.242867
3 0.384400 0.449474 0.038311 0.192765
8 0.512251 0.468156 0.032965 0.202955
9 0.544102 0.465183 0.032520 0.191916
10 0.574171 0.434188 0.031183 0.259001
11 0.598895 0.453719 0.037865 0.202955
12 0.628074 0.462211 0.033856 0.189368
13 0.662598 0.461362 0.045884 0.197860
16 0.510849 0.662377 0.018081 0.133272
17 0.529160 0.662334 0.018860 0.145188
18 0.554729 0.684112 0.030103 0.194275
19 0.583926 0.672359 0.034093 0.176300
20 0.618018 0.676507 0.048600 0.195658
21 0.656282 0.653001 0.065646 0.174917
22 0.707058 0.618778 0.072175 0.157633
23 0.757471 0.587666 0.054040 0.091261
24 0.490534 0.661988 0.018497 0.136200
25 0.470405 0.658186 0.021036 0.138274
26 0.444110 0.680310 0.030828 0.196350
27 0.415820 0.671322 0.033730 0.196350
28 0.380277 0.656803 0.050413 0.182522
29 0.341107 0.620160 0.072900 0.170077
30 0.295046 0.614629 0.074351 0.181139
31 0.252793 0.587666 0.049325 0.106471