1 0.437856 0.471552 0.020492 0.055197
2 0.410014 0.494056 0.042320 0.225883
3 0.377272 0.505944 0.038311 0.200408
4 0.348762 0.512313 0.031183 0.187670
5 0.308223 0.519531 0.051675 0.186821
6 0.260780 0.518257 0.049448 0.165591
7 0.228038 0.526325 0.021383 0.120584
9 0.561030 0.478770 0.018264 0.040761
10 0.596222 0.498302 0.054793 0.217391
11 0.625624 0.520380 0.038756 0.181726
12 0.653466 0.512738 0.034747 0.202106
13 0.695118 0.537364 0.056575 0.166440
14 0.743897 0.522079 0.049893 0.166440
16 0.518933 0.678329 0.024947 0.139266
17 0.543211 0.691491 0.034301 0.150306
18 0.574394 0.733526 0.035192 0.210598
19 0.607136 0.743291 0.039202 0.179178
20 0.640102 0.747962 0.042766 0.191916
21 0.687545 0.726308 0.074394 0.175781
22 0.743674 0.703380 0.069048 0.179178
23 0.805150 0.674083 0.074394 0.117188
24 0.494209 0.678329 0.024501 0.139266
25 0.466367 0.688519 0.030292 0.157948
26 0.435629 0.723760 0.036529 0.219939
27 0.399323 0.737347 0.037865 0.177480
28 0.366135 0.745839 0.040093 0.192765
29 0.319360 0.727157 0.065039 0.170686
31 0.213560 0.657524 0.088649 0.116338