0 0.488176 0.470133 0.029015 0.199115
1 0.459161 0.462528 0.027564 0.196350
2 0.430147 0.448009 0.028290 0.226770
3 0.405302 0.460454 0.033004 0.200498
4 0.376469 0.470133 0.033367 0.163164
5 0.337299 0.450083 0.045699 0.183905
6 0.294139 0.441787 0.043522 0.175608
8 0.517373 0.469096 0.030828 0.195658
9 0.542942 0.461836 0.030466 0.210177
10 0.572320 0.438330 0.032642 0.237832
11 0.601879 0.455268 0.038082 0.202572
12 0.633795 0.469441 0.035906 0.163164
13 0.671696 0.467367 0.050776 0.163164
14 0.717938 0.446972 0.048963 0.158324
15 0.756565 0.440404 0.050776 0.145188
16 0.507943 0.651963 0.019222 0.141040
17 0.529523 0.660606 0.022487 0.154176
18 0.554911 0.681692 0.029015 0.174226
19 0.586465 0.683075 0.040621 0.165929
20 0.616568 0.679273 0.044248 0.166621
21 0.668976 0.668902 0.088858 0.176300
22 0.716669 0.632605 0.082693 0.167312
23 0.762186 0.608753 0.067097 0.148645
24 0.489083 0.658877 0.019948 0.138274
25 0.468229 0.662680 0.027564 0.140348
26 0.443929 0.677199 0.030466 0.174917
27 0.416908 0.687223 0.035906 0.193584
28 0.384448 0.676853 0.042797 0.178374
29 0.337480 0.659223 0.075802 0.184596
30 0.289787 0.625346 0.072537 0.179065
31 0.233933 0.586975 0.079066 0.135509