0 0.477463 0.472110 0.035734 0.196573
1 0.445587 0.466230 0.030455 0.184812
2 0.424877 0.451109 0.028831 0.228495
3 0.407213 0.481771 0.036546 0.178931
4 0.381834 0.480511 0.032892 0.179772
5 0.352800 0.470850 0.051977 0.192372
6 0.309960 0.455729 0.049946 0.170531
7 0.283769 0.400286 0.058474 0.145329
8 0.514009 0.462870 0.035734 0.208333
9 0.544261 0.454049 0.031267 0.192372
10 0.571874 0.429688 0.030455 0.249496
11 0.584259 0.455729 0.043855 0.187332
12 0.614714 0.454469 0.038170 0.176411
13 0.649839 0.451529 0.055631 0.192372
14 0.693492 0.424227 0.057662 0.179772
15 0.717247 0.358283 0.066189 0.157090
16 0.508535 0.681129 0.021999 0.154733
17 0.525401 0.675061 0.028598 0.175971
18 0.555283 0.692127 0.033365 0.216171
19 0.583331 0.684921 0.035931 0.198726
20 0.612112 0.687955 0.038498 0.186590
21 0.663809 0.643583 0.069296 0.170661
22 0.712940 0.611347 0.081762 0.169903
23 0.771603 0.579111 0.075895 0.114533
24 0.490937 0.676957 0.027132 0.150941
25 0.473338 0.661029 0.026398 0.150941
26 0.445656 0.678474 0.031898 0.202518
27 0.414125 0.693265 0.032631 0.200243
28 0.393226 0.686817 0.038498 0.182797
29 0.349045 0.657615 0.075529 0.148665
30 0.301748 0.645479 0.082862 0.171420
31 0.247485 0.600349 0.082128 0.114533