0 0.471688 0.482403 0.032631 0.213896
1 0.440156 0.486954 0.025298 0.189624
2 0.409908 0.458510 0.033731 0.234375
3 0.382043 0.476335 0.032998 0.192658
4 0.354728 0.477852 0.031898 0.195692
5 0.321364 0.498711 0.045831 0.176729
6 0.279016 0.482782 0.043997 0.173695
7 0.239235 0.488850 0.038498 0.164593
8 0.505602 0.477093 0.035198 0.213896
9 0.537500 0.475956 0.029332 0.222239
10 0.568482 0.453959 0.040698 0.238926
11 0.596530 0.490746 0.045464 0.189624
12 0.625495 0.485816 0.038864 0.194933
13 0.661243 0.490367 0.053163 0.211620
14 0.712940 0.486575 0.051697 0.187348
15 0.760237 0.498331 0.045097 0.189624
16 0.507069 0.689472 0.022732 0.163835
17 0.529251 0.694402 0.023832 0.184314
18 0.553449 0.705780 0.028965 0.219205
19 0.581864 0.700850 0.032265 0.197209
20 0.609546 0.704263 0.032631 0.201001
22 0.701757 0.697816 0.073329 0.191141
23 0.746304 0.673544 0.058296 0.115291
24 0.484887 0.690231 0.020165 0.168386
25 0.463072 0.693265 0.021999 0.180522
26 0.439056 0.714123 0.031165 0.235892
27 0.411741 0.701987 0.031531 0.202518
28 0.385343 0.706538 0.030798 0.199484
29 0.355828 0.684163 0.026032 0.028823
30 0.305781 0.686438 0.063063 0.183556
31 0.259584 0.668234 0.064529 0.145631