0 0.490534 0.481195 0.030828 0.182522
1 0.459161 0.486034 0.029015 0.174226
2 0.429058 0.480849 0.035543 0.202572
3 0.400950 0.488800 0.036631 0.178374
4 0.372117 0.487763 0.034818 0.174917
5 0.337480 0.493985 0.046061 0.163855
6 0.295046 0.475664 0.044610 0.163164
7 0.270202 0.378526 0.045699 0.144497
8 0.522450 0.481886 0.031554 0.182522
9 0.552009 0.482923 0.026113 0.165238
10 0.580662 0.476701 0.034818 0.199806
11 0.607319 0.482232 0.038807 0.187362
12 0.637785 0.481540 0.036631 0.180448
13 0.672784 0.484652 0.047875 0.160398
14 0.713949 0.471170 0.048237 0.162472
15 0.730995 0.372304 0.075802 0.122373
16 0.518098 0.675124 0.022849 0.163855
18 0.543849 0.679618 0.029378 0.185288
19 0.574496 0.681692 0.034818 0.175608
20 0.604418 0.685495 0.037357 0.173534
21 0.650116 0.675124 0.071449 0.168003
22 0.699441 0.651618 0.066372 0.166621
23 0.744052 0.644358 0.054040 0.150719
24 0.497969 0.669939 0.020310 0.164546
25 0.476026 0.673742 0.022849 0.163855
26 0.449188 0.685149 0.027927 0.182522
27 0.412194 0.692063 0.030828 0.185288
28 0.384085 0.695866 0.034818 0.183213
30 0.295952 0.660606 0.062382 0.166621
31 0.251705 0.654038 0.050776 0.146571