0 0.474804 0.482782 0.034465 0.184314
1 0.444504 0.473656 0.028128 0.185782
2 0.413876 0.462286 0.034504 0.220886
3 0.388337 0.501349 0.037764 0.152878
4 0.361440 0.499101 0.033961 0.167491
5 0.329925 0.501349 0.047002 0.164119
7 0.242849 0.479710 0.045100 0.169177
8 0.509645 0.487860 0.035319 0.167491
9 0.541704 0.479429 0.029885 0.189973
10 0.574306 0.463973 0.035319 0.239996
11 0.601339 0.500787 0.037221 0.169739
12 0.631224 0.522426 0.035591 0.150067
13 0.663962 0.516524 0.052707 0.167491
14 0.710149 0.511747 0.049990 0.159060
15 0.755249 0.495728 0.049990 0.154002
16 0.517931 0.666592 0.021463 0.148381
17 0.537493 0.676147 0.025810 0.176484
18 0.561673 0.702844 0.028527 0.199528
19 0.589113 0.685420 0.031244 0.141075
20 0.615467 0.687388 0.035591 0.137140
21 0.656084 0.696942 0.061401 0.151754
22 0.704580 0.685701 0.061673 0.154002
23 0.755249 0.665749 0.056511 0.138826
24 0.497555 0.665749 0.022007 0.148943
25 0.475141 0.678395 0.022822 0.169739
26 0.450553 0.694413 0.029070 0.211893
27 0.422026 0.676990 0.031787 0.169177
28 0.397710 0.677552 0.034776 0.156812
29 0.361033 0.680362 0.055967 0.161308
30 0.308597 0.676428 0.063031 0.155688
31 0.261052 0.664062 0.058684 0.154564