0 0.485275 0.492257 0.037719 0.172843
1 0.457529 0.481195 0.035906 0.182522
2 0.419266 0.469787 0.038445 0.209486
3 0.483280 0.455614 0.099013 0.052544
4 0.383541 0.489837 0.055491 0.177683
5 0.351988 0.497096 0.051139 0.171460
6 0.303387 0.496751 0.045336 0.179065
7 0.258596 0.507467 0.045699 0.160398
8 0.524808 0.488108 0.042072 0.190819
9 0.555636 0.486034 0.029740 0.200498
10 0.590635 0.485343 0.038807 0.215708
11 0.620557 0.500553 0.039170 0.190819
12 0.645220 0.502627 0.031191 0.192201
13 0.680582 0.505393 0.045336 0.190819
14 0.725192 0.506084 0.043885 0.176991
15 0.763093 0.491565 0.047875 0.159015
16 0.501475 0.684688 0.024590 0.171875
17 0.524262 0.692187 0.024918 0.173125
18 0.553443 0.708437 0.044590 0.198125
19 0.578689 0.703750 0.037377 0.185000
20 0.612131 0.705000 0.049836 0.166250
21 0.648525 0.699688 0.068197 0.178125
22 0.692623 0.697500 0.050820 0.187500
23 0.748361 0.655312 0.077049 0.123125
24 0.482623 0.696875 0.022951 0.162500
25 0.460000 0.694375 0.025574 0.165000
26 0.432295 0.712187 0.029836 0.191875
28 0.400492 0.697813 0.056066 0.159375
29 0.357705 0.701875 0.081311 0.180000
30 0.315738 0.693438 0.055738 0.180625
31 0.254590 0.658750 0.083607 0.112500