0 0.482736 0.464602 0.030466 0.217091
1 0.455716 0.454923 0.025751 0.203263
2 0.421805 0.421045 0.035543 0.240597
3 0.394603 0.434181 0.029740 0.190819
4 0.370122 0.417243 0.031554 0.195658
5 0.337661 0.401341 0.046424 0.183213
6 0.299398 0.380600 0.043160 0.183213
7 0.259684 0.380946 0.047875 0.186670
8 0.515197 0.466676 0.033004 0.215708
9 0.546388 0.473935 0.024300 0.187362
10 0.577035 0.440749 0.032642 0.245437
11 0.604236 0.446280 0.032642 0.199806
12 0.631800 0.431762 0.031191 0.208103
13 0.663717 0.423811 0.044973 0.185288
14 0.704338 0.400996 0.044248 0.186670
15 0.744052 0.389588 0.048963 0.165238
16 0.506721 0.661875 0.023279 0.136250
17 0.528852 0.674063 0.024918 0.160625
18 0.554262 0.682813 0.027213 0.196875
19 0.592131 0.669687 0.049836 0.180625
20 0.627541 0.645312 0.068852 0.171875
21 0.664754 0.626250 0.088197 0.183750
22 0.713279 0.595625 0.084262 0.173750
23 0.750820 0.560000 0.067541 0.150000
24 0.480000 0.661875 0.034754 0.133750
25 0.461803 0.671250 0.032459 0.166250
26 0.433934 0.674063 0.040984 0.195625
27 0.403934 0.654062 0.051803 0.176875
28 0.371967 0.636250 0.069180 0.172500
29 0.341639 0.613438 0.077377 0.176875
30 0.298689 0.579688 0.074754 0.173125
31 0.248525 0.549375 0.067541 0.092500