0 0.474621 0.478610 0.034098 0.198726
1 0.441806 0.474439 0.030065 0.196450
2 0.415774 0.474059 0.032265 0.224515
3 0.391026 0.478990 0.034098 0.202518
4 0.365178 0.473680 0.033731 0.190382
5 0.332546 0.471784 0.043997 0.189624
6 0.288916 0.458510 0.045464 0.188865
7 0.250601 0.459648 0.040698 0.165352
8 0.508535 0.472922 0.034465 0.208586
9 0.539700 0.475197 0.032998 0.202518
10 0.569948 0.462303 0.033365 0.249545
11 0.594514 0.483541 0.039964 0.199484
12 0.621462 0.475956 0.037398 0.191899
13 0.658310 0.473301 0.049497 0.186590
14 0.704690 0.458131 0.046930 0.179005
15 0.745754 0.433101 0.043997 0.175971
16 0.515135 0.684921 0.028598 0.153216
17 0.532738 0.681767 0.025538 0.175360
18 0.561673 0.700315 0.031244 0.222572
19 0.590743 0.693570 0.036134 0.187725
20 0.617368 0.691041 0.045915 0.187163
21 0.660431 0.668278 0.079332 0.186601
22 0.701319 0.656194 0.064390 0.182666
23 0.760954 0.594649 0.077159 0.096673
24 0.498098 0.674179 0.022550 0.156812
25 0.473375 0.683453 0.025810 0.173112
26 0.449874 0.695537 0.030972 0.218638
27 0.423385 0.689636 0.029070 0.182104
28 0.398525 0.688512 0.034232 0.185477
30 0.328974 0.662657 0.071725 0.165243
31 0.267844 0.616850 0.090200 0.101731