0 0.480915 0.456569 0.026394 0.225974
1 0.457769 0.450689 0.026394 0.205813
2 0.430968 0.427167 0.033704 0.244456
3 0.410868 0.443548 0.043855 0.191532
4 0.380210 0.423387 0.039389 0.198253
5 0.343867 0.404906 0.051165 0.225134
6 0.293514 0.400286 0.052789 0.195733
8 0.510964 0.464550 0.031267 0.220094
9 0.538780 0.460769 0.020303 0.194052
10 0.565783 0.438088 0.030455 0.251176
11 0.588320 0.455309 0.038170 0.201613
12 0.618978 0.448169 0.031267 0.182292
13 0.653697 0.432208 0.047104 0.207493
14 0.694913 0.409526 0.044261 0.192372
16 0.484265 0.665776 0.020539 0.152823
17 0.506294 0.670573 0.023520 0.155565
18 0.531139 0.694901 0.029483 0.220669
19 0.559794 0.688391 0.031802 0.174753
20 0.596730 0.684279 0.056647 0.200795
21 0.638138 0.654126 0.092423 0.204907
22 0.688159 0.621573 0.079173 0.195998
24 0.463726 0.663035 0.019876 0.141859
25 0.448985 0.663377 0.022857 0.164474
26 0.425796 0.687706 0.027495 0.218613
27 0.398633 0.681880 0.047371 0.202851
28 0.369647 0.670230 0.049690 0.200110
29 0.328238 0.640419 0.092092 0.199424
30 0.271923 0.610951 0.088779 0.174753