0 0.478498 0.486669 0.032070 0.179812
1 0.448826 0.471788 0.024877 0.190972
2 0.422451 0.449157 0.029073 0.233755
3 0.397125 0.458767 0.033568 0.177331
4 0.372848 0.455667 0.034767 0.178571
5 0.340628 0.448227 0.045257 0.184772
6 0.299567 0.441716 0.047056 0.169271
7 0.269446 0.428385 0.052750 0.158730
8 0.509969 0.483259 0.033868 0.182912
9 0.539341 0.468068 0.026075 0.197173
10 0.565416 0.444506 0.033269 0.240575
11 0.591342 0.464658 0.041361 0.187872
12 0.620564 0.458457 0.042860 0.189112
13 0.656830 0.448537 0.053649 0.197793
14 0.703286 0.438616 0.051252 0.184152
15 0.739852 0.422185 0.061442 0.164931
16 0.506319 0.673150 0.021386 0.155947
17 0.528824 0.676317 0.023942 0.166973
18 0.553260 0.695976 0.030853 0.196078
19 0.584977 0.684743 0.042948 0.173611
20 0.616201 0.698019 0.054055 0.219567
21 0.658038 0.656403 0.091326 0.178207
22 0.703824 0.634702 0.073307 0.169526
23 0.749487 0.619894 0.053561 0.173611
24 0.489209 0.674020 0.020240 0.146038
25 0.466254 0.677083 0.024683 0.155229
26 0.441448 0.689849 0.031347 0.204248
27 0.411705 0.683721 0.037024 0.178717
28 0.386776 0.671977 0.041960 0.174632
29 0.349999 0.658956 0.063681 0.179228
30 0.299153 0.640319 0.065162 0.175654
31 0.261018 0.613511 0.050599 0.158803