0 0.487142 0.473575 0.034153 0.209099
1 0.452186 0.477405 0.032546 0.192249
2 0.412408 0.455959 0.045403 0.264246
3 0.385286 0.480852 0.043394 0.211397
4 0.354749 0.479703 0.041787 0.216759
5 0.313967 0.479703 0.059868 0.195313
6 0.264143 0.468597 0.051832 0.200674
7 0.228584 0.419194 0.064288 0.135570
8 0.524309 0.473575 0.034555 0.202972
9 0.558261 0.472809 0.029331 0.207567
10 0.593419 0.451746 0.040180 0.251225
11 0.623554 0.476639 0.039376 0.204504
12 0.655497 0.469746 0.034153 0.206036
13 0.692663 0.472044 0.054645 0.181526
14 0.737866 0.452512 0.051029 0.191483
15 0.766193 0.373238 0.064288 0.111060
16 0.538642 0.658017 0.023419 0.135789
17 0.558890 0.678711 0.027322 0.182757
18 0.589139 0.696847 0.037568 0.207868
19 0.619511 0.682431 0.038788 0.182757
20 0.648785 0.676618 0.045619 0.178571
21 0.686597 0.664295 0.067574 0.192057
22 0.736607 0.646856 0.069038 0.179501
23 0.775883 0.598726 0.060256 0.160435
24 0.515466 0.664295 0.024395 0.147414
25 0.497536 0.677548 0.037812 0.168341
26 0.463139 0.703823 0.034885 0.216239
27 0.427766 0.691499 0.044643 0.190662
28 0.391418 0.691964 0.060256 0.192522
29 0.349702 0.685454 0.084163 0.197173
30 0.294814 0.673363 0.075868 0.182292
31 0.228093 0.620117 0.089286 0.099051