0 0.480847 0.486463 0.034085 0.184097
1 0.450008 0.484916 0.027593 0.181002
2 0.420183 0.468286 0.032056 0.206528
3 0.395025 0.466352 0.036926 0.196473
4 0.364592 0.460551 0.032056 0.181776
5 0.327260 0.448561 0.047476 0.181002
6 0.288305 0.419941 0.043418 0.173267
7 0.260713 0.393642 0.054780 0.151609
8 0.514527 0.480662 0.032462 0.192605
9 0.543134 0.481436 0.025564 0.172494
10 0.572350 0.461711 0.035303 0.210396
11 0.600146 0.469833 0.038955 0.177135
12 0.629971 0.460551 0.033680 0.181776
13 0.667099 0.450882 0.047882 0.165532
14 0.704431 0.415687 0.047882 0.163212
15 0.740951 0.388227 0.052751 0.173267
16 0.522642 0.657410 0.020289 0.114480
17 0.540984 0.668158 0.022475 0.136719
18 0.568251 0.683909 0.036026 0.160660
19 0.597171 0.681389 0.035695 0.153100
20 0.627578 0.678553 0.054204 0.160030
21 0.664265 0.647996 0.074035 0.154360
22 0.711694 0.606414 0.075026 0.149320
23 0.746728 0.556641 0.065772 0.144279
24 0.500992 0.659337 0.020492 0.120338
25 0.481491 0.667213 0.025119 0.138609
26 0.453893 0.678553 0.031399 0.148690
27 0.422329 0.678553 0.043628 0.143649
28 0.392583 0.676978 0.048916 0.146799
29 0.353583 0.657762 0.070069 0.170111
30 0.303675 0.625315 0.070069 0.148059
31 0.258395 0.578692 0.081306 0.154360