0 0.476646 0.457785 0.032464 0.224781
1 0.444513 0.461554 0.029151 0.199424
2 0.413043 0.440652 0.034452 0.252193
3 0.386873 0.449904 0.037102 0.224095
4 0.357887 0.449561 0.034783 0.215186
5 0.320288 0.443394 0.048365 0.208333
6 0.273414 0.435855 0.050021 0.205592
7 0.227202 0.431743 0.052340 0.198739
8 0.513085 0.455729 0.033789 0.228893
9 0.544390 0.461554 0.028820 0.204907
10 0.579835 0.452303 0.039421 0.257675
11 0.604514 0.470463 0.042402 0.224095
12 0.636150 0.462925 0.042071 0.228207
13 0.674412 0.457442 0.054990 0.233690
14 0.723770 0.465666 0.051015 0.209019
15 0.770313 0.452303 0.052009 0.187774
16 0.513416 0.668517 0.024514 0.159677
17 0.535942 0.668174 0.028489 0.168586
18 0.559297 0.706209 0.030808 0.221354
19 0.587289 0.702440 0.033789 0.215186
20 0.618096 0.705866 0.045052 0.222039
21 0.666130 0.681538 0.074866 0.198054
22 0.723605 0.676398 0.075860 0.197368
23 0.771638 0.651727 0.059297 0.175439
24 0.492215 0.661664 0.022526 0.154194
25 0.468198 0.671258 0.027495 0.189830
26 0.440538 0.698328 0.029814 0.226151
27 0.409564 0.687706 0.038758 0.209019
28 0.377763 0.683251 0.058634 0.220669
29 0.333373 0.658237 0.081823 0.199424
30 0.279708 0.646587 0.070560 0.196683
31 0.217430 0.611979 0.094411 0.142544