0 0.490037 0.465898 0.028173 0.225074
1 0.462613 0.471168 0.024877 0.195933
2 0.426647 0.448537 0.044658 0.249876
3 0.407016 0.473958 0.034767 0.210193
4 0.379292 0.471168 0.033868 0.212054
5 0.342553 0.485343 0.057482 0.167312
6 0.300945 0.484306 0.043780 0.166621
7 0.262512 0.469096 0.037096 0.162472
8 0.519009 0.465293 0.030746 0.228153
9 0.548920 0.462182 0.027738 0.208103
10 0.577995 0.440058 0.033086 0.262030
11 0.601222 0.467713 0.034088 0.213634
12 0.628793 0.467367 0.033754 0.206029
13 0.665388 0.474627 0.052135 0.180448
14 0.710003 0.469441 0.053137 0.174226
15 0.740749 0.467367 0.027738 0.152102
16 0.510153 0.688606 0.017044 0.186670
17 0.530873 0.695520 0.022391 0.200498
18 0.555604 0.707965 0.025733 0.218473
19 0.577494 0.704508 0.030746 0.210177
20 0.607906 0.704508 0.042109 0.215708
21 0.649681 0.681692 0.072187 0.189436
22 0.693460 0.666137 0.067508 0.184596
23 0.734233 0.635025 0.051466 0.166621
24 0.491939 0.689989 0.018047 0.186670
25 0.471887 0.696557 0.021389 0.208103
26 0.449663 0.705545 0.026402 0.224696
27 0.425434 0.706582 0.030078 0.224004
28 0.395523 0.707619 0.040438 0.215017
29 0.356756 0.683767 0.063163 0.186670
30 0.310303 0.681692 0.062495 0.194967
31 0.263682 0.643667 0.060156 0.164546