0 0.494236 0.476714 0.034465 0.202518
1 0.462888 0.485437 0.028232 0.194175
2 0.436123 0.458890 0.032631 0.219964
3 0.407708 0.464958 0.035931 0.201760
4 0.379293 0.452442 0.034098 0.201001
5 0.345745 0.439927 0.052797 0.192658
6 0.304315 0.415655 0.055730 0.177488
8 0.527601 0.475956 0.034465 0.201001
9 0.555283 0.487333 0.025298 0.173695
10 0.584064 0.465716 0.030065 0.215413
11 0.607163 0.465716 0.037398 0.212379
12 0.635578 0.452822 0.034831 0.200243
13 0.669676 0.439169 0.048030 0.189624
14 0.706523 0.405036 0.058663 0.179005
15 0.746121 0.336772 0.048397 0.194175
16 0.515321 0.663035 0.022360 0.136376
17 0.534949 0.672971 0.028489 0.164474
18 0.558965 0.683251 0.033458 0.182292
19 0.587454 0.678797 0.031470 0.178865
20 0.618262 0.658580 0.052671 0.163103
21 0.655033 0.627741 0.074535 0.165844
22 0.702735 0.585938 0.081823 0.169956
24 0.494368 0.663720 0.024182 0.141859
25 0.473664 0.671944 0.025176 0.159677
26 0.446004 0.681880 0.034783 0.194627
27 0.418343 0.683594 0.037764 0.193942
28 0.384719 0.670916 0.065259 0.185033
29 0.346292 0.633566 0.077848 0.170641
30 0.298756 0.594161 0.074866 0.167215