0 0.476093 0.467065 0.032948 0.214461
1 0.443949 0.462086 0.028126 0.212163
2 0.413613 0.425322 0.032546 0.268842
3 0.385688 0.451746 0.036966 0.200674
4 0.357562 0.460172 0.036966 0.189951
5 0.318989 0.434513 0.049823 0.213695
6 0.277403 0.404642 0.049421 0.201440
8 0.509844 0.472426 0.035358 0.197610
9 0.544399 0.455959 0.028126 0.218290
10 0.574132 0.428768 0.035358 0.257353
11 0.600852 0.451746 0.043796 0.189951
12 0.636210 0.439491 0.040582 0.194547
13 0.674180 0.430683 0.049020 0.206036
14 0.718579 0.409237 0.048618 0.189185
15 0.745500 0.383578 0.045403 0.134804
16 0.504316 0.671322 0.024300 0.142423
17 0.524808 0.675124 0.026839 0.168003
18 0.555092 0.696211 0.035906 0.207412
19 0.580843 0.685149 0.035906 0.192201
20 0.610946 0.668211 0.061294 0.188744
21 0.659546 0.649889 0.071449 0.175608
22 0.707783 0.626728 0.067822 0.184596
23 0.757290 0.577641 0.060931 0.141731
24 0.485275 0.667519 0.029740 0.152793
25 0.460612 0.669593 0.029740 0.165238
26 0.435405 0.685841 0.032279 0.226770
27 0.411649 0.682038 0.036269 0.209486
28 0.385717 0.686878 0.051864 0.190127
29 0.336211 0.655075 0.076890 0.176300
30 0.287067 0.620506 0.072900 0.183213