0 0.481290 0.473675 0.033411 0.205503
1 0.448548 0.474100 0.032965 0.201257
2 0.415137 0.461787 0.037420 0.244565
3 0.383954 0.490234 0.035638 0.185971
4 0.352325 0.483016 0.033856 0.185122
5 0.314015 0.470703 0.048111 0.199558
6 0.270135 0.449474 0.047666 0.197860
7 0.227815 0.427819 0.047666 0.154552
8 0.517373 0.473251 0.033411 0.204654
9 0.551230 0.472826 0.033411 0.197011
10 0.584640 0.456267 0.039647 0.240319
11 0.616046 0.492782 0.034747 0.172385
12 0.649902 0.488111 0.033856 0.164742
13 0.689326 0.470703 0.047666 0.180876
14 0.736101 0.452021 0.046775 0.184273
15 0.780203 0.447775 0.041429 0.158798
16 0.520492 0.673483 0.020492 0.147825
17 0.546207 0.681143 0.027724 0.161612
18 0.576543 0.691100 0.041787 0.207567
19 0.605473 0.681143 0.040180 0.183058
20 0.641434 0.675781 0.047814 0.176930
21 0.687038 0.657782 0.069110 0.185355
22 0.739473 0.628676 0.055850 0.147059
24 0.499799 0.671569 0.023304 0.163909
25 0.475490 0.673866 0.025313 0.154718
26 0.443547 0.696078 0.040180 0.206801
27 0.415220 0.685355 0.038171 0.196078
28 0.382674 0.671569 0.047814 0.177696
29 0.335262 0.668122 0.066297 0.184589
30 0.277604 0.635953 0.077949 0.173866
31 0.224767 0.583104 0.077547 0.141697