0 0.516103 0.489145 0.030466 0.185979
1 0.486726 0.474972 0.028290 0.203263
2 0.458799 0.458034 0.029740 0.224696
3 0.436675 0.464256 0.039896 0.202572
4 0.418178 0.458725 0.042072 0.190127
5 0.380096 0.470824 0.051502 0.168695
6 0.339475 0.443515 0.052227 0.166621
7 0.308646 0.419663 0.065284 0.163164
8 0.539497 0.486726 0.025751 0.196350
9 0.563071 0.474281 0.025751 0.207412
10 0.589366 0.455614 0.031191 0.225387
12 0.622189 0.455960 0.037357 0.180448
13 0.657732 0.450083 0.040984 0.174226
14 0.692732 0.425885 0.041346 0.163164
15 0.723560 0.400650 0.050776 0.161090
16 0.516304 0.681046 0.020492 0.144928
17 0.532044 0.676234 0.020492 0.167006
18 0.552833 0.699728 0.023462 0.207201
19 0.580156 0.678782 0.032965 0.156250
20 0.609260 0.662930 0.044250 0.156250
22 0.679942 0.623868 0.075731 0.161911
23 0.719737 0.578578 0.076325 0.156250
24 0.499822 0.681046 0.022571 0.160779
25 0.481854 0.685858 0.022868 0.178329
26 0.458838 0.690387 0.026728 0.204370
27 0.433298 0.686141 0.037420 0.185688
28 0.403005 0.689538 0.045735 0.187953
30 0.319553 0.635473 0.089689 0.171535
31 0.281688 0.574898 0.087610 0.136436