0 0.479754 0.471405 0.030431 0.208586
1 0.454272 0.470267 0.026398 0.188107
2 0.432457 0.445237 0.028232 0.210862
3 0.408258 0.443340 0.034098 0.188865
4 0.387910 0.436135 0.040331 0.169903
5 0.360595 0.411484 0.028232 0.064472
6 0.329980 0.409208 0.041064 0.173695
7 0.304498 0.343978 0.046564 0.144873
8 0.510185 0.467612 0.028232 0.194933
9 0.535484 0.466095 0.026765 0.193416
10 0.558216 0.437272 0.027498 0.222239
11 0.579481 0.446374 0.039231 0.179763
12 0.606796 0.430446 0.036664 0.176729
13 0.633194 0.434238 0.032998 0.075091
14 0.670776 0.413001 0.040698 0.167627
15 0.701574 0.385316 0.042164 0.154733
16 0.511617 0.676401 0.019182 0.164931
18 0.533047 0.686012 0.027274 0.201513
19 0.558673 0.680432 0.034767 0.184152
20 0.589993 0.660900 0.052450 0.163690
21 0.627308 0.629278 0.073730 0.151290
22 0.678559 0.591456 0.079725 0.117808
23 0.706883 0.553633 0.063240 0.132688
24 0.491986 0.677331 0.018283 0.168031
25 0.471305 0.671751 0.022479 0.170511
26 0.448077 0.682912 0.027574 0.208953
27 0.423800 0.669271 0.031171 0.187872
28 0.395027 0.654700 0.042560 0.181052
30 0.324294 0.596416 0.076128 0.143849
31 0.284581 0.553943 0.071033 0.133309