0 0.493375 0.491365 0.030145 0.169956
1 0.464223 0.475603 0.029483 0.178180
2 0.437225 0.462925 0.031802 0.215872
3 0.411718 0.480743 0.037102 0.184348
4 0.383063 0.474575 0.036771 0.184348
5 0.348611 0.463610 0.050021 0.174753
6 0.302400 0.448876 0.045052 0.168586
8 0.525673 0.482113 0.032464 0.188459
9 0.552009 0.468750 0.029483 0.185033
10 0.578344 0.449219 0.028489 0.222725
11 0.603521 0.453331 0.031802 0.202166
12 0.633169 0.464981 0.034783 0.173383
13 0.666296 0.443394 0.043396 0.165844
14 0.707870 0.432086 0.047040 0.184348
15 0.729402 0.378975 0.031139 0.141173
16 0.503147 0.679825 0.023851 0.167215
17 0.523189 0.684622 0.024182 0.156250
18 0.547537 0.692160 0.025176 0.197368
19 0.571885 0.678454 0.033458 0.183662
20 0.598386 0.667489 0.044058 0.183662
21 0.640126 0.646245 0.069897 0.174068
22 0.689650 0.632538 0.072879 0.190515
23 0.746959 0.594504 0.071554 0.119929
24 0.485093 0.682908 0.027495 0.154194
25 0.464555 0.683936 0.023520 0.164474
26 0.439213 0.704496 0.026501 0.204221
27 0.412546 0.695587 0.030145 0.190515
28 0.385548 0.681195 0.043727 0.175439
29 0.349439 0.663377 0.071554 0.172697
30 0.301572 0.639734 0.067247 0.177495
31 0.243931 0.602385 0.074535 0.117873