0 0.481727 0.471270 0.029643 0.210013
1 0.450460 0.473370 0.030455 0.199093
2 0.420817 0.459929 0.031267 0.237735
3 0.395843 0.476731 0.034110 0.187332
4 0.368434 0.472950 0.031267 0.169691
5 0.332497 0.460349 0.050352 0.176411
6 0.285190 0.441028 0.045074 0.176411
7 0.247629 0.430528 0.050352 0.160450
8 0.513603 0.469170 0.029237 0.210853
9 0.544464 0.470850 0.030049 0.195733
10 0.577153 0.454049 0.030455 0.246136
11 0.600908 0.470430 0.034922 0.186492
12 0.628927 0.464970 0.030861 0.175571
14 0.710749 0.414987 0.048322 0.191532
15 0.741002 0.367103 0.067407 0.131048
16 0.504869 0.673923 0.021999 0.157008
17 0.526134 0.670510 0.023465 0.153216
18 0.552716 0.688714 0.027498 0.201760
19 0.582781 0.675819 0.034098 0.194175
20 0.613579 0.650410 0.048764 0.172178
21 0.653910 0.628034 0.077362 0.180522
22 0.705973 0.599590 0.081028 0.173695
23 0.749604 0.578732 0.048764 0.130461
24 0.482994 0.674541 0.021280 0.156250
25 0.459616 0.673301 0.025476 0.159970
26 0.433391 0.688802 0.026375 0.198413
27 0.407166 0.676091 0.030271 0.186632
28 0.381090 0.663690 0.035666 0.182912
29 0.341827 0.644469 0.065039 0.180432
30 0.291625 0.613157 0.067137 0.169891
31 0.235278 0.576265 0.068935 0.114707