0 0.494430 0.469847 0.027712 0.147203
1 0.470522 0.476338 0.026082 0.168053
2 0.446614 0.456104 0.026082 0.184915
3 0.423249 0.464816 0.028799 0.182104
4 0.401378 0.458071 0.027984 0.175360
5 0.367961 0.456666 0.053522 0.177046
6 0.334136 0.472403 0.038579 0.160184
8 0.518610 0.474652 0.028799 0.177046
9 0.543470 0.479710 0.027984 0.164681
10 0.568329 0.463129 0.034232 0.224820
13 0.668445 0.475776 0.058412 0.168053
16 0.506487 0.668658 0.018759 0.157782
17 0.522900 0.675551 0.020487 0.170547
18 0.542153 0.695210 0.024436 0.205780
19 0.565478 0.686275 0.021721 0.150123
20 0.588433 0.699040 0.026164 0.165441
21 0.623112 0.669935 0.057017 0.171569
22 0.664455 0.661765 0.058251 0.161356
23 0.708390 0.647212 0.060719 0.150633
24 0.489702 0.673254 0.023202 0.174122
25 0.472795 0.671977 0.022461 0.166462
26 0.448606 0.679381 0.029866 0.189440
27 0.427009 0.678615 0.029125 0.184845
28 0.406152 0.662275 0.042701 0.161356
29 0.373571 0.646701 0.062447 0.161867
30 0.334943 0.645170 0.049365 0.165952
31 0.284220 0.609937 0.070839 0.110805