0 0.469664 0.455576 0.036162 0.189951
1 0.440734 0.462852 0.050627 0.209099
2 0.411202 0.455193 0.041385 0.242800
3 0.382875 0.452895 0.036966 0.213695
4 0.349526 0.450597 0.032948 0.190717
5 0.308944 0.438343 0.052234 0.193781
6 0.263942 0.423407 0.048216 0.186887
7 0.225370 0.405025 0.052234 0.166973
8 0.505023 0.446768 0.035358 0.212163
9 0.534957 0.449449 0.042993 0.222120
10 0.575137 0.444853 0.037367 0.235907
11 0.600450 0.447917 0.047011 0.193015
12 0.631389 0.448300 0.042993 0.172335
13 0.679002 0.426471 0.053841 0.199142
14 0.729629 0.411535 0.051430 0.207567
15 0.769809 0.400046 0.049823 0.178462
16 0.502210 0.690334 0.017679 0.134038
17 0.510648 0.675398 0.027322 0.176164
18 0.544399 0.699142 0.041787 0.193015
19 0.566699 0.691483 0.032546 0.183824
20 0.595428 0.673100 0.069110 0.185355
21 0.648264 0.656633 0.088798 0.181526
22 0.702909 0.630974 0.065493 0.173100
23 0.753938 0.590763 0.075940 0.118719
24 0.485535 0.681526 0.022903 0.133272
25 0.469061 0.676930 0.029331 0.168505
26 0.444552 0.692249 0.030135 0.197610
27 0.416225 0.702972 0.035358 0.191483
28 0.377652 0.684972 0.049823 0.183058
29 0.338476 0.663909 0.065493 0.186887
30 0.291265 0.648591 0.057056 0.177696
31 0.245460 0.606081 0.065895 0.117188