0 0.481770 0.469129 0.033731 0.213137
1 0.452622 0.471025 0.027498 0.201760
2 0.426957 0.463061 0.030431 0.222239
3 0.403859 0.469508 0.037764 0.200243
4 0.375810 0.467992 0.035931 0.180522
5 0.342079 0.456993 0.046930 0.181280
6 0.297532 0.432721 0.045831 0.176729
7 0.272233 0.410725 0.064163 0.152458
8 0.515135 0.474439 0.033731 0.197967
9 0.543733 0.468750 0.030065 0.183556
10 0.569948 0.458890 0.030431 0.226032
11 0.592680 0.473301 0.036298 0.188107
12 0.620179 0.469129 0.033365 0.182797
13 0.654277 0.474439 0.047297 0.155492
14 0.697907 0.442203 0.042897 0.165352
15 0.724856 0.412621 0.061596 0.166869
16 0.515570 0.665090 0.021532 0.145970
17 0.538261 0.671258 0.022526 0.148712
18 0.562609 0.685650 0.027495 0.174753
19 0.588117 0.681195 0.034783 0.178180
20 0.619918 0.668174 0.057309 0.174068
21 0.652382 0.643503 0.067910 0.142544
22 0.698428 0.613007 0.068572 0.155565
23 0.748615 0.558525 0.074866 0.142544
24 0.494037 0.663035 0.021532 0.141859
25 0.472339 0.667489 0.022526 0.141173
26 0.447660 0.682566 0.028158 0.172697
27 0.417680 0.674342 0.045052 0.171327
28 0.392835 0.658237 0.052340 0.170641
29 0.356562 0.636993 0.074535 0.158306
30 0.305547 0.608895 0.077185 0.154194
31 0.264635 0.590392 0.055653 0.163788