0 0.477749 0.471478 0.032369 0.213914
1 0.446129 0.462178 0.029672 0.212674
2 0.415408 0.429005 0.033568 0.267857
3 0.388433 0.452567 0.040162 0.212054
4 0.357413 0.446057 0.039263 0.199033
5 0.317550 0.432106 0.050053 0.190972
6 0.278587 0.419705 0.047655 0.193452
7 0.242621 0.400174 0.056647 0.197793
8 0.511467 0.469928 0.033269 0.214534
9 0.542788 0.467758 0.029372 0.210193
10 0.570811 0.454427 0.035067 0.241815
11 0.593740 0.455357 0.046156 0.223834
12 0.627458 0.478919 0.045857 0.168031
13 0.667919 0.451637 0.057845 0.207713
14 0.719171 0.434276 0.053649 0.199033
15 0.764279 0.411334 0.055747 0.191592
16 0.506822 0.672681 0.023378 0.145089
17 0.527502 0.683532 0.026375 0.182912
18 0.559422 0.698413 0.039263 0.205233
19 0.586996 0.676711 0.045857 0.181672
20 0.622213 0.680432 0.061142 0.171751
22 0.719021 0.640439 0.071333 0.174851
23 0.772970 0.592076 0.078526 0.178571
24 0.481945 0.671751 0.024577 0.149430
25 0.463063 0.668961 0.028773 0.166171
26 0.433391 0.686322 0.033568 0.188492
27 0.403719 0.675471 0.045557 0.192832
28 0.378243 0.660280 0.050952 0.190972
29 0.329988 0.649740 0.079725 0.205853
30 0.283083 0.627108 0.064439 0.201513
31 0.233180 0.601066 0.060543 0.177951