0 0.478747 0.472553 0.032642 0.202572
1 0.447193 0.454923 0.027564 0.164546
2 0.410380 0.458379 0.051139 0.243363
3 0.384629 0.495368 0.044610 0.223313
8 0.520637 0.462873 0.031554 0.228844
9 0.551465 0.453194 0.026476 0.206720
10 0.587190 0.432107 0.037719 0.241980
11 0.616205 0.454923 0.027564 0.221239
12 0.638147 0.447663 0.022849 0.190127
18 0.545662 0.697248 0.026476 0.220548
19 0.573952 0.677544 0.034455 0.212942
20 0.605687 0.669248 0.044248 0.211560
21 0.645582 0.646087 0.063833 0.195658
22 0.687835 0.627420 0.062019 0.187362
24 0.490764 0.678130 0.025837 0.151891
25 0.470272 0.680197 0.036529 0.174932
26 0.442653 0.711617 0.042469 0.238904
27 0.413251 0.716712 0.029995 0.224185
28 0.386820 0.719543 0.032965 0.224185
29 0.345242 0.712466 0.056130 0.211164
30 0.301586 0.691519 0.051378 0.189651