0 0.480722 0.483039 0.029659 0.193257
1 0.450523 0.476614 0.026963 0.181435
2 0.422751 0.454770 0.028581 0.223067
3 0.398215 0.475843 0.035591 0.178865
4 0.369365 0.479441 0.032355 0.171669
5 0.334178 0.477128 0.042871 0.174239
6 0.292251 0.467105 0.042062 0.169613
7 0.258008 0.443719 0.043141 0.153680
8 0.511324 0.483039 0.031547 0.190173
9 0.542467 0.479955 0.030198 0.178865
10 0.568755 0.465049 0.032086 0.217928
11 0.593696 0.483810 0.043141 0.183491
12 0.624164 0.488435 0.039366 0.168072
13 0.663665 0.482782 0.048264 0.174239
14 0.708558 0.465820 0.043680 0.161904
15 0.740779 0.420847 0.054735 0.153166
16 0.509707 0.683234 0.017526 0.168072
17 0.527054 0.681036 0.024639 0.170666
18 0.552181 0.688942 0.025615 0.181827
19 0.578771 0.697312 0.032445 0.183687
20 0.607070 0.694522 0.048058 0.190197
21 0.647443 0.672433 0.069282 0.157180
22 0.700746 0.650809 0.068062 0.156715
23 0.745999 0.633836 0.056596 0.147879
24 0.489486 0.680804 0.019760 0.154390
25 0.473873 0.679408 0.025127 0.175781
26 0.449356 0.690569 0.027322 0.182292
27 0.424229 0.694057 0.029762 0.192987
28 0.394345 0.696382 0.042691 0.200428
29 0.353728 0.675921 0.070746 0.159505
30 0.309207 0.659180 0.056352 0.157645
31 0.255416 0.633138 0.073185 0.131603