0 0.481046 0.491629 0.034168 0.188492
1 0.450325 0.492250 0.026075 0.177331
2 0.417955 0.466518 0.032669 0.227555
3 0.388433 0.498760 0.032969 0.156870
4 0.359061 0.506820 0.032369 0.148189
5 0.320997 0.513021 0.047955 0.153150
6 0.278587 0.507750 0.045257 0.173611
8 0.514614 0.491319 0.034168 0.185392
9 0.545035 0.492250 0.027274 0.176091
10 0.586097 0.473958 0.041061 0.233755
11 0.612472 0.506820 0.036865 0.184152
12 0.643493 0.518601 0.036565 0.164311
13 0.684853 0.521701 0.054549 0.165551
14 0.731460 0.523251 0.057246 0.172371
16 0.513720 0.683453 0.022278 0.158498
17 0.535863 0.682610 0.026897 0.164681
18 0.561809 0.703125 0.030429 0.214703
19 0.590607 0.702282 0.035319 0.186039
20 0.621172 0.700034 0.037221 0.174798
21 0.665185 0.700034 0.059499 0.159060
22 0.717077 0.693008 0.064390 0.149505
23 0.767339 0.685701 0.050262 0.142761
24 0.491849 0.678676 0.023637 0.150067
25 0.469435 0.687950 0.026082 0.173112
26 0.439822 0.707340 0.039123 0.209645
27 0.412789 0.690760 0.033961 0.178732
28 0.385756 0.685139 0.035319 0.160746
29 0.343237 0.691322 0.057869 0.162995
30 0.295556 0.690760 0.052707 0.162995
31 0.236872 0.656475 0.072268 0.118031