0 0.489399 0.477316 0.030145 0.196683
1 0.460745 0.489995 0.026501 0.165844
2 0.434244 0.456757 0.033789 0.222725
3 0.406749 0.472177 0.037102 0.187774
4 0.376272 0.469435 0.035777 0.176809
5 0.340330 0.466694 0.051346 0.186404
6 0.294946 0.453673 0.050684 0.183662
7 0.266789 0.450932 0.043396 0.128838
8 0.522526 0.480058 0.030145 0.195312
9 0.549856 0.494449 0.025176 0.166530
10 0.574038 0.470463 0.031139 0.211760
11 0.600208 0.483827 0.043727 0.178180
12 0.628863 0.475603 0.046046 0.191886
13 0.667621 0.481086 0.052671 0.179550
14 0.713998 0.464981 0.050021 0.181606
15 0.749609 0.446135 0.058303 0.160362
16 0.506294 0.671601 0.022857 0.148026
17 0.526667 0.680167 0.025176 0.152823
18 0.551015 0.691132 0.029483 0.181606
19 0.578344 0.682566 0.034452 0.169956
20 0.607827 0.680167 0.043727 0.158306
21 0.651886 0.664062 0.072216 0.150768
22 0.708201 0.643161 0.080166 0.158306
23 0.754909 0.628769 0.057640 0.166530
24 0.486087 0.666118 0.022195 0.131579
25 0.466542 0.674342 0.024845 0.156250
26 0.440372 0.692845 0.030808 0.195998
27 0.408571 0.680853 0.040083 0.172012
28 0.379585 0.676398 0.052340 0.172697
29 0.341323 0.661664 0.067247 0.163788
30 0.286830 0.648986 0.074204 0.176809
31 0.246416 0.632881 0.051678 0.185718