0 0.484343 0.479539 0.028173 0.186632
1 0.456020 0.482639 0.025476 0.174231
2 0.429944 0.462488 0.032669 0.213294
3 0.406866 0.473338 0.035666 0.190352
4 0.369851 0.482329 0.038364 0.176091
5 0.339280 0.488219 0.045557 0.158110
6 0.295221 0.473958 0.043159 0.161830
8 0.514764 0.478299 0.030271 0.190352
9 0.542937 0.476438 0.024877 0.174231
10 0.573209 0.454117 0.038064 0.218874
11 0.595838 0.468998 0.047955 0.190352
12 0.625809 0.486359 0.032969 0.172991
13 0.661476 0.477989 0.050952 0.189732
14 0.703886 0.472718 0.044658 0.169271
15 0.745246 0.473958 0.044058 0.179191
16 0.510867 0.663781 0.019833 0.143885
17 0.533010 0.664906 0.022278 0.150629
18 0.555967 0.677271 0.024723 0.189973
19 0.577838 0.664625 0.031516 0.191659
20 0.606501 0.675585 0.036134 0.206835
21 0.652552 0.659004 0.063031 0.170301
22 0.699553 0.646920 0.063575 0.169739
24 0.490491 0.670807 0.020920 0.156812
25 0.468620 0.668840 0.022278 0.157374
26 0.445799 0.692165 0.024995 0.198404
27 0.419445 0.680362 0.033689 0.182666
28 0.393092 0.668840 0.039123 0.175360
29 0.350437 0.661533 0.071182 0.177608
30 0.308869 0.639051 0.054337 0.167491
31 0.246789 0.619098 0.081777 0.107352