0 0.479672 0.482188 0.031475 0.190625
1 0.449180 0.477813 0.025574 0.190625
2 0.416393 0.466563 0.043934 0.224375
3 0.397705 0.488750 0.041967 0.192500
4 0.367705 0.489375 0.033115 0.195000
5 0.331311 0.490937 0.050820 0.195625
6 0.289344 0.493750 0.043607 0.183750
7 0.248361 0.488438 0.039672 0.170625
8 0.512623 0.481563 0.031803 0.193125
9 0.538689 0.474062 0.027541 0.193125
10 0.571803 0.457813 0.041311 0.243125
11 0.595082 0.481250 0.042623 0.201250
12 0.626721 0.485000 0.033770 0.193750
13 0.664590 0.499062 0.051803 0.174375
14 0.709344 0.487187 0.045574 0.176875
15 0.746393 0.481250 0.040984 0.172500
16 0.512098 0.670573 0.020394 0.148890
17 0.534420 0.681612 0.026431 0.158514
18 0.560703 0.705389 0.034450 0.230978
19 0.590995 0.717561 0.031480 0.204370
20 0.622179 0.714164 0.032668 0.185122
21 0.664796 0.716429 0.063851 0.181726
22 0.714837 0.698313 0.060584 0.173800
23 0.753000 0.696048 0.046032 0.155684
24 0.491952 0.674253 0.020492 0.155118
25 0.469530 0.681612 0.026728 0.181159
26 0.443247 0.710202 0.034153 0.230412
27 0.413251 0.716146 0.032371 0.199275
28 0.383405 0.718410 0.037420 0.193614
29 0.338857 0.714731 0.065336 0.179461
30 0.292676 0.703408 0.054348 0.178329
31 0.246793 0.710768 0.049299 0.170403