0 0.487451 0.469441 0.034093 0.196350
1 0.455353 0.473244 0.032279 0.184596
2 0.425250 0.452503 0.035906 0.205337
3 0.395873 0.453886 0.043160 0.172152
4 0.364863 0.452503 0.037719 0.177683
5 0.324423 0.449737 0.050413 0.192893
6 0.276367 0.430033 0.049325 0.165929
8 0.521000 0.469441 0.036631 0.206029
9 0.553823 0.474627 0.033367 0.177683
10 0.585558 0.458034 0.036631 0.219165
11 0.612759 0.467713 0.042434 0.172152
12 0.641774 0.457342 0.035906 0.177683
13 0.682214 0.451466 0.055128 0.217091
14 0.729182 0.451811 0.049688 0.162472
15 0.772160 0.434527 0.044973 0.154176
16 0.512295 0.649062 0.022623 0.125625
17 0.537049 0.654375 0.026230 0.137500
18 0.565082 0.666875 0.033770 0.168750
19 0.603934 0.665625 0.050492 0.163750
20 0.631475 0.672500 0.034098 0.148750
22 0.741311 0.614687 0.070820 0.104375
24 0.490000 0.650938 0.022623 0.128125
25 0.468033 0.651875 0.024590 0.131250
26 0.437869 0.660313 0.039672 0.161875
27 0.407705 0.661250 0.041639 0.170000
28 0.379508 0.660000 0.046230 0.166250
30 0.284590 0.616563 0.078689 0.140625
31 0.240000 0.566875 0.072131 0.131250