0 0.480492 0.470937 0.034426 0.200625
1 0.449508 0.471875 0.027541 0.197500
2 0.419016 0.468125 0.035410 0.227500
3 0.394590 0.479687 0.031803 0.198125
4 0.370000 0.467812 0.026557 0.189375
5 0.332623 0.482500 0.046885 0.180000
6 0.292459 0.480625 0.043934 0.096250
8 0.515738 0.468750 0.030820 0.198750
9 0.547213 0.476250 0.024262 0.193750
10 0.577213 0.463125 0.036393 0.245000
11 0.603934 0.487812 0.036721 0.189375
12 0.634590 0.487812 0.029180 0.194375
13 0.673770 0.471562 0.035410 0.135625
14 0.708852 0.504375 0.043934 0.165000
16 0.518739 0.663446 0.023727 0.160362
17 0.535591 0.683491 0.022379 0.179893
18 0.559184 0.691715 0.024806 0.197368
19 0.586146 0.702508 0.031277 0.202508
20 0.616615 0.692486 0.041523 0.181435
21 0.658003 0.684262 0.064441 0.179379
22 0.709232 0.675267 0.074687 0.171669
24 0.499596 0.672183 0.025884 0.175781
25 0.480856 0.680407 0.023458 0.177837
26 0.454972 0.692229 0.028311 0.207648
27 0.426256 0.692743 0.042062 0.203536
28 0.398889 0.686318 0.046107 0.183491
29 0.356692 0.678608 0.068486 0.183491
30 0.307620 0.672183 0.068486 0.174753
31 0.270546 0.625668 0.065520 0.163960