0 0.487377 0.493438 0.037705 0.155625
1 0.458525 0.499687 0.027213 0.145625
2 0.431803 0.506563 0.038689 0.170625
3 0.403934 0.523750 0.036721 0.161250
4 0.373279 0.528125 0.037049 0.166250
5 0.338852 0.544063 0.048197 0.166875
6 0.291803 0.541875 0.042623 0.175000
7 0.255246 0.520625 0.057377 0.168750
8 0.525410 0.486875 0.036393 0.163750
9 0.554098 0.490625 0.020984 0.138750
10 0.578033 0.491563 0.036066 0.174375
11 0.609508 0.508437 0.039344 0.161875
12 0.636066 0.510000 0.032131 0.171250
13 0.673279 0.519688 0.048852 0.170625
14 0.718852 0.522500 0.044918 0.163750
15 0.760492 0.500625 0.049508 0.171250
16 0.510810 0.686424 0.019601 0.173800
17 0.532935 0.681329 0.023462 0.176064
18 0.558030 0.684443 0.026728 0.195879
19 0.583719 0.683877 0.028213 0.173234
20 0.611042 0.694916 0.032965 0.169271
21 0.653956 0.698030 0.060584 0.169837
22 0.704591 0.691803 0.055536 0.163043
23 0.757306 0.695765 0.054645 0.161911
24 0.491506 0.679348 0.021977 0.161911
25 0.469678 0.684160 0.023462 0.182858
26 0.443247 0.692652 0.025837 0.194180
27 0.417112 0.702276 0.030589 0.185122
28 0.391275 0.705389 0.030589 0.174366
30 0.319850 0.709918 0.067118 0.155118
31 0.266690 0.686707 0.068306 0.139266