0 0.488074 0.467037 0.030808 0.211760
1 0.458260 0.469778 0.024845 0.198054
2 0.427950 0.435513 0.037764 0.256990
3 0.404264 0.448533 0.036771 0.215872
7 0.268611 0.385485 0.043065 0.180236
8 0.523189 0.467722 0.033458 0.203536
9 0.550352 0.466351 0.024182 0.188459
10 0.578344 0.440995 0.029814 0.243284
11 0.607496 0.446820 0.037102 0.230263
12 0.631181 0.436198 0.032795 0.229578
13 0.668118 0.426946 0.051678 0.183662
16 0.515813 0.656870 0.019182 0.145709
17 0.537243 0.659660 0.023678 0.156250
18 0.564817 0.675781 0.038064 0.197173
19 0.590293 0.663070 0.046456 0.189112
20 0.632853 0.651910 0.073431 0.177951
23 0.754238 0.543093 0.087218 0.140129
24 0.499179 0.654700 0.019482 0.133929
25 0.477599 0.667411 0.025476 0.153150
26 0.444331 0.688492 0.047655 0.171751
27 0.417506 0.681052 0.049154 0.155630
28 0.387234 0.664931 0.073131 0.163070
29 0.349620 0.639509 0.088417 0.177951
30 0.258056 0.548983 0.089316 0.146949