0 0.508689 0.474688 0.037049 0.216875
1 0.475574 0.475312 0.025246 0.190625
2 0.443443 0.463438 0.037705 0.210625
3 0.411311 0.465313 0.043607 0.204375
4 0.376721 0.456250 0.040656 0.197500
5 0.334590 0.452813 0.053443 0.181875
6 0.281148 0.434375 0.052787 0.183750
8 0.546066 0.483437 0.034426 0.199375
10 0.587049 0.481250 0.040328 0.201250
11 0.613279 0.487500 0.033770 0.201250
12 0.644426 0.481875 0.035738 0.195000
13 0.683770 0.487187 0.048197 0.181875
14 0.729016 0.470313 0.046230 0.169375
17 0.543115 0.682188 0.027869 0.160625
18 0.574426 0.695937 0.026885 0.196875
19 0.601148 0.700000 0.031803 0.183750
20 0.639836 0.698125 0.037705 0.158750
21 0.680000 0.670000 0.073443 0.156250
22 0.734754 0.633125 0.079344 0.155000
25 0.477213 0.685937 0.030492 0.165625
26 0.447213 0.696250 0.034754 0.210000
27 0.415738 0.677500 0.036066 0.182500
28 0.376230 0.669063 0.058033 0.176875
29 0.330164 0.646563 0.080656 0.175625
30 0.270164 0.611250 0.085902 0.167500