0 0.488920 0.472163 0.030431 0.210103
1 0.459772 0.479748 0.027132 0.194933
2 0.426774 0.448650 0.043264 0.252579
3 0.403309 0.458510 0.033731 0.222239
7 0.264167 0.415655 0.045831 0.186590
8 0.525034 0.474439 0.038864 0.204035
9 0.552349 0.476714 0.028232 0.191899
10 0.581681 0.457752 0.037031 0.249545
11 0.609363 0.468750 0.039598 0.226032
12 0.634294 0.466095 0.032998 0.222239
13 0.674992 0.453201 0.059396 0.193416
16 0.513085 0.663035 0.020539 0.143229
17 0.533789 0.671601 0.021532 0.161732
18 0.557640 0.693531 0.030808 0.212445
19 0.584307 0.681538 0.037764 0.188459
20 0.628863 0.677769 0.069897 0.193257
23 0.758553 0.588679 0.087454 0.145285
24 0.492712 0.670573 0.025507 0.155565
25 0.472836 0.675713 0.029483 0.164474
26 0.445175 0.696615 0.043065 0.180236
27 0.414865 0.695587 0.046709 0.167215
28 0.384885 0.682908 0.066916 0.170641
29 0.344305 0.663377 0.084473 0.183662
31 0.254697 0.585595 0.086792 0.144600