0 0.494702 0.465940 0.029885 0.201214
1 0.469979 0.456104 0.032602 0.183790
2 0.441859 0.438961 0.031787 0.221448
3 0.415777 0.451045 0.033417 0.188287
4 0.389560 0.449078 0.034776 0.182104
5 0.350709 0.441772 0.046730 0.177608
6 0.310363 0.419290 0.057326 0.185477
7 0.293519 0.372639 0.055152 0.161871
8 0.526218 0.469031 0.029885 0.199528
9 0.553794 0.469874 0.024180 0.176484
10 0.580419 0.464816 0.031244 0.203462
11 0.604327 0.460319 0.035047 0.197842
12 0.628507 0.462286 0.035591 0.190535
13 0.664370 0.463411 0.049175 0.170301
14 0.710421 0.440085 0.049447 0.185477
15 0.740306 0.413388 0.049447 0.150067
16 0.505162 0.680362 0.022007 0.157936
17 0.523637 0.680081 0.023093 0.191097
18 0.545100 0.706778 0.027984 0.193907
19 0.570095 0.691041 0.036678 0.181542
20 0.599709 0.696099 0.037764 0.174798
21 0.640462 0.676147 0.085581 0.187725
22 0.691810 0.639332 0.078517 0.172549
23 0.738269 0.615164 0.057326 0.170301
24 0.485057 0.665187 0.023093 0.153440
25 0.466718 0.658161 0.024452 0.162995
26 0.445255 0.685139 0.027169 0.191097
27 0.421075 0.663219 0.037493 0.179856
28 0.393092 0.673055 0.047273 0.195031
29 0.358316 0.649168 0.071725 0.176484
30 0.313488 0.625281 0.059228 0.174798
31 0.257928 0.567952 0.066563 0.102855