0 0.484262 0.465625 0.034098 0.222500
2 0.440492 0.458125 0.042295 0.232500
3 0.408197 0.478750 0.034754 0.206250
4 0.377377 0.478125 0.036066 0.198750
5 0.339672 0.467812 0.050492 0.195625
6 0.290492 0.451250 0.051148 0.183750
8 0.522787 0.460938 0.030492 0.230625
9 0.555902 0.441875 0.027869 0.226250
11 0.609016 0.448125 0.031148 0.216250
12 0.640820 0.458437 0.029180 0.189375
13 0.675410 0.462188 0.049836 0.155625
14 0.718852 0.435000 0.048852 0.168750
15 0.749836 0.363750 0.039344 0.163750
17 0.522986 0.677649 0.021383 0.176630
18 0.552536 0.675951 0.034153 0.204937
19 0.575849 0.666893 0.032668 0.182292
20 0.610002 0.671988 0.042172 0.191350
21 0.654550 0.649343 0.067118 0.181159
22 0.709937 0.626981 0.078106 0.186255
25 0.478736 0.685575 0.023165 0.180027
26 0.453047 0.703691 0.028213 0.217391
27 0.426319 0.688406 0.033559 0.190217
28 0.396323 0.684443 0.037717 0.182292
29 0.347767 0.664062 0.073652 0.182292
30 0.295201 0.647079 0.078997 0.191350
31 0.246644 0.608865 0.071573 0.167006