0 0.494037 0.479372 0.034783 0.188459
1 0.463892 0.476631 0.032795 0.191201
2 0.431925 0.444764 0.037102 0.254934
3 0.400786 0.469093 0.038427 0.206277
4 0.369481 0.463610 0.035445 0.207648
5 0.331054 0.460869 0.050021 0.181606
6 0.289812 0.450589 0.056978 0.181606
7 0.256354 0.436541 0.064266 0.158991
8 0.528323 0.480058 0.032464 0.192571
9 0.559297 0.479030 0.032795 0.194627
10 0.589276 0.443736 0.033789 0.250137
11 0.617103 0.460526 0.037102 0.205592
12 0.645095 0.456757 0.034120 0.202166
13 0.680871 0.444422 0.048696 0.192571
14 0.719630 0.440652 0.053996 0.168586
15 0.747456 0.414611 0.054659 0.154879
16 0.514244 0.671258 0.019545 0.151453
17 0.537433 0.675713 0.022857 0.168586
18 0.559959 0.705181 0.028820 0.234375
19 0.587951 0.693188 0.031139 0.184348
20 0.618262 0.687706 0.047371 0.182977
21 0.656689 0.661664 0.069897 0.180236
22 0.699754 0.644189 0.061947 0.172697
23 0.749940 0.628427 0.049690 0.153509
24 0.494368 0.672286 0.024182 0.158991
25 0.474824 0.689762 0.032133 0.173383
26 0.450476 0.709293 0.032464 0.222039
27 0.420330 0.717516 0.035114 0.217928
28 0.383063 0.703810 0.053996 0.186404
29 0.342814 0.688048 0.079504 0.193257
30 0.295112 0.652412 0.070228 0.179550
31 0.250391 0.647272 0.057640 0.158306