0 0.486309 0.506963 0.029401 0.131907
1 0.456165 0.510360 0.027916 0.130774
2 0.426319 0.510077 0.037717 0.164176
3 0.401521 0.518852 0.037420 0.157948
4 0.374495 0.526495 0.037420 0.159647
5 0.338857 0.537251 0.049893 0.157382
6 0.297874 0.545177 0.040984 0.157382
7 0.258820 0.539515 0.044250 0.166440
8 0.517492 0.503567 0.029995 0.139832
9 0.547488 0.504416 0.026431 0.137002
10 0.576295 0.500453 0.037717 0.181159
11 0.603914 0.521399 0.041875 0.159647
12 0.631831 0.519418 0.034747 0.172668
13 0.671329 0.532156 0.057318 0.160779
14 0.713055 0.539515 0.048111 0.163043
15 0.750624 0.540365 0.045438 0.159081
16 0.511850 0.664062 0.019898 0.143795
17 0.531599 0.669158 0.024353 0.163043
18 0.556694 0.676234 0.028213 0.171535
19 0.579116 0.683028 0.030886 0.167006
20 0.607627 0.691519 0.032668 0.171535
21 0.649204 0.692652 0.065336 0.162477
22 0.698355 0.693784 0.059100 0.161345
23 0.756860 0.676517 0.068603 0.129076
24 0.491209 0.661515 0.021383 0.145494
25 0.469381 0.672837 0.023462 0.167006
26 0.443544 0.677649 0.026431 0.172101
27 0.418746 0.684726 0.028510 0.164742
28 0.396323 0.691519 0.033559 0.167006
29 0.357122 0.694633 0.056724 0.157382
30 0.308565 0.702842 0.052269 0.163610
31 0.257038 0.680197 0.062663 0.142097