0 0.490959 0.474724 0.035358 0.212929
1 0.467049 0.451875 0.035082 0.217500
2 0.433443 0.415937 0.038033 0.274375
3 0.400656 0.442188 0.041311 0.191875
4 0.365902 0.437812 0.038689 0.189375
5 0.324262 0.424687 0.055082 0.214375
6 0.281475 0.408750 0.060656 0.190000
8 0.522787 0.481563 0.037049 0.210625
9 0.557213 0.469375 0.027869 0.221250
10 0.589672 0.437188 0.033770 0.263125
11 0.618361 0.449062 0.034754 0.221875
12 0.650164 0.444062 0.032787 0.215625
13 0.689344 0.435937 0.050164 0.199375
14 0.732131 0.411562 0.048525 0.194375
16 0.517049 0.688750 0.026230 0.168750
17 0.536393 0.692812 0.029508 0.194375
18 0.567869 0.709063 0.041311 0.213125
19 0.598197 0.693437 0.042951 0.189375
20 0.630656 0.684062 0.044918 0.195625
21 0.678525 0.668437 0.075738 0.201875
22 0.723279 0.636875 0.064262 0.185000
23 0.778689 0.575000 0.079344 0.122500
24 0.492459 0.690937 0.025574 0.178125
25 0.470164 0.691250 0.026885 0.162500
26 0.442131 0.711250 0.041639 0.230000
27 0.413115 0.681250 0.051148 0.205000
28 0.383770 0.658750 0.046885 0.180000
29 0.329344 0.655938 0.083607 0.199375
30 0.286557 0.640000 0.057705 0.196250
31 0.225082 0.575000 0.084918 0.116250