0 0.491536 0.456597 0.031171 0.217634
1 0.464711 0.447917 0.031470 0.191592
2 0.439835 0.416915 0.032070 0.233755
3 0.417506 0.430866 0.035367 0.192212
4 0.390681 0.421565 0.036266 0.188492
5 0.356663 0.420635 0.049753 0.174231
6 0.312005 0.390873 0.044958 0.175471
8 0.524055 0.462488 0.030271 0.212054
9 0.552828 0.461868 0.025476 0.189732
10 0.577855 0.436446 0.029972 0.226935
11 0.599434 0.431796 0.035966 0.216394
12 0.627158 0.436446 0.032070 0.199653
13 0.661925 0.429005 0.046456 0.184772
14 0.703436 0.410094 0.044358 0.174231
16 0.529614 0.646920 0.018746 0.133768
17 0.545779 0.671931 0.024452 0.166929
18 0.569687 0.671369 0.040210 0.183790
19 0.589385 0.659004 0.030701 0.169177
20 0.611120 0.652540 0.041568 0.178732
21 0.650650 0.626124 0.061401 0.177608
22 0.703221 0.585094 0.073627 0.152878
23 0.740170 0.550528 0.061129 0.159060
24 0.509101 0.657037 0.019018 0.143885
25 0.490219 0.669964 0.028527 0.171987
26 0.466718 0.652540 0.033689 0.182104
27 0.445255 0.647763 0.033146 0.174798
28 0.421211 0.639894 0.040481 0.179294
30 0.321774 0.570200 0.091558 0.147819
31 0.282515 0.515119 0.076072 0.146695