0 0.488571 0.476631 0.032464 0.199424
1 0.457598 0.476631 0.026833 0.182977
2 0.430434 0.464981 0.032795 0.191201
3 0.405423 0.472862 0.040414 0.182292
4 0.378094 0.470121 0.034783 0.183662
5 0.343311 0.484512 0.051346 0.182292
6 0.299087 0.480058 0.045715 0.159677
7 0.258176 0.450247 0.040083 0.160362
8 0.522692 0.481771 0.033127 0.191886
9 0.552506 0.485540 0.023851 0.182977
10 0.580498 0.478002 0.028820 0.188459
11 0.604846 0.484512 0.037102 0.179550
12 0.633666 0.482799 0.035114 0.182977
13 0.672093 0.474575 0.047702 0.166530
14 0.711348 0.470806 0.043396 0.169956
15 0.749278 0.452645 0.050352 0.155565
16 0.512067 0.674851 0.018882 0.169271
17 0.531548 0.674541 0.021879 0.155010
18 0.554626 0.690352 0.023678 0.184152
19 0.579803 0.682912 0.029073 0.160590
20 0.605878 0.664931 0.034467 0.150670
21 0.647239 0.662450 0.059644 0.174231
23 0.716923 0.626488 0.072532 0.106027
24 0.490811 0.676042 0.020896 0.160417
25 0.472432 0.672396 0.022407 0.160417
26 0.445242 0.685937 0.025428 0.186458
27 0.421324 0.670833 0.030463 0.157292
28 0.394260 0.669271 0.034240 0.153125
31 0.272281 0.626823 0.082830 0.115104