0 0.476454 0.463820 0.026032 0.201001
1 0.449689 0.463820 0.021632 0.181280
2 0.424941 0.430446 0.028598 0.257130
3 0.402942 0.451684 0.032998 0.213137
4 0.378010 0.446754 0.030065 0.203277
5 0.346112 0.446374 0.040331 0.182797
6 0.309631 0.429308 0.039231 0.188107
8 0.505786 0.475197 0.029698 0.197967
9 0.532734 0.476714 0.024199 0.190382
10 0.559132 0.457752 0.039598 0.241960
11 0.579848 0.475956 0.038498 0.208586
12 0.606246 0.478610 0.035564 0.195692
13 0.643461 0.466475 0.054997 0.201760
14 0.688008 0.457752 0.045831 0.190382
15 0.727972 0.425895 0.048030 0.193416
16 0.480297 0.669891 0.021879 0.158110
17 0.499179 0.673921 0.031470 0.162450
18 0.520459 0.702443 0.036266 0.197173
19 0.543237 0.691592 0.036865 0.202753
20 0.580402 0.681672 0.062041 0.196553
21 0.624461 0.664931 0.088417 0.192832
22 0.680657 0.641369 0.090515 0.172991
23 0.734307 0.597656 0.095310 0.151290
24 0.460815 0.674231 0.029672 0.155630
25 0.445979 0.666791 0.037165 0.174231
26 0.423650 0.676401 0.032669 0.197173
28 0.372398 0.651600 0.045257 0.183532
29 0.339130 0.632378 0.069235 0.181052
30 0.300317 0.598276 0.061142 0.173611