0 0.470656 0.479687 0.036393 0.183125
1 0.437377 0.484688 0.032131 0.185625
2 0.405246 0.469062 0.034754 0.244375
3 0.371475 0.495937 0.041311 0.184375
4 0.356721 0.468125 0.040000 0.206250
5 0.312787 0.472500 0.051803 0.181250
6 0.265246 0.451875 0.047213 0.191250
7 0.249344 0.342500 0.061311 0.152500
8 0.507541 0.478125 0.034098 0.187500
9 0.539508 0.472187 0.030492 0.181875
10 0.573607 0.449688 0.037705 0.253125
11 0.606230 0.478437 0.043279 0.199375
12 0.627049 0.465000 0.042951 0.198750
13 0.673934 0.483437 0.053443 0.185625
14 0.724754 0.450000 0.050820 0.196250
16 0.505246 0.670000 0.022951 0.165000
17 0.527705 0.690312 0.023934 0.166875
18 0.551967 0.701875 0.036393 0.211250
19 0.579508 0.687500 0.038361 0.180000
20 0.617869 0.690000 0.039672 0.176250
22 0.714918 0.649375 0.080984 0.177500
24 0.483115 0.676250 0.021311 0.158750
25 0.459836 0.686562 0.026557 0.175625
26 0.435410 0.698438 0.033443 0.210625
27 0.405410 0.697500 0.031803 0.191250
28 0.366721 0.693125 0.048197 0.176250
29 0.327541 0.676250 0.074098 0.190000
30 0.278197 0.651250 0.063934 0.186250