0 0.490170 0.468467 0.034153 0.195312
1 0.451562 0.475260 0.032965 0.182858
2 0.419191 0.447803 0.035935 0.257020
3 0.389790 0.472713 0.040687 0.211730
4 0.349846 0.473845 0.036826 0.197011
5 0.306932 0.475543 0.051972 0.187953
6 0.252584 0.469316 0.058506 0.176630
8 0.528184 0.472147 0.031777 0.199275
9 0.559664 0.478940 0.031777 0.189085
10 0.593074 0.454031 0.039796 0.250226
11 0.620694 0.476110 0.042172 0.206069
13 0.703552 0.472713 0.057021 0.197011
14 0.760870 0.474694 0.059397 0.172668
16 0.479478 0.666610 0.019898 0.097939
17 0.498931 0.662364 0.027916 0.143795
18 0.525214 0.688689 0.032965 0.170403
19 0.558030 0.710768 0.036232 0.169271
20 0.588768 0.711617 0.059100 0.185688
21 0.647422 0.707088 0.093253 0.192482
22 0.710531 0.684443 0.094144 0.169837
24 0.465520 0.640002 0.025244 0.131907
25 0.445771 0.644814 0.025541 0.151721
26 0.416221 0.701144 0.043656 0.186255
27 0.384593 0.713881 0.045735 0.168705
28 0.359052 0.716429 0.057021 0.190784
29 0.317623 0.708220 0.074543 0.182292
30 0.263869 0.679914 0.087016 0.158514