0 0.478799 0.471491 0.030145 0.206963
1 0.449316 0.467037 0.026170 0.202166
2 0.423312 0.442366 0.030476 0.228207
3 0.396811 0.448533 0.032464 0.193942
4 0.376438 0.436198 0.033458 0.192571
5 0.337183 0.438596 0.051678 0.172697
6 0.294284 0.438254 0.047371 0.178865
7 0.252710 0.424205 0.042402 0.153509
8 0.508944 0.472177 0.030808 0.205592
9 0.538096 0.475946 0.024845 0.198054
10 0.564100 0.453331 0.030476 0.232319
11 0.589276 0.463953 0.035114 0.190515
12 0.616274 0.448876 0.034783 0.194627
13 0.653542 0.460526 0.061616 0.186404
14 0.692466 0.456757 0.053996 0.185718
16 0.498579 0.677021 0.029672 0.163690
17 0.513415 0.686012 0.037764 0.171751
18 0.538142 0.703993 0.039263 0.226314
19 0.567514 0.705853 0.029672 0.203993
20 0.597036 0.695002 0.034168 0.210813
21 0.609625 0.686012 0.070134 0.187872
22 0.652634 0.675781 0.071632 0.189732
23 0.700589 0.646949 0.060243 0.140749
24 0.482395 0.678571 0.021280 0.166791
25 0.462314 0.679501 0.020680 0.164931
26 0.438786 0.691592 0.026375 0.207713
27 0.416007 0.690352 0.029972 0.210193
28 0.391430 0.677641 0.038963 0.195933
29 0.350219 0.667101 0.062641 0.182292
30 0.306011 0.655940 0.056347 0.181052
31 0.263451 0.627108 0.052750 0.165551