0 0.487638 0.472403 0.028255 0.199528
1 0.460606 0.468469 0.023637 0.201776
2 0.435746 0.441772 0.026625 0.240558
3 0.413876 0.444020 0.035591 0.203462
4 0.391733 0.438118 0.037493 0.180418
8 0.516165 0.472403 0.028255 0.206272
9 0.543062 0.470155 0.025538 0.207397
10 0.568193 0.441942 0.026164 0.237439
11 0.589420 0.426879 0.033075 0.196078
14 0.676842 0.400152 0.034694 0.189278
15 0.715995 0.392865 0.041930 0.193015
16 0.509315 0.667969 0.015609 0.141146
17 0.527316 0.680208 0.021400 0.171875
18 0.546324 0.677604 0.023162 0.184375
19 0.571375 0.687240 0.030967 0.181771
20 0.596047 0.676042 0.045569 0.187500
21 0.632049 0.661198 0.067724 0.185938
22 0.679507 0.639062 0.084089 0.154167
23 0.718404 0.605990 0.084340 0.150521
25 0.480488 0.676302 0.017372 0.167187
26 0.461229 0.685937 0.021652 0.202083
27 0.437689 0.689844 0.025428 0.180729
28 0.411380 0.681250 0.049345 0.191667
29 0.376762 0.656771 0.068228 0.178125
30 0.335473 0.638281 0.063192 0.172396
31 0.294814 0.603906 0.071501 0.172396