0 0.490228 0.475603 0.030476 0.206963
1 0.463229 0.479030 0.030145 0.191886
2 0.432587 0.450589 0.039089 0.244655
3 0.409564 0.459841 0.036108 0.223410
4 0.379253 0.465666 0.036439 0.191201
5 0.346127 0.465323 0.056315 0.205592
6 0.299087 0.450932 0.048365 0.186404
7 0.262151 0.436198 0.036108 0.125411
8 0.522360 0.479715 0.030476 0.201480
9 0.551181 0.478002 0.028489 0.188459
10 0.579504 0.444079 0.032795 0.250822
11 0.600042 0.458470 0.033458 0.195998
12 0.629194 0.476974 0.035445 0.204221
13 0.664805 0.480058 0.052340 0.181606
14 0.710520 0.472862 0.047040 0.182292
15 0.749278 0.461897 0.044390 0.164474
16 0.518717 0.679482 0.019213 0.158306
17 0.541289 0.682602 0.025776 0.168651
18 0.564517 0.699653 0.030871 0.218874
19 0.586996 0.692522 0.030871 0.197173
24 0.502775 0.681362 0.021879 0.162450
25 0.483593 0.684772 0.024277 0.169271
26 0.458118 0.698723 0.030271 0.209573
27 0.433241 0.686632 0.031470 0.186632
28 0.403719 0.686632 0.041361 0.208953
29 0.365355 0.653460 0.049753 0.066964
30 0.314703 0.638579 0.072532 0.172371
31 0.272743 0.595796 0.077327 0.156250