0 0.486726 0.467713 0.032642 0.194275
1 0.455172 0.463219 0.034093 0.183905
2 0.425069 0.437638 0.032642 0.208794
3 0.399318 0.434181 0.039896 0.170077
4 0.366676 0.426231 0.038445 0.181831
5 0.326418 0.415514 0.051502 0.200498
6 0.279994 0.391662 0.049325 0.172152
8 0.520093 0.463910 0.036269 0.210177
9 0.551647 0.467713 0.034093 0.181831
10 0.583200 0.445243 0.034818 0.228153
11 0.611127 0.451120 0.038445 0.176300
12 0.638510 0.438330 0.035906 0.179757
13 0.677136 0.432453 0.051502 0.203955
14 0.725192 0.411020 0.048237 0.177683
15 0.763818 0.392008 0.048600 0.154867
16 0.508033 0.642813 0.022623 0.118125
17 0.532459 0.650000 0.026230 0.130000
18 0.559836 0.654062 0.034426 0.154375
19 0.598197 0.645625 0.054754 0.153750
20 0.625902 0.651875 0.039344 0.143750
22 0.729508 0.578125 0.083279 0.106250
24 0.486903 0.643682 0.023462 0.121150
25 0.463887 0.643682 0.024353 0.125679
26 0.432110 0.647362 0.043359 0.152287
27 0.403154 0.643116 0.048408 0.159647
28 0.374347 0.644248 0.054348 0.185688
30 0.287182 0.581692 0.076622 0.142097
31 0.244417 0.522249 0.074246 0.128510