0 0.484837 0.499175 0.034545 0.138094
1 0.453019 0.522282 0.033939 0.138094
2 0.417263 0.519531 0.053938 0.163402
3 0.386960 0.530535 0.066059 0.173305
4 0.361809 0.536037 0.058180 0.179908
5 0.332416 0.567672 0.066665 0.165053
7 0.256206 0.577025 0.047575 0.148548
8 0.520290 0.498900 0.033333 0.141945
9 0.549078 0.512654 0.032120 0.137544
10 0.581047 0.501926 0.040302 0.174406
11 0.608925 0.520632 0.053029 0.172205
12 0.638469 0.525858 0.052120 0.177157
15 0.737558 0.559694 0.061211 0.163402
16 0.508776 0.668079 0.023030 0.136994
17 0.529987 0.672480 0.021212 0.150198
18 0.549987 0.686510 0.026666 0.177157
19 0.574835 0.710717 0.029696 0.177157
20 0.603773 0.721446 0.038484 0.166703
21 0.643469 0.722546 0.068786 0.163402
23 0.725588 0.734100 0.058483 0.140295
25 0.482867 0.679632 0.026363 0.147997
26 0.460140 0.696413 0.028787 0.176056
27 0.436353 0.722271 0.030908 0.170555
28 0.406657 0.738501 0.036363 0.168904
31 0.283933 0.751155 0.060605 0.135893