0 0.492210 0.479563 0.033927 0.202815
1 0.460998 0.486807 0.029584 0.171772
2 0.429242 0.453953 0.038269 0.213680
3 0.400744 0.450590 0.044241 0.193502
4 0.367360 0.449296 0.037727 0.165046
5 0.328819 0.431188 0.051840 0.179532
6 0.281593 0.409458 0.047498 0.162976
7 0.254858 0.398075 0.040169 0.096751
8 0.525594 0.482409 0.033384 0.196089
9 0.556943 0.498965 0.026056 0.169185
10 0.585577 0.477752 0.033384 0.198158
11 0.613804 0.473872 0.038812 0.171772
12 0.646102 0.469992 0.037184 0.169185
13 0.683829 0.448520 0.049126 0.197641
14 0.728205 0.436103 0.047226 0.166598
15 0.756840 0.396782 0.053469 0.146937
16 0.506188 0.662459 0.024427 0.116411
17 0.530616 0.675652 0.025513 0.125207
18 0.555857 0.690656 0.033113 0.173841
19 0.592227 0.673065 0.043969 0.154180
20 0.628189 0.663752 0.057268 0.155215
21 0.671344 0.638659 0.073011 0.149524
22 0.723727 0.606322 0.074096 0.153146
23 0.764575 0.576055 0.055369 0.148489
24 0.485425 0.663752 0.025242 0.114859
25 0.460726 0.668409 0.035012 0.146937
26 0.430192 0.673324 0.047226 0.165046
27 0.395044 0.661424 0.055640 0.153663
28 0.364103 0.652628 0.063782 0.166080
29 0.327733 0.617446 0.071925 0.152628
30 0.277521 0.582523 0.072468 0.155215
31 0.236266 0.549410 0.057268 0.149007