0 0.483899 0.458496 0.033299 0.222517
1 0.456638 0.454660 0.027078 0.186942
2 0.426632 0.434780 0.029274 0.237863
3 0.397907 0.444545 0.032567 0.191825
4 0.368084 0.444894 0.035861 0.166016
5 0.330394 0.434082 0.043179 0.168108
6 0.299107 0.400600 0.046472 0.155552
7 0.282275 0.322475 0.042081 0.092773
8 0.512258 0.457799 0.030006 0.207171
9 0.536410 0.455008 0.027810 0.214146
10 0.566415 0.444545 0.035861 0.243443
11 0.596421 0.454660 0.042447 0.203683
12 0.626793 0.459542 0.043179 0.163225
13 0.664483 0.441755 0.050498 0.172294
14 0.706382 0.410366 0.051595 0.161133
24 0.492133 0.679618 0.020492 0.166713
25 0.469994 0.669155 0.025249 0.166713
26 0.441086 0.691127 0.025981 0.205078
27 0.411995 0.685198 0.031470 0.177874
28 0.376134 0.676828 0.049766 0.179269
29 0.331857 0.658343 0.077576 0.184152
30 0.293435 0.611956 0.051230 0.154157
31 0.255196 0.603585 0.040618 0.080218
16 0.512990 0.676828 0.022687 0.155552
17 0.530189 0.689035 0.032201 0.182757
18 0.559280 0.700195 0.036958 0.193917
19 0.592762 0.699847 0.036593 0.183454
20 0.630086 0.688686 0.051961 0.184849
21 0.676559 0.668806 0.080504 0.179967
22 0.732911 0.648577 0.071721 0.156250
23 0.776090 0.606724 0.047570 0.090681