0 0.480490 0.479884 0.030431 0.186190
1 0.457544 0.489942 0.028222 0.161396
2 0.425272 0.470762 0.030922 0.204435
3 0.404903 0.476141 0.040738 0.182448
4 0.377908 0.473568 0.036321 0.195079
5 0.340360 0.469826 0.045156 0.184787
6 0.299254 0.452517 0.045401 0.195079
7 0.272013 0.433570 0.043438 0.155314
8 0.510430 0.483159 0.031903 0.174963
9 0.539511 0.497895 0.024786 0.154847
10 0.570310 0.474036 0.036812 0.206306
11 0.593133 0.474504 0.039266 0.182915
12 0.624055 0.471463 0.031903 0.177769
13 0.659517 0.470996 0.045401 0.160928
14 0.702587 0.449242 0.044665 0.193207
15 0.723937 0.419302 0.040247 0.142683
16 0.502822 0.669115 0.021596 0.152975
17 0.520983 0.663033 0.027486 0.143619
18 0.546137 0.676132 0.027731 0.174495
19 0.572151 0.687827 0.033130 0.180109
20 0.605159 0.681746 0.044174 0.175430
21 0.645651 0.664203 0.068224 0.163735
22 0.695470 0.638239 0.057426 0.154847
23 0.734490 0.626544 0.050555 0.122100
24 0.484048 0.672624 0.017915 0.154379
25 0.466624 0.659291 0.024786 0.147362
26 0.441101 0.679641 0.025768 0.182448
27 0.416928 0.682682 0.035339 0.178237
28 0.388338 0.684085 0.049328 0.170752
29 0.343796 0.672390 0.078531 0.171688
30 0.301340 0.644555 0.063807 0.156250
31 0.251025 0.642822 0.070014 0.118815