7 0.263959 0.378171 0.042607 0.089728
6 0.282422 0.459777 0.042201 0.136912
5 0.326246 0.474861 0.041389 0.148515
4 0.360534 0.477181 0.030433 0.160891
3 0.389547 0.483369 0.034085 0.182550
2 0.414908 0.481049 0.028810 0.210396
1 0.444327 0.487237 0.025970 0.179455
0 0.475572 0.495746 0.032462 0.163985
8 0.507629 0.485690 0.030839 0.188738
9 0.531772 0.486077 0.027187 0.170947
10 0.561597 0.486077 0.039766 0.180229
11 0.589190 0.484916 0.039766 0.182550
12 0.621652 0.483756 0.039766 0.167853
13 0.661419 0.486077 0.051940 0.144647
14 0.709098 0.462098 0.046665 0.161665
15 0.753327 0.449335 0.049099 0.145421
30 0.286885 0.612160 0.064113 0.146194
29 0.337405 0.648902 0.062084 0.162438
28 0.379200 0.664372 0.037737 0.154703
27 0.410445 0.674814 0.035303 0.167853
26 0.443516 0.674814 0.031651 0.161665
25 0.470703 0.677522 0.026781 0.156250
24 0.494238 0.667079 0.020289 0.138459
16 0.517367 0.669013 0.021912 0.146968
17 0.537859 0.667466 0.030433 0.140780
18 0.565046 0.671334 0.034491 0.163985
19 0.600755 0.679842 0.040984 0.167079
20 0.632608 0.667853 0.042201 0.155476
21 0.678867 0.655863 0.075475 0.165532
22 0.730807 0.623376 0.070605 0.146968
23 0.771385 0.604811 0.051128 0.142327