0 0.488107 0.471052 0.032201 0.200195
1 0.459565 0.470703 0.025615 0.189732
2 0.429011 0.459542 0.035495 0.216239
3 0.403945 0.481864 0.037324 0.184152
4 0.373756 0.471052 0.034763 0.197405
5 0.335883 0.479422 0.048302 0.161133
6 0.289959 0.459194 0.045741 0.175084
8 0.520126 0.470354 0.027444 0.186244
9 0.548668 0.473842 0.025249 0.191825
10 0.576844 0.455706 0.035495 0.219727
11 0.599898 0.461635 0.046472 0.202288
12 0.634112 0.471401 0.036593 0.182757
13 0.680035 0.461635 0.056718 0.199498
14 0.729252 0.468262 0.060744 0.170898
16 0.512990 0.650321 0.022687 0.162528
17 0.527810 0.672642 0.028176 0.170898
18 0.551595 0.685547 0.033299 0.200893
19 0.582699 0.679618 0.033299 0.175084
20 0.611790 0.675781 0.033665 0.170201
22 0.719555 0.651018 0.075746 0.154157
24 0.491218 0.660086 0.021590 0.180664
25 0.469994 0.677874 0.019394 0.178571
26 0.443465 0.696300 0.026347 0.201709
28 0.389308 0.687291 0.034397 0.156948
29 0.350154 0.666674 0.058548 0.150670
30 0.296363 0.648926 0.070258 0.148577