0 0.491190 0.476636 0.034089 0.204439
1 0.461123 0.479191 0.032174 0.186186
2 0.426842 0.471159 0.037153 0.228534
3 0.395817 0.491968 0.040218 0.197138
4 0.360579 0.488318 0.033323 0.182535
6 0.272101 0.479556 0.057837 0.169393
7 0.245672 0.400701 0.051708 0.121203
31 0.225755 0.666107 0.054006 0.105870
30 0.275165 0.666107 0.063965 0.161361
29 0.330703 0.696773 0.066263 0.165742
28 0.375134 0.715391 0.038685 0.185456
27 0.406542 0.699693 0.037919 0.154060
26 0.438908 0.696408 0.033706 0.185456
25 0.471656 0.683995 0.026429 0.165012
24 0.493297 0.670853 0.022215 0.140187
16 0.515704 0.666837 0.019534 0.140917
17 0.538111 0.679614 0.022981 0.157710
18 0.566838 0.692757 0.029876 0.182535
19 0.600544 0.694947 0.039835 0.181075
20 0.636165 0.701884 0.036770 0.189106
21 0.675425 0.688011 0.060901 0.174504
22 0.730772 0.653695 0.065880 0.161361
23 0.777884 0.641647 0.053623 0.105140
8 0.525280 0.476636 0.031025 0.205900
9 0.556688 0.476636 0.030259 0.189836
10 0.590011 0.472255 0.034855 0.211741
11 0.624674 0.484667 0.036770 0.182535
12 0.651678 0.483207 0.037919 0.182535
13 0.690746 0.480286 0.050176 0.172313
14 0.737284 0.467509 0.056688 0.180345
15 0.762563 0.392304 0.045197 0.105870
5 0.319578 0.477550 0.053232 0.201149