0 0.478423 0.484699 0.036200 0.193695
1 0.448927 0.499260 0.029943 0.170118
2 0.416972 0.486548 0.035753 0.199242
3 0.389375 0.504114 0.038658 0.203865
4 0.359879 0.497874 0.027485 0.196930
5 0.327701 0.517289 0.045809 0.178439
6 0.282786 0.516596 0.046256 0.161335
7 0.245692 0.487241 0.038658 0.144231
31 0.262675 0.651581 0.082009 0.135447
29 0.347700 0.678855 0.054971 0.165033
28 0.388705 0.691106 0.031954 0.171043
27 0.416525 0.687639 0.032178 0.170581
26 0.443452 0.681398 0.032848 0.165496
25 0.468479 0.666605 0.028826 0.139608
24 0.489149 0.667298 0.019664 0.140070
8 0.514623 0.478227 0.034412 0.201091
9 0.544566 0.486779 0.028156 0.169194
10 0.574845 0.471061 0.033742 0.208950
11 0.605906 0.482618 0.038211 0.191383
12 0.639089 0.492788 0.026368 0.173817
13 0.674284 0.510124 0.048937 0.155788
15 0.739868 0.500647 0.048714 0.151627
16 0.514176 0.662676 0.020111 0.128051
17 0.534064 0.668685 0.019217 0.128976
18 0.556633 0.690412 0.029050 0.180751
19 0.583671 0.685790 0.034412 0.161335
20 0.615067 0.685558 0.048937 0.155325