7 0.272944 0.360840 0.043911 0.099749
6 0.287763 0.449079 0.050864 0.145089
5 0.322709 0.472796 0.046838 0.157645
4 0.362046 0.480120 0.030372 0.166713
3 0.391503 0.473145 0.033665 0.189035
2 0.418216 0.469308 0.027810 0.184152
1 0.445660 0.478376 0.030738 0.189732
0 0.478959 0.479771 0.036593 0.199498
8 0.514454 0.481515 0.038788 0.194615
9 0.536958 0.475935 0.042081 0.207171
10 0.564403 0.476981 0.032567 0.206473
11 0.599166 0.488839 0.031104 0.175781
12 0.628806 0.489537 0.042813 0.177176
13 0.671253 0.479422 0.050864 0.166713
14 0.712785 0.449079 0.054157 0.164621
15 0.727056 0.358398 0.049034 0.113002
16 0.490852 0.671247 0.020126 0.140206
17 0.512807 0.672991 0.023053 0.145089
18 0.539520 0.676828 0.026713 0.168108
19 0.566049 0.678920 0.037324 0.168108
20 0.604472 0.674386 0.050498 0.177176
21 0.655335 0.655204 0.081967 0.169503
22 0.713517 0.630790 0.069526 0.175084
23 0.762185 0.619629 0.056352 0.110910
24 0.469811 0.675781 0.023419 0.160435
25 0.444379 0.672991 0.023053 0.147879
26 0.421326 0.676479 0.034763 0.171596
27 0.399919 0.663923 0.029274 0.170201
28 0.370645 0.657994 0.035861 0.173689
29 0.326003 0.636021 0.057816 0.163225
30 0.281360 0.609863 0.054889 0.163923
31 0.241657 0.587542 0.045009 0.105329