0 0.489653 0.468371 0.033365 0.207069
1 0.461055 0.470267 0.031898 0.201760
2 0.425307 0.456993 0.042531 0.234375
3 0.400742 0.471025 0.038864 0.201760
4 0.370127 0.475956 0.033365 0.199484
5 0.329613 0.472922 0.054263 0.207069
6 0.282683 0.450167 0.049130 0.191899
8 0.523935 0.469508 0.032998 0.212379
9 0.552899 0.474439 0.028598 0.190382
10 0.584797 0.446754 0.035931 0.236650
11 0.610829 0.447133 0.038131 0.214654
12 0.642727 0.455856 0.037398 0.207828
13 0.680308 0.441444 0.050964 0.210862
14 0.724856 0.419448 0.048397 0.197209
16 0.508779 0.668174 0.020539 0.160362
17 0.531470 0.677769 0.025507 0.168586
18 0.555487 0.693188 0.030476 0.206277
19 0.584639 0.685650 0.031802 0.189830
20 0.612299 0.683594 0.039421 0.192571
21 0.661824 0.655154 0.076854 0.176809
22 0.715654 0.624657 0.071222 0.177495
24 0.489068 0.672286 0.021532 0.165844
25 0.466542 0.683936 0.024845 0.175439
26 0.440206 0.704496 0.028489 0.200110
27 0.413374 0.700384 0.033789 0.186404
28 0.383229 0.708265 0.049690 0.199424
29 0.341158 0.681195 0.078179 0.186404
30 0.283683 0.648643 0.081160 0.185718