8 0.513107 0.477181 0.032868 0.193379
9 0.540497 0.467126 0.025970 0.177908
10 0.568901 0.469446 0.031651 0.185644
11 0.588176 0.491491 0.040984 0.143100
12 0.616377 0.480662 0.039766 0.175588
13 0.658375 0.465965 0.049911 0.194152
14 0.704837 0.464805 0.040578 0.162438
15 0.724454 0.396107 0.050849 0.117285
23 0.756776 0.640780 0.049505 0.099783
22 0.709503 0.655096 0.071011 0.159331
21 0.656346 0.699567 0.076692 0.167853
20 0.609276 0.711556 0.043418 0.163985
19 0.577422 0.718131 0.034085 0.178682
18 0.550438 0.709623 0.036114 0.163212
17 0.527715 0.687964 0.033680 0.169400
16 0.509252 0.688351 0.025158 0.176361
24 0.488557 0.681389 0.022724 0.171720
25 0.466645 0.686804 0.021100 0.196473
26 0.442501 0.706142 0.029622 0.185644
27 0.419981 0.709236 0.025970 0.176361
28 0.387721 0.699180 0.046665 0.159344
29 0.349172 0.689511 0.067765 0.164759
30 0.302913 0.640780 0.065330 0.127630
31 0.271669 0.622215 0.045041 0.133818
0 0.475978 0.482596 0.034085 0.190285
1 0.451225 0.464805 0.022724 0.177908
2 0.424444 0.459390 0.027593 0.185644
3 0.401720 0.459390 0.033274 0.174814
4 0.373316 0.453976 0.030028 0.190285
5 0.333550 0.460938 0.045447 0.160891
6 0.296015 0.436185 0.036114 0.185644
7 0.276944 0.373917 0.032056 0.132271