0 0.479706 0.467473 0.031347 0.205780
1 0.453172 0.471605 0.024683 0.190369
2 0.427379 0.450878 0.024929 0.245098
3 0.408003 0.448836 0.028138 0.193015
4 0.383197 0.433007 0.033321 0.206291
5 0.354195 0.419730 0.045416 0.215482
6 0.312111 0.409518 0.039739 0.199142
7 0.274594 0.410795 0.044675 0.156761
8 0.510189 0.464665 0.030113 0.208333
9 0.536723 0.449602 0.024929 0.194547
10 0.562763 0.425092 0.027644 0.274203
11 0.577326 0.423815 0.039492 0.207312
12 0.606451 0.408752 0.032087 0.221099
13 0.641007 0.412326 0.053808 0.196589
14 0.687533 0.396497 0.044182 0.188419
15 0.727025 0.385263 0.044182 0.164931
16 0.510806 0.695466 0.018018 0.135825
17 0.522037 0.672743 0.023202 0.158803
18 0.548694 0.713082 0.035543 0.214971
19 0.573006 0.711040 0.049612 0.201695
20 0.601021 0.691125 0.055783 0.177185
21 0.634219 0.669424 0.076269 0.182802
22 0.684448 0.635212 0.079972 0.182802
23 0.728013 0.590022 0.067383 0.155739
24 0.496243 0.686275 0.022955 0.157271
25 0.478966 0.672743 0.023448 0.162888
26 0.449840 0.707210 0.031841 0.214461
27 0.424417 0.722529 0.035296 0.172590
28 0.401092 0.702870 0.044429 0.165952
29 0.368017 0.677849 0.076022 0.171058
30 0.325933 0.652829 0.064915 0.183313
31 0.273113 0.600490 0.074788 0.101103