0 0.473124 0.463219 0.030046 0.216127
1 0.449004 0.445255 0.030873 0.217838
2 0.420888 0.439553 0.027565 0.205292
3 0.401454 0.411896 0.037213 0.208143
4 0.373200 0.413036 0.032527 0.170506
5 0.344514 0.391038 0.047376 0.183709
6 0.309938 0.365420 0.049342 0.166515
7 0.284853 0.313812 0.046585 0.114621
31 0.279754 0.542484 0.060092 0.141994
30 0.323445 0.561873 0.078010 0.145415
29 0.359142 0.616332 0.080490 0.140283
28 0.395252 0.640283 0.057336 0.151688
27 0.423782 0.666229 0.049893 0.168225
26 0.454104 0.681626 0.040521 0.169366
25 0.483737 0.675354 0.025360 0.146556
24 0.507443 0.663948 0.026463 0.141994
16 0.523017 0.673358 0.033354 0.123175
17 0.542864 0.685618 0.036662 0.169366
18 0.573461 0.702726 0.032803 0.194457
19 0.599097 0.676494 0.041623 0.184193
20 0.627903 0.651688 0.042450 0.171077
22 0.680414 0.622320 0.082420 0.165944
23 0.730997 0.569286 0.079939 0.099795
8 0.506478 0.463504 0.032803 0.203011
9 0.534594 0.449818 0.030597 0.197308
10 0.555544 0.439838 0.022328 0.225251
11 0.558990 0.443260 0.038040 0.187614
12 0.591930 0.430999 0.034457 0.168796
13 0.619220 0.399065 0.058163 0.199589
14 0.658224 0.392222 0.051271 0.189325
15 0.700950 0.383668 0.047412 0.189325