0 0.480121 0.472163 0.031165 0.181280
1 0.450789 0.475576 0.025298 0.166869
2 0.422924 0.453201 0.031165 0.222239
3 0.397809 0.474059 0.035198 0.169903
4 0.370127 0.474059 0.037031 0.174454
5 0.332546 0.459648 0.058663 0.197209
6 0.290932 0.462303 0.045831 0.163076
8 0.512019 0.472922 0.034098 0.193416
9 0.541350 0.471405 0.026032 0.185831
10 0.571598 0.457752 0.033731 0.222239
11 0.593414 0.475576 0.037764 0.172937
12 0.622928 0.463441 0.035198 0.182039
13 0.657576 0.450542 0.048764 0.203285
14 0.704690 0.456235 0.045464 0.157008
16 0.509269 0.671647 0.024199 0.143356
17 0.529984 0.673923 0.019432 0.152458
18 0.555833 0.678474 0.027865 0.178246
19 0.585164 0.676578 0.035931 0.166869
20 0.608996 0.687576 0.035931 0.176729
22 0.699557 0.639032 0.071129 0.161559
24 0.489103 0.672406 0.020532 0.141839
25 0.469121 0.676578 0.029698 0.145631
26 0.442906 0.692506 0.028598 0.188107
27 0.417974 0.691748 0.031531 0.179005
28 0.390109 0.709572 0.033731 0.179763
29 0.352528 0.687576 0.072962 0.164593
30 0.306515 0.668993 0.066729 0.171420