0 0.471080 0.493007 0.034704 0.199723
1 0.437698 0.496157 0.024127 0.173261
2 0.405473 0.487336 0.043628 0.204763
3 0.380474 0.501512 0.031308 0.194052
4 0.354998 0.498471 0.029401 0.187670
5 0.319806 0.496349 0.045438 0.180027
6 0.277820 0.497742 0.038979 0.167898
7 0.240511 0.472359 0.040984 0.142238
8 0.505680 0.489343 0.031406 0.185547
9 0.539536 0.492952 0.029624 0.177480
10 0.572501 0.478091 0.036752 0.229280
11 0.604130 0.494862 0.039424 0.200832
12 0.633754 0.498684 0.030515 0.184698
13 0.672621 0.501444 0.050339 0.173234
14 0.716278 0.494438 0.047220 0.178753
15 0.754143 0.478728 0.042320 0.146484
16 0.506571 0.669158 0.020269 0.139266
17 0.528288 0.672979 0.026283 0.150306
18 0.551898 0.700790 0.030738 0.201681
19 0.582858 0.696544 0.031629 0.180452
20 0.612928 0.695270 0.040984 0.180452
21 0.652798 0.685504 0.060584 0.165166
22 0.699684 0.682108 0.047888 0.164317
23 0.761605 0.629458 0.079963 0.115914
24 0.487304 0.673616 0.019155 0.144786
25 0.463583 0.665549 0.019824 0.136294
26 0.440641 0.689538 0.030069 0.199558
27 0.410237 0.685929 0.026728 0.170262
28 0.381170 0.688264 0.035861 0.168139
29 0.345309 0.680409 0.055462 0.155825
30 0.302766 0.679560 0.046107 0.169412
31 0.241848 0.634341 0.073949 0.102751