0 0.477664 0.469599 0.033660 0.200974
1 0.449204 0.474128 0.027092 0.186255
2 0.420744 0.455163 0.030376 0.223053
3 0.392695 0.455163 0.033386 0.200408
4 0.369023 0.452615 0.029281 0.186255
5 0.333859 0.445256 0.053089 0.195312
6 0.295547 0.439878 0.044332 0.174366
7 0.259972 0.414119 0.042690 0.151155
24 0.478212 0.657835 0.025997 0.130208
25 0.460561 0.660666 0.026271 0.146060
26 0.434564 0.666893 0.036122 0.174366
27 0.412808 0.660949 0.036396 0.169271
28 0.384759 0.649343 0.048163 0.155118
29 0.347405 0.632360 0.069782 0.165308
30 0.295958 0.605186 0.076897 0.144928
31 0.258193 0.572067 0.055005 0.140965
16 0.500514 0.655571 0.025176 0.134737
17 0.519397 0.660100 0.030649 0.143795
18 0.541015 0.665195 0.035028 0.176630
19 0.567970 0.658401 0.032018 0.172101
20 0.597799 0.644248 0.044058 0.163043
21 0.642131 0.631227 0.074160 0.174366
22 0.691525 0.613111 0.067866 0.148324
23 0.743794 0.586787 0.057467 0.144361
8 0.511050 0.475543 0.032018 0.194746
9 0.539373 0.478657 0.029555 0.174932
10 0.567286 0.455446 0.038859 0.225883
11 0.593557 0.465919 0.039954 0.194746
12 0.620786 0.457428 0.041322 0.183424
14 0.703429 0.437613 0.048437 0.182292
15 0.747077 0.421479 0.045427 0.161345