0 0.472389 0.480503 0.033086 0.192201
1 0.440974 0.474281 0.025733 0.189436
2 0.407888 0.463910 0.028407 0.221239
3 0.376641 0.466676 0.031415 0.189436
4 0.351743 0.461145 0.035091 0.178374
5 0.312141 0.448700 0.048793 0.172843
6 0.273040 0.434873 0.045451 0.154867
7 0.256664 0.356402 0.038099 0.073977
24 0.477903 0.658186 0.016041 0.128595
25 0.454175 0.660260 0.020720 0.135509
26 0.427773 0.668556 0.025399 0.178374
27 0.401706 0.657494 0.031415 0.156250
28 0.370124 0.647124 0.034422 0.152102
29 0.324840 0.635716 0.066840 0.184596
30 0.281395 0.594234 0.064166 0.143114
31 0.237782 0.589394 0.048459 0.108545
16 0.500628 0.656457 0.021389 0.118225
17 0.524189 0.656112 0.025065 0.124447
18 0.549755 0.660951 0.030746 0.152102
19 0.578329 0.654729 0.033754 0.171460
20 0.608574 0.637099 0.038099 0.156941
21 0.662213 0.628111 0.075863 0.183213
22 0.705826 0.594580 0.063498 0.161781
23 0.755454 0.572456 0.057816 0.106471
8 0.506310 0.493639 0.032083 0.167312
9 0.539061 0.472898 0.031415 0.185288
10 0.570810 0.448009 0.032751 0.236449
11 0.602392 0.460799 0.041106 0.188744
12 0.629462 0.470824 0.041775 0.139657
13 0.676583 0.445589 0.049127 0.176300
14 0.714849 0.425885 0.054140 0.164546
15 0.730723 0.333587 0.049127 0.094718