0 0.483248 0.501141 0.037394 0.160812
1 0.450640 0.508269 0.026624 0.154539
2 0.421473 0.493157 0.029317 0.193887
3 0.394998 0.499430 0.033804 0.191606
4 0.365382 0.512260 0.033206 0.171647
5 0.328886 0.511120 0.051155 0.181911
6 0.281770 0.482607 0.047864 0.177349
30 0.279526 0.667370 0.073292 0.156820
28 0.361643 0.710709 0.035300 0.172787
27 0.391558 0.703866 0.029317 0.170506
26 0.420875 0.703866 0.025727 0.188755
25 0.444358 0.682767 0.026026 0.162523
24 0.466196 0.668225 0.020043 0.124316
16 0.488782 0.674498 0.021539 0.139142
17 0.508526 0.676494 0.026325 0.155680
18 0.533505 0.689610 0.030214 0.186474
19 0.566860 0.684763 0.034701 0.187044
20 0.599617 0.677064 0.035599 0.155680
21 0.647032 0.672502 0.057437 0.135151
22 0.699533 0.653684 0.066112 0.168225
8 0.518099 0.499145 0.034103 0.170506
9 0.547864 0.487169 0.024231 0.186474
10 0.579125 0.479756 0.035898 0.205862
11 0.609190 0.476049 0.029616 0.109489
12 0.628036 0.473768 0.037992 0.179060
13 0.671114 0.486599 0.048762 0.183052
14 0.720923 0.461508 0.049659 0.186474