0 0.487516 0.472430 0.034207 0.213428
1 0.452899 0.486300 0.030102 0.189085
2 0.417597 0.480072 0.036122 0.211730
3 0.386948 0.493093 0.038312 0.185688
4 0.357119 0.489980 0.039954 0.193048
5 0.315661 0.479223 0.051173 0.189651
6 0.274339 0.456861 0.064309 0.184556
7 0.249299 0.385247 0.050352 0.125113
31 0.237395 0.589334 0.049532 0.150589
30 0.290758 0.642550 0.063762 0.182292
29 0.337143 0.659534 0.070603 0.174366
28 0.361772 0.687840 0.070603 0.122283
27 0.402136 0.693218 0.036943 0.190784
26 0.430733 0.694916 0.033386 0.205503
25 0.460287 0.668875 0.026818 0.144361
24 0.481359 0.679914 0.022440 0.152853
16 0.504619 0.678499 0.022987 0.164742
17 0.528975 0.680763 0.027365 0.159081
18 0.557982 0.694067 0.035028 0.184556
19 0.589315 0.684726 0.033660 0.162477
20 0.622564 0.676800 0.048163 0.178329
21 0.661150 0.658684 0.056373 0.189651
22 0.717112 0.638870 0.067045 0.170403
23 0.766507 0.602921 0.051447 0.141531
8 0.524186 0.481771 0.035849 0.189085
9 0.558666 0.499887 0.032018 0.163043
10 0.594241 0.480356 0.038038 0.229280
11 0.627901 0.501302 0.039133 0.173800
12 0.656771 0.486583 0.036670 0.199841
13 0.698914 0.469033 0.051994 0.217957
14 0.735858 0.461107 0.067866 0.180593
15 0.757066 0.419214 0.044606 0.085485