0 0.511403 0.474735 0.032060 0.183342
0 0.480665 0.470325 0.028755 0.192162
1 0.452737 0.473475 0.025119 0.182082
2 0.424643 0.447959 0.031729 0.240675
3 0.396549 0.467490 0.034373 0.183972
4 0.362672 0.453314 0.028094 0.120338
5 0.327307 0.459299 0.050568 0.190272
6 0.287480 0.452054 0.048916 0.178301
7 0.264179 0.374874 0.062467 0.147429
26 0.426791 0.681074 0.036026 0.190272
25 0.454885 0.661857 0.020161 0.161920
24 0.475873 0.658077 0.021153 0.137979
27 0.398202 0.682649 0.040984 0.187122
28 0.372257 0.669418 0.041975 0.182082
29 0.331273 0.673198 0.066433 0.188382
30 0.290785 0.642956 0.050899 0.179561
31 0.236746 0.676663 0.077010 0.105847
16 0.494547 0.662487 0.024788 0.149320
17 0.514212 0.657132 0.026441 0.143649
18 0.537844 0.680129 0.028094 0.194682
19 0.566103 0.674143 0.041645 0.189012
20 0.600972 0.674458 0.047924 0.180822
21 0.652697 0.670993 0.078001 0.182712
22 0.699960 0.653667 0.063458 0.184602
23 0.764576 0.644531 0.076348 0.109627
9 0.542471 0.467175 0.030738 0.175781
10 0.573870 0.443233 0.038670 0.217364
11 0.602624 0.458669 0.046602 0.190272
12 0.636171 0.453944 0.034373 0.207283
13 0.674346 0.457094 0.051230 0.190902
14 0.717643 0.436933 0.056518 0.194682
15 0.745241 0.381489 0.052221 0.161920