0 0.486857 0.483567 0.035331 0.182805
1 0.463943 0.470674 0.034725 0.184729
2 0.432751 0.453356 0.034927 0.172414
3 0.409331 0.466441 0.038965 0.156250
4 0.375919 0.461438 0.037551 0.165486
6 0.308228 0.425621 0.058030 0.149374
7 0.296576 0.350216 0.043204 0.080049
24 0.489784 0.678110 0.021804 0.161638
25 0.468687 0.673491 0.027255 0.150862
26 0.443249 0.685999 0.036946 0.192041
27 0.414883 0.680804 0.039974 0.184729
28 0.381773 0.665794 0.037955 0.158559
29 0.338266 0.652325 0.066825 0.185499
30 0.300614 0.603063 0.050069 0.160099
31 0.261245 0.594789 0.041993 0.096598
16 0.512396 0.676955 0.017363 0.166256
17 0.533292 0.688885 0.021198 0.162408
18 0.555903 0.693311 0.030889 0.198199
19 0.584370 0.681766 0.032504 0.185114
20 0.617379 0.662331 0.042801 0.152401
21 0.665327 0.658097 0.070056 0.180881
22 0.704595 0.612877 0.058548 0.161253
23 0.743257 0.598638 0.046233 0.094289
8 0.521683 0.487608 0.033917 0.183959
9 0.549645 0.488762 0.026448 0.168565
10 0.581543 0.468750 0.032504 0.213978
11 0.610413 0.481643 0.037753 0.176647
12 0.641706 0.482412 0.038157 0.152017
13 0.678753 0.460283 0.047242 0.174723
14 0.709945 0.438347 0.054712 0.141626
15 0.722058 0.353294 0.039772 0.073892
5 0.340776 0.441182 0.059827 0.194864