0 0.491532 0.475683 0.028770 0.197123
1 0.461405 0.472061 0.027684 0.182637
2 0.429785 0.443605 0.030670 0.221958
3 0.404408 0.457316 0.041255 0.186258
4 0.375366 0.464042 0.039627 0.176945
5 0.341168 0.438173 0.049940 0.173841
6 0.298963 0.426790 0.047498 0.169702
7 0.271007 0.382036 0.057268 0.151594
24 0.488003 0.662717 0.024970 0.126242
25 0.470769 0.655611 0.021442 0.132450
26 0.444849 0.673065 0.035284 0.161424
27 0.420557 0.666598 0.036098 0.156767
28 0.390701 0.657802 0.052383 0.155733
29 0.348632 0.644868 0.079524 0.182637
30 0.298085 0.608011 0.067854 0.165563
31 0.247259 0.596751 0.065140 0.135037
16 0.505781 0.663493 0.021985 0.145385
17 0.524102 0.664787 0.018456 0.117964
18 0.555857 0.680308 0.040712 0.165563
19 0.579470 0.671254 0.039627 0.164011
20 0.612311 0.650300 0.046140 0.147972
21 0.653702 0.634261 0.076810 0.188328
22 0.700385 0.606322 0.060525 0.165563
23 0.754397 0.580195 0.074639 0.120550
8 0.522202 0.467405 0.031484 0.212645
9 0.551243 0.479305 0.027141 0.181602
10 0.581370 0.453435 0.033113 0.220923
11 0.606883 0.454212 0.039627 0.192467
12 0.635789 0.461714 0.041526 0.154698
13 0.669987 0.427049 0.048040 0.189880
14 0.714092 0.419029 0.044512 0.160389
15 0.727798 0.359789 0.037184 0.084334