0 0.481777 0.468458 0.035228 0.213969
1 0.449544 0.468942 0.029407 0.209401
2 0.417816 0.459977 0.031573 0.224769
3 0.395529 0.481429 0.036526 0.193391
4 0.366587 0.478227 0.035598 0.185707
5 0.328977 0.478548 0.045812 0.172259
6 0.289201 0.463499 0.042408 0.171619
7 0.250817 0.429880 0.047979 0.162013
24 0.475856 0.677062 0.021978 0.170978
25 0.454497 0.694992 0.025692 0.183786
26 0.427257 0.715484 0.026930 0.232454
27 0.401565 0.699475 0.026311 0.191470
28 0.373087 0.683786 0.034978 0.170338
29 0.331299 0.660733 0.065314 0.170338
30 0.286724 0.636719 0.061599 0.163294
31 0.242614 0.584529 0.069338 0.137039
8 0.517334 0.469582 0.036836 0.199155
9 0.551539 0.462859 0.028478 0.215164
10 0.580946 0.462538 0.030954 0.222208
11 0.604162 0.473425 0.035907 0.195312
12 0.635271 0.467982 0.035598 0.199795
13 0.668701 0.467021 0.046122 0.194032
14 0.705847 0.457415 0.042408 0.150487
15 0.738658 0.432761 0.041169 0.153689
16 0.495666 0.690190 0.022597 0.185707
17 0.518418 0.703637 0.024144 0.204918
18 0.548753 0.724769 0.037145 0.253586
19 0.574910 0.695953 0.031264 0.194672
20 0.602923 0.684426 0.040241 0.171619
21 0.649045 0.662974 0.071195 0.174821
22 0.690989 0.637999 0.060980 0.169698
23 0.737265 0.592853 0.063766 0.149846