0 0.488818 0.492757 0.030941 0.179532
1 0.458555 0.487065 0.026327 0.180567
2 0.428292 0.483444 0.029856 0.192984
3 0.403729 0.486548 0.031213 0.180567
4 0.374145 0.484737 0.028499 0.170737
5 0.339591 0.478011 0.043324 0.158320
6 0.302220 0.467922 0.042069 0.153663
7 0.271957 0.406871 0.058083 0.108133
24 0.487325 0.677204 0.023613 0.149007
25 0.464798 0.682637 0.025242 0.162976
26 0.440506 0.684189 0.025513 0.171254
27 0.414043 0.681343 0.031213 0.180050
28 0.381338 0.670995 0.047769 0.175911
29 0.343204 0.649007 0.068125 0.156767
30 0.295842 0.629605 0.070568 0.168667
31 0.256080 0.590801 0.049669 0.131416
16 0.510531 0.680050 0.020628 0.161941
17 0.532380 0.677463 0.024699 0.164011
18 0.558571 0.675652 0.028770 0.161424
19 0.589513 0.675652 0.033655 0.179015
20 0.623304 0.666598 0.045869 0.176428
21 0.665237 0.638142 0.073825 0.170219
22 0.709885 0.611496 0.066497 0.167632
23 0.750869 0.575021 0.049669 0.150559
8 0.520709 0.483702 0.032298 0.197641
9 0.550293 0.483444 0.026327 0.186776
10 0.578385 0.476976 0.029313 0.198675
11 0.604576 0.479305 0.036098 0.185741
12 0.633889 0.479046 0.031756 0.166598
13 0.666187 0.463783 0.044241 0.174358
14 0.705814 0.451107 0.043155 0.150041
15 0.734041 0.405577 0.045869 0.131416