0 0.485153 0.478247 0.033867 0.205371
1 0.449936 0.474738 0.033130 0.181512
2 0.417787 0.463277 0.030676 0.221276
3 0.394719 0.474972 0.036566 0.176366
4 0.362570 0.467019 0.036075 0.175430
5 0.324777 0.442927 0.047364 0.199289
6 0.287474 0.429594 0.048346 0.162332
7 0.272627 0.346089 0.046137 0.090756
24 0.479263 0.675664 0.028958 0.155782
25 0.459016 0.677302 0.037548 0.177769
26 0.430671 0.689231 0.028958 0.211920
27 0.400363 0.676366 0.035585 0.173091
28 0.371650 0.662098 0.048837 0.162332
29 0.331157 0.645490 0.071415 0.180576
30 0.279621 0.601048 0.064052 0.148765
31 0.235447 0.585376 0.043929 0.100580
16 0.500368 0.676834 0.026504 0.135666
17 0.523682 0.683383 0.028958 0.167478
18 0.551659 0.697418 0.031413 0.189933
19 0.581354 0.693909 0.038284 0.179173
20 0.613993 0.683617 0.037793 0.166074
21 0.662462 0.669583 0.070433 0.181044
22 0.718538 0.619293 0.073623 0.156250
23 0.765657 0.618357 0.040247 0.105726
8 0.519878 0.483393 0.034112 0.191336
9 0.553131 0.473802 0.030922 0.180576
10 0.586139 0.465148 0.033621 0.221276
11 0.609331 0.481755 0.043683 0.186190
12 0.641111 0.473802 0.034603 0.186190
13 0.680009 0.457897 0.049573 0.204903
14 0.721606 0.447371 0.055217 0.155782
15 0.735472 0.348896 0.048101 0.080464