0 0.468888 0.457516 0.030812 0.211565
1 0.441965 0.463504 0.026624 0.192746
2 0.410853 0.453524 0.029616 0.218408
3 0.392306 0.470062 0.035001 0.172787
4 0.364186 0.470347 0.032607 0.180201
5 0.329036 0.451528 0.045471 0.180201
6 0.288351 0.437842 0.038291 0.193887
24 0.505983 0.663093 0.017052 0.158531
25 0.487884 0.670221 0.022735 0.162523
26 0.466645 0.676209 0.029317 0.201870
27 0.439272 0.682197 0.031411 0.186474
28 0.413097 0.667085 0.034701 0.148266
29 0.365981 0.655395 0.075087 0.171647
30 0.316770 0.632014 0.068805 0.161382
31 0.261727 0.604357 0.053847 0.122035
16 0.523782 0.658816 0.018547 0.151118
17 0.541432 0.669081 0.022735 0.172787
18 0.561326 0.687329 0.026026 0.210424
19 0.588848 0.692461 0.029616 0.177349
20 0.607395 0.663663 0.061924 0.139142
21 0.644041 0.657105 0.074788 0.181911
22 0.691157 0.635151 0.067309 0.177920
23 0.745602 0.577840 0.072095 0.098654
8 0.503590 0.459512 0.033804 0.204151
9 0.532159 0.456090 0.027522 0.190465
10 0.562074 0.438698 0.032907 0.232094
11 0.589296 0.453524 0.037095 0.181911
12 0.625045 0.452954 0.033206 0.181911
13 0.664383 0.441549 0.048462 0.179630
14 0.708209 0.430999 0.042180 0.172217