0 0.482304 0.476976 0.037998 0.197641
1 0.449463 0.472061 0.036912 0.188845
2 0.411736 0.475942 0.038541 0.196606
3 0.381473 0.498965 0.042612 0.169185
4 0.347139 0.508278 0.035284 0.167115
5 0.303713 0.504139 0.058083 0.175393
6 0.254858 0.488876 0.055369 0.150041
7 0.234367 0.387986 0.059440 0.093129
24 0.476468 0.663493 0.025242 0.138142
25 0.452312 0.665822 0.040441 0.152111
26 0.421235 0.681084 0.037455 0.196089
27 0.389073 0.689880 0.035012 0.174358
28 0.362746 0.713680 0.043698 0.155733
29 0.312127 0.690656 0.078710 0.182119
30 0.258658 0.650041 0.062968 0.153663
31 0.206682 0.649007 0.051840 0.110203
16 0.502524 0.661424 0.022527 0.130898
17 0.529801 0.669961 0.030398 0.150041
18 0.561014 0.685224 0.033655 0.187810
19 0.593584 0.687034 0.036912 0.166598
20 0.627918 0.686517 0.038269 0.159354
21 0.681386 0.682119 0.073011 0.186776
22 0.737976 0.637624 0.061340 0.157802
23 0.785745 0.633485 0.048312 0.112272
8 0.523287 0.474131 0.039084 0.198158
9 0.559793 0.470250 0.033927 0.188328
10 0.597384 0.466629 0.035284 0.191432
11 0.627782 0.491204 0.034741 0.160906
12 0.659130 0.500517 0.032298 0.167115
13 0.703235 0.485513 0.053197 0.184706
14 0.747747 0.469474 0.052654 0.159872
15 0.764168 0.365480 0.058897 0.087438