0 0.481269 0.470000 0.028399 0.203750
1 0.458459 0.460938 0.020242 0.178125
2 0.435498 0.455312 0.032931 0.209375
3 0.417069 0.452500 0.037160 0.190000
4 0.392145 0.445937 0.034441 0.174375
5 0.359215 0.412813 0.041692 0.204375
6 0.318731 0.392500 0.043505 0.191250
31 0.286707 0.578437 0.045317 0.171875
30 0.324018 0.587187 0.066767 0.154375
29 0.366314 0.632188 0.068580 0.179375
28 0.401360 0.664375 0.045015 0.190000
27 0.433837 0.673125 0.035045 0.197500
26 0.451964 0.679375 0.031420 0.198750
25 0.472659 0.673125 0.024471 0.163750
24 0.490634 0.675313 0.022961 0.170625
16 0.511480 0.683750 0.022961 0.187500
17 0.533233 0.676875 0.022356 0.166250
18 0.556042 0.690938 0.029305 0.201875
19 0.575982 0.677187 0.035347 0.186875
20 0.611027 0.666875 0.057100 0.192500
21 0.643958 0.636562 0.080060 0.170625
22 0.691239 0.607187 0.079758 0.173125
23 0.728399 0.600000 0.048338 0.176250
8 0.512387 0.471562 0.030816 0.204375
9 0.539728 0.464375 0.019033 0.175000
10 0.562085 0.449062 0.032931 0.235625
11 0.579607 0.446562 0.038973 0.201875
13 0.605891 0.440000 0.036556 0.202500
13 0.637613 0.434688 0.047432 0.194375
14 0.682628 0.410938 0.046224 0.181875