0 0.476843 0.490263 0.034207 0.174366
1 0.445920 0.487432 0.043511 0.194746
2 0.417871 0.478940 0.034480 0.238904
3 0.390642 0.506680 0.034754 0.178895
4 0.363140 0.514606 0.032839 0.175498
5 0.326196 0.507246 0.045974 0.186821
6 0.282138 0.510926 0.043785 0.171535
7 0.247247 0.482337 0.047890 0.139266
24 0.483975 0.681435 0.027329 0.151110
25 0.462111 0.696597 0.035777 0.176295
26 0.441366 0.741828 0.035031 0.201994
27 0.420123 0.739772 0.031305 0.193771
28 0.394160 0.733347 0.036522 0.190173
29 0.351551 0.716900 0.059131 0.176809
30 0.298135 0.713816 0.066088 0.189145
31 0.254159 0.678865 0.059628 0.174753
16 0.504224 0.680664 0.018634 0.163960
17 0.526211 0.687089 0.029317 0.177837
18 0.550187 0.730263 0.034535 0.213816
19 0.574162 0.732319 0.033292 0.200452
20 0.602361 0.724866 0.043976 0.182463
21 0.646585 0.707391 0.063852 0.169100
22 0.698760 0.700709 0.066833 0.185547
23 0.746214 0.659334 0.063355 0.168586
8 0.513541 0.485095 0.034286 0.185033
9 0.538510 0.483810 0.042485 0.188631
10 0.569939 0.482268 0.034286 0.225637
11 0.594908 0.511051 0.040497 0.161904
12 0.625467 0.491005 0.035528 0.207134
13 0.666586 0.502827 0.054162 0.179379
14 0.712300 0.500771 0.044721 0.171155
15 0.754537 0.477128 0.052174 0.174239