0 0.472518 0.489735 0.036119 0.173358
1 0.441110 0.480041 0.027325 0.177920
2 0.412057 0.474053 0.035805 0.218408
3 0.387087 0.500570 0.039260 0.172217
4 0.356150 0.494583 0.033293 0.175068
5 0.323329 0.488025 0.044914 0.185903
6 0.275117 0.484033 0.044600 0.168796
24 0.486809 0.655395 0.022614 0.131729
25 0.462153 0.672502 0.024184 0.141994
26 0.436712 0.690750 0.030466 0.189895
27 0.410644 0.673358 0.032979 0.161953
28 0.380492 0.681911 0.039260 0.166515
29 0.340446 0.678775 0.072239 0.171647
30 0.286581 0.660242 0.060618 0.171077
31 0.226277 0.640853 0.073809 0.101505
16 0.509894 0.653114 0.021044 0.137432
17 0.531408 0.666229 0.028267 0.139713
18 0.557163 0.696168 0.033921 0.203011
19 0.585273 0.686188 0.034235 0.173928
20 0.615268 0.677064 0.043343 0.161382
21 0.663794 0.670221 0.071297 0.177349
22 0.712005 0.643990 0.064073 0.156820
23 0.772780 0.632014 0.069412 0.102076
8 0.507067 0.482899 0.031722 0.187614
9 0.537690 0.483463 0.032665 0.179060
10 0.570983 0.458371 0.047112 0.241788
11 0.593596 0.498004 0.040831 0.172787
12 0.626575 0.480611 0.025755 0.156250
14 0.710278 0.454665 0.044286 0.175068