0 0.488169 0.480488 0.032706 0.191272
1 0.464447 0.469135 0.032504 0.173953
2 0.433962 0.445851 0.032908 0.206666
3 0.407514 0.452586 0.034927 0.177802
4 0.380057 0.444119 0.036946 0.172414
5 0.343818 0.437962 0.046838 0.192426
6 0.314039 0.424107 0.049463 0.157020
7 0.280324 0.370998 0.042195 0.160099
24 0.495740 0.664832 0.021198 0.132004
25 0.474744 0.669258 0.023621 0.150862
26 0.445066 0.664447 0.034523 0.161253
27 0.419325 0.660791 0.033917 0.163947
28 0.386821 0.650978 0.046435 0.168950
30 0.312525 0.595944 0.072680 0.126616
31 0.281232 0.534945 0.070661 0.111607
16 0.518453 0.666372 0.021400 0.137392
17 0.541872 0.669835 0.022612 0.148168
18 0.568420 0.668681 0.030889 0.173568
19 0.596685 0.652709 0.033312 0.163177
20 0.630501 0.645590 0.047242 0.165102
22 0.700759 0.595944 0.070661 0.128156
23 0.727106 0.540140 0.063999 0.118150
8 0.521077 0.480873 0.031091 0.190502
9 0.547323 0.473753 0.030283 0.180111
10 0.577909 0.445851 0.031293 0.215902
11 0.601530 0.445082 0.037350 0.165102
12 0.613846 0.440848 0.043003 0.152786
13 0.651397 0.441233 0.048252 0.171259
14 0.691674 0.432381 0.038359 0.157405
15 0.724077 0.396013 0.040580 0.137007