0 0.484611 0.478529 0.032841 0.194536
1 0.453941 0.470768 0.031213 0.185224
2 0.428564 0.454729 0.031484 0.205919
3 0.408072 0.476200 0.035555 0.177463
4 0.376859 0.470250 0.030670 0.192467
5 0.339947 0.463007 0.045869 0.184189
6 0.295978 0.456540 0.044241 0.171254
7 0.254994 0.462748 0.041526 0.143315
26 0.466969 0.691691 0.029584 0.170737
25 0.495196 0.683154 0.022527 0.158837
24 0.516095 0.669961 0.019270 0.143833
16 0.531566 0.682378 0.021985 0.141763
17 0.552193 0.685741 0.023070 0.161941
18 0.574042 0.718595 0.022799 0.183154
19 0.436163 0.682119 0.046683 0.171254
20 0.410379 0.680826 0.051026 0.159354
21 0.361796 0.671513 0.075453 0.177980
22 0.305477 0.656767 0.072468 0.174358
31 0.248073 0.620809 0.075996 0.135555
19 0.600912 0.697899 0.035284 0.180050
20 0.626018 0.690656 0.042069 0.179015
21 0.667544 0.671772 0.071925 0.166080
22 0.719792 0.662459 0.068396 0.177463
23 0.775703 0.638659 0.066225 0.111238
8 0.516773 0.480598 0.031484 0.188328
9 0.548122 0.489135 0.026327 0.177463
10 0.578792 0.480339 0.032298 0.212645
11 0.608376 0.484996 0.033384 0.181602
12 0.637282 0.484478 0.030398 0.169185
13 0.674872 0.473355 0.043698 0.190397
14 0.721420 0.465077 0.050483 0.186258
15 0.762539 0.473872 0.046412 0.147972