0 0.488034 0.478330 0.036197 0.207573
1 0.459316 0.484603 0.026026 0.169936
2 0.428952 0.468636 0.039488 0.206432
3 0.403674 0.476905 0.037394 0.194457
4 0.373459 0.480326 0.033804 0.185333
5 0.338758 0.483463 0.049360 0.188184
6 0.302411 0.440979 0.046667 0.184193
7 0.270552 0.425297 0.046368 0.131159
24 0.492372 0.668225 0.021539 0.134580
25 0.470534 0.674498 0.024530 0.150547
26 0.446751 0.709569 0.030214 0.208143
27 0.419379 0.700730 0.035300 0.190465
28 0.389913 0.695312 0.037992 0.178490
29 0.351771 0.714701 0.029915 0.048472
30 0.314377 0.643990 0.083762 0.137432
31 0.277283 0.599224 0.078976 0.149407
16 0.513312 0.668796 0.021539 0.176779
17 0.536048 0.677920 0.019146 0.161953
18 0.562672 0.708143 0.031710 0.214416
19 0.593784 0.697023 0.039488 0.186474
20 0.624895 0.679916 0.062822 0.172787
21 0.656306 0.655680 0.068805 0.166515
22 0.700730 0.625456 0.061924 0.164234
8 0.522436 0.483748 0.033804 0.197879
9 0.548014 0.490306 0.020941 0.135721
10 0.572544 0.443260 0.031710 0.230953
11 0.600814 0.465785 0.036796 0.190465
12 0.631177 0.467781 0.035300 0.184193
13 0.667823 0.451528 0.044573 0.200730
14 0.706713 0.418453 0.042779 0.192746