0 0.481873 0.473750 0.031420 0.200000
1 0.449094 0.464687 0.027492 0.205625
2 0.420997 0.442500 0.031722 0.250000
3 0.392900 0.473750 0.034139 0.190000
4 0.369486 0.467187 0.031420 0.178125
5 0.335196 0.454063 0.049849 0.179375
6 0.287462 0.450938 0.046828 0.173125
7 0.241088 0.452813 0.046526 0.175625
24 0.504381 0.681562 0.028097 0.161875
25 0.487311 0.688125 0.022961 0.183750
26 0.457251 0.699063 0.040181 0.218125
27 0.425378 0.687188 0.051360 0.186875
28 0.398338 0.678438 0.048036 0.169375
29 0.356495 0.670312 0.070091 0.179375
30 0.308157 0.667188 0.053172 0.171875
31 0.250000 0.643125 0.074018 0.111250
16 0.525831 0.677812 0.028097 0.148125
17 0.543505 0.681563 0.038671 0.179375
18 0.572205 0.708125 0.030211 0.242500
19 0.602568 0.697187 0.036556 0.194375
20 0.615408 0.693125 0.078550 0.151250
21 0.655287 0.690625 0.081571 0.198750
22 0.701057 0.670937 0.059517 0.181875
23 0.770091 0.637813 0.085196 0.126875
8 0.516314 0.476250 0.033233 0.200000
9 0.546526 0.470625 0.027190 0.202500
10 0.577190 0.446563 0.032326 0.259375
13 0.664653 0.470937 0.048338 0.188125
14 0.713746 0.462812 0.046828 0.170625
15 0.758308 0.457188 0.046526 0.175625