0 0.486782 0.489652 0.029041 0.175393
1 0.457062 0.472837 0.029313 0.191432
2 0.420964 0.468181 0.034741 0.225579
3 0.400608 0.494826 0.035827 0.189880
4 0.378087 0.496896 0.037352 0.166080
8 0.515959 0.469216 0.030941 0.213162
9 0.543101 0.478270 0.026056 0.180567
10 0.575535 0.466370 0.039898 0.217819
11 0.593855 0.484996 0.038541 0.204367
12 0.624389 0.484220 0.036098 0.209023
13 0.673515 0.489394 0.059440 0.180050
14 0.712599 0.499224 0.055097 0.187293
16 0.510395 0.702038 0.017099 0.153146
17 0.530073 0.712645 0.023342 0.177463
18 0.550972 0.727908 0.027684 0.205919
19 0.576349 0.732823 0.027413 0.187810
20 0.601998 0.729977 0.031484 0.180050
21 0.643388 0.733858 0.065954 0.184706
22 0.694414 0.719639 0.071925 0.165544
24 0.492075 0.706954 0.018456 0.157802
25 0.473618 0.709023 0.017913 0.161941
26 0.449327 0.736186 0.032841 0.213162
27 0.422185 0.729460 0.031213 0.182119
28 0.396944 0.725062 0.032841 0.174358
29 0.359489 0.724027 0.057268 0.181602
30 0.305884 0.708764 0.067311 0.163493