0 0.493160 0.486548 0.029856 0.183671
1 0.463440 0.488359 0.024699 0.169702
2 0.433721 0.476976 0.033113 0.202815
3 0.408886 0.501811 0.034470 0.165563
4 0.382423 0.509313 0.037455 0.160906
5 0.341711 0.497930 0.062425 0.175393
6 0.304391 0.494050 0.042069 0.176945
31 0.266936 0.649524 0.057811 0.165046
30 0.315112 0.688328 0.060797 0.182637
29 0.363967 0.680308 0.071653 0.170737
28 0.403186 0.688587 0.036641 0.171772
27 0.426664 0.690915 0.028770 0.186776
26 0.455027 0.682378 0.029041 0.191432
25 0.477418 0.672806 0.023342 0.157802
24 0.496824 0.674617 0.020899 0.160389
16 0.517723 0.675135 0.017099 0.165563
17 0.538758 0.677463 0.020628 0.159872
18 0.561014 0.682637 0.028227 0.186776
19 0.589784 0.682637 0.029313 0.175393
20 0.610819 0.689104 0.031213 0.176945
21 0.654109 0.679015 0.059711 0.162976
22 0.696586 0.663493 0.051840 0.143315
23 0.746526 0.652370 0.057268 0.155215
8 0.523152 0.482409 0.029584 0.182637
9 0.552193 0.485255 0.027956 0.160389
10 0.581642 0.472061 0.037455 0.194019
11 0.606476 0.494826 0.035555 0.168150
12 0.633617 0.495085 0.031213 0.174876
13 0.672701 0.496378 0.048583 0.182637
14 0.713142 0.497930 0.040441 0.162976