8 0.492075 0.483444 0.029856 0.190915
0 0.460455 0.495861 0.032841 0.199193
1 0.436706 0.491981 0.033113 0.188328
2 0.412415 0.484996 0.028499 0.192984
3 0.386087 0.475166 0.035555 0.191950
4 0.358403 0.476976 0.029584 0.163493
5 0.323798 0.448779 0.042884 0.198158
6 0.283764 0.430153 0.040984 0.177463
31 0.259472 0.573727 0.047769 0.127276
30 0.291228 0.606322 0.074368 0.144868
29 0.339133 0.636848 0.073553 0.142798
28 0.378488 0.656250 0.052383 0.125724
27 0.398708 0.677721 0.048855 0.134520
26 0.424357 0.695830 0.049669 0.137624
25 0.452041 0.688069 0.044241 0.141763
24 0.483525 0.685741 0.022527 0.138142
16 0.502524 0.676428 0.027956 0.155733
17 0.532651 0.688069 0.045326 0.130381
18 0.562778 0.686000 0.057811 0.150041
20 0.594127 0.679274 0.076539 0.157285
21 0.633482 0.654439 0.090110 0.167632
22 0.693600 0.620550 0.083867 0.147454
23 0.739333 0.567777 0.045598 0.080195
10 0.547986 0.475424 0.042341 0.193502
11 0.579606 0.474907 0.039898 0.191432
12 0.608919 0.477235 0.039898 0.180567
13 0.651666 0.465853 0.051569 0.181602
15 0.731191 0.435068 0.046140 0.155215