0 0.479673 0.494267 0.028755 0.168221
1 0.450919 0.466545 0.026772 0.173261
2 0.428831 0.446201 0.027731 0.203031
3 0.407480 0.472867 0.036075 0.146894
4 0.377172 0.460470 0.032885 0.156718
5 0.347477 0.464446 0.037302 0.175898
6 0.312138 0.424916 0.039266 0.158589
31 0.289192 0.559412 0.077304 0.102919
30 0.323059 0.611574 0.082213 0.125842
28 0.393983 0.636602 0.031658 0.121632
27 0.417787 0.658355 0.034112 0.150168
26 0.441592 0.676132 0.032640 0.167010
25 0.467974 0.667010 0.027486 0.152507
24 0.486134 0.659291 0.025523 0.134263
16 0.508099 0.663735 0.018897 0.133795
17 0.528345 0.669817 0.022087 0.150636
18 0.552763 0.682682 0.029204 0.168881
19 0.579145 0.673325 0.035830 0.164203
20 0.609208 0.642917 0.040493 0.125842
22 0.684549 0.611340 0.089575 0.130988
23 0.724305 0.568535 0.076814 0.128649
8 0.509448 0.493685 0.030431 0.165138
9 0.538529 0.486199 0.023805 0.171688
10 0.561230 0.467721 0.029449 0.215195
11 0.585158 0.480352 0.042947 0.170284
12 0.618043 0.468890 0.034603 0.178237
13 0.650314 0.485966 0.038775 0.170284
14 0.686880 0.436377 0.051536 0.163735
15 0.711053 0.419770 0.025277 0.130520