0 0.499547 0.489063 0.028701 0.160625
1 0.474018 0.467500 0.030211 0.186250
2 0.445015 0.462188 0.033233 0.203125
3 0.422659 0.473125 0.036858 0.165000
4 0.397130 0.463438 0.037160 0.168125
5 0.364804 0.454375 0.049245 0.161250
6 0.321601 0.442812 0.044411 0.168125
24 0.491541 0.659375 0.020544 0.142500
25 0.475529 0.671875 0.039879 0.168750
27 0.443353 0.674687 0.031722 0.193125
28 0.418127 0.664062 0.039879 0.173125
29 0.378248 0.648438 0.064653 0.161875
30 0.334592 0.634688 0.051662 0.151875
8 0.529305 0.472500 0.032628 0.176250
9 0.553927 0.473750 0.026284 0.180000
10 0.582024 0.468438 0.031118 0.200625
11 0.604834 0.474688 0.034441 0.173125
12 0.632326 0.469375 0.031420 0.165000
13 0.663746 0.460313 0.042296 0.160625
14 0.705891 0.446250 0.042598 0.168750
16 0.511934 0.658125 0.018429 0.140000
17 0.531118 0.665000 0.021148 0.147500
18 0.557402 0.677813 0.032628 0.165625
19 0.577492 0.671562 0.027492 0.183125
20 0.603172 0.652500 0.035347 0.156250
21 0.644109 0.647813 0.064653 0.171875
22 0.686103 0.637500 0.044713 0.155000
23 0.738066 0.633750 0.061631 0.091250