0 0.481722 0.464687 0.035347 0.206875
2 0.442749 0.462812 0.035952 0.214375
3 0.417221 0.475625 0.031420 0.203750
4 0.391843 0.470313 0.030211 0.211875
5 0.356647 0.468125 0.049849 0.208750
6 0.311329 0.464375 0.051057 0.191250
7 0.270091 0.454063 0.043505 0.186875
24 0.489728 0.669687 0.019940 0.165625
25 0.469184 0.666563 0.022356 0.156875
26 0.443202 0.688438 0.026586 0.214375
27 0.417674 0.690000 0.026284 0.200000
28 0.387311 0.695000 0.029003 0.191250
29 0.348489 0.670312 0.073414 0.180625
30 0.301511 0.662813 0.078550 0.194375
31 0.241692 0.627812 0.074320 0.106875
16 0.509517 0.669375 0.017221 0.163750
17 0.529607 0.668750 0.024169 0.170000
18 0.554079 0.688750 0.027190 0.235000
19 0.581269 0.683750 0.031420 0.210000
20 0.610121 0.664687 0.037160 0.199375
21 0.654985 0.667812 0.080363 0.196875
22 0.705589 0.654062 0.079456 0.193125
23 0.769033 0.626250 0.080665 0.133750
8 0.516012 0.463125 0.033233 0.207500
10 0.550000 0.456875 0.035347 0.208750
11 0.578248 0.463750 0.030211 0.206250
12 0.604079 0.502812 0.016616 0.074375
14 0.689879 0.452813 0.052870 0.199375
15 0.735498 0.456875 0.048640 0.163750
13 0.641136 0.483398 0.043772 0.063033