0 0.485963 0.468133 0.031305 0.211760
1 0.458810 0.458933 0.024492 0.214741
2 0.429192 0.437551 0.033541 0.263672
3 0.408695 0.462222 0.035280 0.201994
4 0.381614 0.458111 0.034783 0.184519
5 0.345589 0.443462 0.049690 0.184005
6 0.304470 0.428300 0.050435 0.171155
7 0.279128 0.358655 0.058386 0.129523
24 0.493540 0.686832 0.020621 0.155736
25 0.474161 0.687346 0.022112 0.184519
26 0.446211 0.718699 0.036274 0.235917
27 0.418757 0.703279 0.047454 0.211246
28 0.391800 0.687346 0.052174 0.195826
29 0.349315 0.656764 0.082485 0.187089
30 0.301613 0.629780 0.080001 0.179379
16 0.510808 0.680150 0.018882 0.157792
17 0.529938 0.690430 0.022857 0.194799
18 0.556398 0.705335 0.034535 0.236945
19 0.585094 0.690430 0.042733 0.201994
20 0.613542 0.672440 0.050435 0.179379
21 0.651430 0.644942 0.086957 0.188117
22 0.704971 0.617188 0.077765 0.182977
23 0.752052 0.607165 0.058137 0.150596
8 0.517267 0.471988 0.033292 0.219470
9 0.545342 0.467876 0.021864 0.195826
10 0.574535 0.420076 0.033044 0.307874
11 0.598635 0.453999 0.043976 0.213302
12 0.623355 0.459910 0.033789 0.176809
13 0.660498 0.434725 0.050932 0.197368
14 0.703356 0.431384 0.055156 0.151624
15 0.731058 0.379986 0.055901 0.103310