0 0.481722 0.480625 0.032326 0.183750
1 0.457855 0.472187 0.029305 0.188125
2 0.430816 0.448437 0.030211 0.229375
3 0.403625 0.457188 0.035650 0.178125
4 0.373263 0.450938 0.037160 0.153125
5 0.344109 0.432812 0.048338 0.169375
6 0.306798 0.405000 0.052870 0.170000
7 0.281571 0.329688 0.049547 0.113125
24 0.496677 0.681563 0.021752 0.166875
25 0.475529 0.686875 0.023565 0.177500
26 0.446828 0.690312 0.035650 0.179375
27 0.424924 0.675312 0.041390 0.180625
28 0.394109 0.659687 0.052266 0.174375
29 0.351511 0.624062 0.069184 0.165625
30 0.309668 0.590000 0.070091 0.160000
31 0.255891 0.553125 0.068278 0.111250
16 0.515257 0.677813 0.022054 0.161875
17 0.537009 0.688125 0.025076 0.168750
18 0.557402 0.686875 0.035045 0.200000
19 0.581269 0.665938 0.046526 0.176875
20 0.614955 0.650938 0.052870 0.165625
21 0.653776 0.621875 0.073112 0.171250
22 0.708006 0.579063 0.074622 0.151875
23 0.758006 0.546875 0.066465 0.106250
8 0.513746 0.477500 0.031722 0.203750
9 0.540181 0.468125 0.030211 0.181250
10 0.570997 0.455625 0.034441 0.222500
11 0.596073 0.451875 0.039879 0.195000
12 0.628550 0.445000 0.038369 0.177500
13 0.664502 0.424062 0.058308 0.193125
14 0.705438 0.407188 0.059215 0.155625
15 0.711631 0.306250 0.056495 0.092500