0 0.486090 0.497719 0.039488 0.196168
1 0.448546 0.498574 0.042779 0.184193
2 0.407263 0.493442 0.047565 0.230953
5 0.333822 0.512260 0.058633 0.185333
6 0.274291 0.517108 0.070001 0.161953
24 0.491175 0.670506 0.022137 0.118613
25 0.470235 0.676494 0.025129 0.127167
26 0.443161 0.716982 0.027821 0.189895
27 0.411003 0.717552 0.034103 0.170506
28 0.381836 0.728102 0.042180 0.195027
29 0.336813 0.722970 0.072993 0.189325
30 0.291791 0.727817 0.048762 0.173928
16 0.512265 0.677349 0.021240 0.133440
17 0.535449 0.681056 0.025727 0.139713
18 0.562971 0.716127 0.035300 0.215557
19 0.596775 0.713561 0.043078 0.180771
20 0.629083 0.706147 0.053847 0.179630
21 0.670516 0.696453 0.073292 0.189895
8 0.521688 0.492587 0.040684 0.198449
9 0.557138 0.501996 0.035001 0.179630
10 0.591839 0.464074 0.043975 0.246350
11 0.614874 0.488595 0.035599 0.193887
12 0.650921 0.478901 0.047266 0.193887
13 0.685174 0.493442 0.049958 0.156820
14 0.734983 0.471487 0.053847 0.090100