0 0.497730 0.487407 0.027510 0.174239
1 0.468198 0.469675 0.029566 0.195312
2 0.437142 0.438836 0.034535 0.249794
3 0.412421 0.457340 0.038261 0.202508
4 0.384719 0.450144 0.032050 0.196340
5 0.349564 0.450658 0.047702 0.182977
6 0.305215 0.445004 0.044969 0.187089
24 0.496397 0.673468 0.020870 0.151624
25 0.478385 0.670641 0.023603 0.155222
26 0.449813 0.691972 0.038013 0.206106
27 0.422359 0.681692 0.041243 0.179379
28 0.393167 0.662675 0.048448 0.170127
29 0.348943 0.653423 0.064845 0.169100
30 0.302607 0.630808 0.050684 0.122841
31 0.262979 0.594829 0.056398 0.169100
16 0.515031 0.673982 0.026336 0.163960
17 0.534410 0.678094 0.027826 0.167044
18 0.557516 0.698910 0.031305 0.212788
19 0.583976 0.693514 0.030062 0.184519
8 0.527081 0.503598 0.028075 0.143914
9 0.555529 0.478156 0.031305 0.191715
10 0.587454 0.444747 0.039007 0.262644
11 0.609814 0.479184 0.042486 0.205078
12 0.639256 0.484838 0.031305 0.191715
14 0.709736 0.463764 0.046548 0.176295
15 0.736276 0.358655 0.071802 0.133635