0 0.487441 0.478201 0.034373 0.196573
1 0.457364 0.490171 0.029746 0.163810
2 0.423982 0.473475 0.038340 0.221144
3 0.393575 0.479776 0.038340 0.197203
4 0.360689 0.488911 0.035365 0.166331
5 0.317722 0.470010 0.051230 0.180192
6 0.274094 0.454889 0.045280 0.172631
7 0.253603 0.378969 0.051891 0.103957
24 0.488102 0.688949 0.020492 0.156880
25 0.467279 0.700605 0.027763 0.151210
26 0.442160 0.718246 0.029746 0.197833
27 0.412249 0.725806 0.034704 0.197833
28 0.377049 0.714781 0.052221 0.184602
29 0.329951 0.693989 0.075026 0.173261
30 0.279878 0.666898 0.064781 0.170741
31 0.233937 0.649887 0.046272 0.098916
16 0.508428 0.693989 0.020822 0.156880
17 0.526111 0.700605 0.028424 0.152470
18 0.550899 0.732107 0.031068 0.221774
19 0.584116 0.731792 0.035365 0.192162
20 0.626586 0.727382 0.052882 0.182082
21 0.670049 0.711631 0.077671 0.188382
22 0.721774 0.676033 0.064781 0.167591
23 0.765567 0.661227 0.048585 0.111517
8 0.519335 0.484186 0.032721 0.170741
9 0.549246 0.483871 0.029085 0.180192
10 0.580480 0.480721 0.037348 0.223034
11 0.610061 0.484186 0.040323 0.198463
12 0.644434 0.491116 0.038340 0.178301
13 0.687070 0.482296 0.054204 0.175781
14 0.731855 0.461505 0.044619 0.172001
15 0.758461 0.398501 0.047594 0.093876