0 0.468601 0.497417 0.033051 0.163180
1 0.444970 0.493637 0.031399 0.179561
2 0.408283 0.480091 0.039992 0.192792
3 0.383494 0.493952 0.041975 0.177671
4 0.353748 0.500252 0.036026 0.172631
5 0.321688 0.493322 0.048585 0.176411
6 0.276077 0.496157 0.045941 0.178301
7 0.243687 0.425907 0.046602 0.120968
31 0.239225 0.649257 0.069408 0.119078
30 0.298057 0.663747 0.061475 0.148059
29 0.343172 0.679814 0.063789 0.157510
28 0.388617 0.697140 0.039001 0.179561
27 0.421834 0.690209 0.035365 0.183342
26 0.442821 0.702495 0.029746 0.201613
25 0.468436 0.670048 0.022805 0.155620
24 0.490085 0.682649 0.018509 0.174521
16 0.509750 0.678553 0.021483 0.168851
17 0.528094 0.702810 0.027102 0.199723
18 0.549246 0.702180 0.034373 0.208543
19 0.574531 0.691154 0.038009 0.186492
20 0.608243 0.701235 0.041975 0.182712
21 0.653027 0.691154 0.055526 0.166331
22 0.706405 0.663747 0.057179 0.149320
23 0.756974 0.651147 0.062467 0.114037
8 0.503470 0.482926 0.034704 0.179561
9 0.532721 0.490801 0.032390 0.156250
10 0.565276 0.485446 0.038009 0.213584
11 0.597171 0.500567 0.039662 0.180822
12 0.630222 0.504977 0.035034 0.169481
13 0.671701 0.506237 0.051230 0.178301
14 0.717478 0.495212 0.048255 0.173891
15 0.741440 0.409841 0.045941 0.081275