0 0.484145 0.483463 0.033206 0.188184
1 0.452435 0.486314 0.027821 0.179060
2 0.422071 0.479186 0.034103 0.219548
3 0.390212 0.501426 0.035599 0.175068
4 0.361194 0.494297 0.033206 0.189325
5 0.323202 0.496293 0.046967 0.178490
6 0.284462 0.481182 0.044274 0.175639
7 0.250957 0.462933 0.049659 0.159672
24 0.488782 0.681911 0.025727 0.161953
25 0.467692 0.683622 0.024231 0.159672
26 0.438076 0.705577 0.035599 0.203581
27 0.410255 0.703581 0.038590 0.191606
28 0.376152 0.695883 0.035599 0.175068
29 0.332924 0.686056 0.056839 0.177614
30 0.277133 0.660609 0.058334 0.165781
8 0.517052 0.486314 0.032607 0.185903
9 0.548163 0.488880 0.027223 0.173928
10 0.586155 0.477475 0.046967 0.212705
11 0.610387 0.493442 0.037394 0.188755
12 0.642096 0.493157 0.032607 0.187044
13 0.680089 0.487740 0.047565 0.201300
14 0.724812 0.474909 0.043676 0.188184
15 0.757419 0.469206 0.050257 0.142564
16 0.515107 0.679345 0.024530 0.156820
17 0.541432 0.679060 0.028718 0.158531
18 0.567309 0.696168 0.030214 0.188184
19 0.597972 0.703296 0.034701 0.192176
20 0.629725 0.703011 0.031710 0.183622
22 0.721371 0.673073 0.072694 0.172787
23 0.762504 0.624031 0.062822 0.157961