0 0.489441 0.479441 0.031305 0.197368
1 0.460372 0.475843 0.030311 0.201480
2 0.426583 0.459910 0.035777 0.245683
3 0.400744 0.485352 0.038758 0.186575
4 0.370309 0.485866 0.037019 0.185547
5 0.334657 0.480726 0.048199 0.194799
6 0.285961 0.470960 0.047702 0.193771
7 0.251799 0.396690 0.061864 0.171669
24 0.498137 0.683748 0.021367 0.166016
25 0.474907 0.689402 0.027578 0.163960
26 0.449937 0.700966 0.030808 0.201480
27 0.420869 0.706877 0.032795 0.195826
28 0.394160 0.691715 0.039007 0.168586
29 0.347825 0.702508 0.070560 0.195312
30 0.299501 0.689402 0.072796 0.188631
31 0.237264 0.616931 0.085467 0.119757
16 0.518013 0.690944 0.017391 0.152652
17 0.535528 0.684519 0.022609 0.173725
18 0.560373 0.700709 0.027081 0.217414
19 0.590187 0.704821 0.029069 0.193771
20 0.620747 0.703279 0.041491 0.188631
21 0.665343 0.699167 0.068075 0.198910
22 0.707207 0.691201 0.054907 0.194285
23 0.767083 0.621299 0.078262 0.109992
8 0.521615 0.480212 0.033541 0.208162
9 0.551181 0.481240 0.030559 0.194799
10 0.583355 0.468904 0.034286 0.233861
11 0.609939 0.479441 0.040249 0.202508
12 0.639753 0.480726 0.033789 0.192743
13 0.678635 0.467619 0.053417 0.206620
14 0.722984 0.466591 0.045218 0.203536
15 0.761369 0.415707 0.054907 0.124383