0 0.490310 0.487065 0.031213 0.178498
1 0.459641 0.482150 0.028499 0.176945
2 0.430328 0.464300 0.037184 0.222993
3 0.400472 0.478011 0.039355 0.196606
4 0.365460 0.461196 0.030127 0.109168
5 0.325698 0.470250 0.053740 0.203849
6 0.290685 0.469216 0.070025 0.188328
7 0.257844 0.394195 0.067854 0.157285
24 0.481354 0.666339 0.020899 0.142798
25 0.459234 0.670737 0.026599 0.157802
26 0.430871 0.694278 0.037727 0.204884
27 0.399387 0.693760 0.044783 0.191432
28 0.371838 0.680308 0.042341 0.182119
29 0.328412 0.682637 0.069482 0.188845
30 0.284850 0.658061 0.052926 0.183154
31 0.232467 0.691950 0.081696 0.111238
16 0.500896 0.665563 0.021985 0.148489
17 0.524373 0.674358 0.023884 0.158837
18 0.550429 0.690139 0.031484 0.197641
19 0.579334 0.685741 0.039355 0.187810
20 0.616111 0.686776 0.043969 0.186776
21 0.664830 0.688069 0.075182 0.175911
22 0.710156 0.655474 0.058354 0.153146
23 0.768510 0.654957 0.073553 0.113825
8 0.523287 0.484478 0.030398 0.184706
9 0.552329 0.477494 0.028227 0.179015
10 0.585848 0.454212 0.043698 0.215232
11 0.615704 0.470250 0.042069 0.188328
12 0.646238 0.459903 0.034198 0.213162
13 0.685593 0.465335 0.054283 0.190915
14 0.727798 0.455505 0.055640 0.187810
15 0.752633 0.393936 0.053740 0.159872