0 0.477825 0.475166 0.029041 0.196089
1 0.450005 0.465335 0.022799 0.181602
2 0.422050 0.446709 0.029856 0.233340
3 0.398708 0.464025 0.035284 0.210091
4 0.371159 0.467922 0.030670 0.191950
5 0.338590 0.464818 0.045869 0.189880
6 0.293671 0.456022 0.040169 0.180567
7 0.258387 0.433516 0.039084 0.166598
24 0.488411 0.685741 0.020356 0.144350
25 0.462762 0.695571 0.029856 0.155733
26 0.437656 0.730495 0.035555 0.206954
27 0.408072 0.724286 0.039355 0.180050
28 0.386494 0.710834 0.042884 0.184189
29 0.344832 0.683154 0.073011 0.180567
30 0.293535 0.660130 0.075725 0.164528
31 0.242780 0.625207 0.084410 0.171254
16 0.505374 0.690139 0.026056 0.167632
17 0.523287 0.705143 0.027684 0.152111
18 0.550157 0.711610 0.035827 0.189880
19 0.581642 0.713938 0.047769 0.171772
20 0.612990 0.706178 0.052383 0.189363
21 0.657773 0.672289 0.080067 0.176428
22 0.712463 0.644609 0.084139 0.167632
8 0.507410 0.469992 0.031213 0.190915
9 0.535094 0.479046 0.024699 0.181084
10 0.565221 0.447486 0.043155 0.227649
11 0.589648 0.469992 0.040441 0.195054
12 0.621268 0.453694 0.035827 0.209023
13 0.659266 0.448003 0.058083 0.207988
14 0.703371 0.440501 0.044783 0.186776
15 0.743269 0.414373 0.042069 0.173841
23 0.760504 0.595457 0.084139 0.150041