0 0.488988 0.485739 0.035666 0.181672
1 0.454221 0.478609 0.031470 0.172371
2 0.423800 0.458457 0.041960 0.246156
3 0.400572 0.503720 0.039263 0.171751
4 0.367903 0.485119 0.038664 0.190352
5 0.332087 0.467138 0.050352 0.190352
6 0.286679 0.445747 0.051851 0.178571
7 0.250264 0.435206 0.057546 0.150050
24 0.498130 0.671751 0.029972 0.150670
25 0.477599 0.683222 0.041061 0.169891
26 0.444780 0.689732 0.032369 0.185392
27 0.412860 0.692212 0.033868 0.189112
28 0.382889 0.676091 0.040462 0.160590
29 0.337481 0.667721 0.072532 0.179812
30 0.281884 0.630518 0.069235 0.173611
31 0.236027 0.597346 0.058445 0.156870
16 0.521807 0.677331 0.026375 0.161830
17 0.545785 0.677951 0.024577 0.169271
18 0.572460 0.693142 0.026375 0.210813
19 0.599434 0.672061 0.030571 0.177331
20 0.637948 0.663380 0.048854 0.162450
21 0.674663 0.647569 0.064739 0.179191
22 0.723517 0.616877 0.066537 0.178571
23 0.779714 0.559524 0.074630 0.113467
8 0.525404 0.486359 0.035367 0.170511
9 0.559871 0.481089 0.030571 0.164931
10 0.590892 0.451017 0.030871 0.233755
11 0.619515 0.486979 0.034168 0.171751
12 0.647689 0.473338 0.034168 0.176711
13 0.681107 0.446367 0.050053 0.190972
14 0.724566 0.433036 0.042860 0.172991
15 0.758284 0.415365 0.047955 0.159970