0 0.484301 0.467175 0.035365 0.218624
1 0.453232 0.483241 0.034704 0.200353
2 0.422164 0.448904 0.047924 0.250126
8 0.518343 0.471270 0.030738 0.219254
10 0.575853 0.445123 0.041314 0.222404
11 0.611548 0.445123 0.041975 0.240045
26 0.450258 0.665323 0.039331 0.224294
27 0.411423 0.667528 0.054204 0.214844
28 0.381181 0.657762 0.057840 0.207913
29 0.335405 0.633506 0.078662 0.200983
30 0.279383 0.611139 0.087586 0.197833
18 0.558666 0.667528 0.035365 0.224924
19 0.593205 0.672568 0.038340 0.212324
21 0.660960 0.626260 0.082628 0.185232
22 0.717808 0.607359 0.092544 0.165071