0 0.491175 0.471487 0.032308 0.190465
1 0.460213 0.468921 0.033206 0.188755
2 0.428952 0.454380 0.040684 0.199589
3 0.399037 0.479186 0.038291 0.163663
4 0.370917 0.485458 0.032308 0.172787
5 0.335019 0.484033 0.049659 0.173358
6 0.296129 0.486599 0.044274 0.157961
7 0.258137 0.487169 0.039488 0.163663
24 0.488931 0.670221 0.021838 0.141994
25 0.471581 0.679630 0.021240 0.161953
26 0.442862 0.705292 0.039787 0.203011
27 0.414742 0.701585 0.043377 0.181911
28 0.392306 0.688755 0.041582 0.152828
29 0.348181 0.689895 0.069403 0.153969
30 0.307048 0.675639 0.058933 0.133440
31 0.267710 0.657961 0.049061 0.145985
16 0.507927 0.662238 0.017949 0.129448
17 0.527073 0.675924 0.019146 0.143134
18 0.553249 0.707288 0.031411 0.193317
19 0.578826 0.704722 0.032308 0.163093
20 0.608143 0.711565 0.041283 0.166515
21 0.649426 0.715271 0.065215 0.168225
22 0.691606 0.706718 0.055642 0.156820
23 0.744855 0.727532 0.068805 0.117473
8 0.526475 0.465500 0.041283 0.212705
9 0.548911 0.487454 0.028718 0.171077
10 0.593036 0.464359 0.060728 0.203581
11 0.613677 0.491446 0.054745 0.165374
12 0.641199 0.499430 0.036796 0.161953
13 0.677845 0.494012 0.053249 0.168225
14 0.710153 0.504277 0.040086 0.170506
15 0.745453 0.483748 0.048462 0.156820