0 0.484444 0.477475 0.030214 0.189895
1 0.458568 0.479471 0.024530 0.190465
2 0.429700 0.468351 0.034402 0.229813
3 0.407263 0.488310 0.039189 0.189895
4 0.375404 0.483748 0.035898 0.196738
5 0.335916 0.469206 0.059232 0.203011
6 0.294932 0.471487 0.044274 0.171077
7 0.275039 0.388515 0.052950 0.118043
24 0.493718 0.689895 0.019445 0.126597
25 0.476218 0.701015 0.022735 0.164804
26 0.448247 0.713846 0.034402 0.185903
27 0.423866 0.716412 0.035300 0.192176
28 0.393353 0.704151 0.043676 0.188184
29 0.355959 0.683337 0.072993 0.161382
30 0.313779 0.663378 0.061625 0.152258
16 0.513163 0.692461 0.020043 0.134010
17 0.531261 0.701015 0.022137 0.163663
18 0.554595 0.714131 0.034701 0.199019
19 0.585108 0.708143 0.038890 0.166515
20 0.615173 0.701300 0.039189 0.180201
21 0.655259 0.684763 0.069702 0.166515
22 0.697140 0.663378 0.057138 0.167085
8 0.513163 0.479471 0.034402 0.185903
9 0.542180 0.486314 0.024231 0.181341
10 0.570001 0.470347 0.031411 0.229243
11 0.595130 0.487454 0.035599 0.183622
12 0.624447 0.484318 0.032009 0.187614
13 0.659148 0.472913 0.048163 0.194457
14 0.703871 0.470062 0.043676 0.177349
15 0.739470 0.454665 0.047266 0.169366