0 0.480060 0.488438 0.032024 0.199375
1 0.448338 0.485000 0.033837 0.196250
2 0.416465 0.469062 0.040181 0.249375
5 0.346677 0.490938 0.055287 0.185625
6 0.292296 0.484063 0.063142 0.179375
24 0.493505 0.668125 0.020242 0.125000
25 0.474018 0.677500 0.023565 0.141250
26 0.451208 0.715313 0.032326 0.206875
27 0.419184 0.712500 0.030514 0.172500
28 0.394562 0.712500 0.039275 0.191250
29 0.346677 0.703125 0.086103 0.198750
30 0.303856 0.704227 0.057704 0.190625
16 0.512689 0.664687 0.018127 0.125625
17 0.532175 0.669375 0.022054 0.132500
18 0.557251 0.692500 0.030514 0.195000
19 0.589426 0.690625 0.040483 0.190000
20 0.619184 0.683125 0.055287 0.177500
21 0.661934 0.666875 0.079758 0.192500
8 0.513444 0.485000 0.034139 0.198750
9 0.544562 0.491563 0.027492 0.184375
10 0.575831 0.446563 0.033837 0.254375
11 0.601057 0.472500 0.034139 0.183750
12 0.628399 0.455625 0.035045 0.197500
13 0.667221 0.456562 0.050453 0.169375
14 0.713444 0.430000 0.054079 0.103750