0 0.476434 0.469531 0.033197 0.210938
1 0.443033 0.477734 0.027049 0.182031
2 0.411270 0.463672 0.025820 0.196094
3 0.376639 0.466016 0.030328 0.189844
4 0.345902 0.452344 0.031967 0.207813
5 0.305943 0.449609 0.043852 0.186719
6 0.260661 0.434588 0.044252 0.198863
7 0.226997 0.396900 0.044366 0.160888
24 0.502459 0.659766 0.022951 0.142969
25 0.477049 0.664844 0.027869 0.150000
26 0.447746 0.685937 0.035656 0.196875
27 0.413525 0.686719 0.033607 0.182812
28 0.379098 0.689453 0.038525 0.192969
29 0.329918 0.667969 0.070492 0.193750
30 0.273770 0.640625 0.063934 0.175000
16 0.522541 0.667188 0.018852 0.134375
17 0.549795 0.671875 0.027459 0.157812
18 0.575820 0.687109 0.036066 0.207031
19 0.604918 0.687109 0.032787 0.192969
20 0.637500 0.676953 0.044672 0.191406
21 0.686066 0.657813 0.073770 0.193750
22 0.740984 0.632031 0.068033 0.171875
8 0.515574 0.462500 0.036885 0.212500
9 0.548859 0.470703 0.028865 0.192969
10 0.585246 0.453125 0.030328 0.209375
11 0.619877 0.446094 0.038115 0.212500
12 0.649795 0.444141 0.034016 0.192969
13 0.695082 0.442969 0.053279 0.184375
14 0.744037 0.431250 0.046270 0.192188
15 0.785246 0.436328 0.040984 0.167969