0 0.484448 0.477177 0.030738 0.192915
1 0.454442 0.474191 0.025615 0.182757
2 0.424619 0.456055 0.034763 0.221819
3 0.396992 0.474540 0.039520 0.183454
4 0.362229 0.456403 0.024151 0.108119
5 0.322892 0.464076 0.049400 0.200195
6 0.286666 0.456588 0.067696 0.196379
7 0.256111 0.384556 0.067330 0.172294
24 0.483899 0.661133 0.020126 0.139509
25 0.464505 0.668108 0.021590 0.156250
26 0.437427 0.696708 0.034031 0.210658
27 0.405225 0.687640 0.043545 0.186942
28 0.377598 0.680315 0.044643 0.184849
29 0.334419 0.686593 0.071721 0.200195
30 0.288861 0.655552 0.050132 0.181362
31 0.236168 0.694615 0.082333 0.111607
16 0.504940 0.665667 0.019760 0.148577
8 0.517564 0.476632 0.029640 0.191825
9 0.545192 0.465820 0.027810 0.182757
10 0.579040 0.446987 0.040618 0.217634
11 0.609412 0.463379 0.041350 0.191825
12 0.641796 0.451521 0.036593 0.208566
13 0.680035 0.460589 0.051595 0.187640
14 0.721019 0.450823 0.053791 0.191825
15 0.749744 0.384208 0.046838 0.160435
17 0.527627 0.674037 0.026347 0.161133
18 0.557084 0.687640 0.033299 0.200893
19 0.584712 0.684152 0.047570 0.205078
20 0.617462 0.682059 0.046472 0.179967
21 0.664300 0.678571 0.070624 0.178571
22 0.709858 0.658343 0.058548 0.185547
23 0.766174 0.643522 0.073990 0.109867