0 0.497267 0.493318 0.032547 0.174753
1 0.466335 0.486123 0.036771 0.171669
2 0.434037 0.462993 0.037267 0.236431
3 0.401490 0.473273 0.040746 0.191201
4 0.368073 0.483296 0.034535 0.158820
5 0.329812 0.471988 0.051429 0.170127
6 0.286085 0.447317 0.051926 0.167044
7 0.263227 0.379215 0.048448 0.091488
24 0.496273 0.665759 0.022609 0.117701
26 0.468323 0.686318 0.033789 0.168072
27 0.431179 0.704564 0.035528 0.181949
28 0.398260 0.695312 0.045715 0.171669
29 0.351551 0.676295 0.078510 0.167558
30 0.299625 0.646227 0.066088 0.154708
31 0.244966 0.631579 0.055653 0.102796
16 0.523975 0.670384 0.028820 0.134149
17 0.545839 0.672440 0.021864 0.142373
18 0.572796 0.686832 0.029566 0.175267
19 0.604100 0.694028 0.030559 0.175267
20 0.637020 0.688631 0.045715 0.186061
21 0.672673 0.658306 0.060870 0.156250
22 0.718263 0.638775 0.058137 0.168586
23 0.763605 0.621299 0.050932 0.112048
8 0.535653 0.488692 0.038261 0.190173
9 0.566709 0.493318 0.026336 0.164474
10 0.597516 0.477128 0.031305 0.221525
11 0.625219 0.482011 0.033541 0.192229
12 0.654536 0.475072 0.033541 0.173211
13 0.688325 0.457083 0.046460 0.177323
14 0.729816 0.435238 0.042485 0.172697
15 0.747704 0.376388 0.040994 0.080695