0 0.486461 0.488839 0.038422 0.174386
1 0.455357 0.486398 0.031104 0.145787
2 0.421875 0.481864 0.031470 0.185547
3 0.393333 0.476283 0.038788 0.188337
4 0.359119 0.468610 0.030372 0.188337
5 0.321246 0.449777 0.051230 0.198103
6 0.270931 0.440709 0.045741 0.181362
24 0.498536 0.666016 0.020126 0.153460
25 0.474019 0.675781 0.025981 0.170201
26 0.445660 0.674735 0.029274 0.183454
27 0.410531 0.670550 0.031470 0.176479
28 0.372475 0.676130 0.040252 0.204381
29 0.327466 0.649623 0.081235 0.193220
30 0.279713 0.622419 0.054523 0.177874
31 0.235070 0.601493 0.049400 0.112305
16 0.520492 0.672991 0.027444 0.156250
17 0.545375 0.670201 0.025981 0.157645
18 0.571172 0.680664 0.027810 0.193917
19 0.604655 0.665318 0.036227 0.182757
20 0.638503 0.665667 0.046107 0.184849
21 0.686073 0.651367 0.078308 0.193917
22 0.729252 0.611956 0.060744 0.176479
23 0.777554 0.592076 0.054889 0.101842
8 0.520492 0.494071 0.034031 0.168108
9 0.553974 0.491629 0.025615 0.156250
10 0.583980 0.474888 0.032201 0.192522
11 0.613437 0.478376 0.034031 0.178571
12 0.645272 0.470006 0.036227 0.185547
13 0.682780 0.443499 0.054157 0.202288
14 0.727239 0.438965 0.050132 0.175084
15 0.750110 0.367118 0.049034 0.091378