0 0.470911 0.498311 0.028578 0.158784
1 0.442027 0.477829 0.027966 0.200591
2 0.415694 0.467272 0.029191 0.215794
3 0.390892 0.475084 0.034702 0.169764
4 0.364048 0.469172 0.035723 0.157095
5 0.330877 0.449535 0.042459 0.171875
6 0.290051 0.453758 0.044501 0.149916
24 0.481628 0.642103 0.020209 0.093328
25 0.460194 0.650971 0.023067 0.111064
26 0.437025 0.657939 0.028170 0.151182
27 0.408447 0.639358 0.035111 0.137669
28 0.380073 0.626478 0.035111 0.136402
29 0.338430 0.614443 0.061239 0.164696
30 0.288724 0.602618 0.065526 0.158784
31 0.243509 0.567568 0.063281 0.139358
16 0.503062 0.638725 0.021026 0.097551
17 0.526231 0.644848 0.024088 0.118243
18 0.556136 0.649704 0.042255 0.159206
19 0.585225 0.628590 0.048175 0.143159
20 0.611048 0.612331 0.048787 0.131757
21 0.657181 0.611275 0.072058 0.160895
8 0.500204 0.486275 0.028783 0.168497
9 0.528783 0.456081 0.031640 0.200169
10 0.555524 0.451647 0.032865 0.195524
11 0.578489 0.447424 0.045317 0.169341
12 0.609210 0.449535 0.038173 0.144003
13 0.645444 0.433488 0.051849 0.172720
14 0.694435 0.430532 0.048175 0.156672