0 0.478021 0.483241 0.037348 0.206653
1 0.443648 0.484816 0.031399 0.200983
2 0.407952 0.486076 0.034704 0.214844
3 0.378206 0.503717 0.033382 0.183342
4 0.345650 0.502142 0.031729 0.175151
5 0.308633 0.483871 0.048916 0.183972
6 0.263022 0.469380 0.045611 0.171371
7 0.225840 0.448589 0.062467 0.148690
24 0.485953 0.682649 0.024788 0.154360
25 0.457529 0.686429 0.028094 0.168221
26 0.427452 0.710055 0.033382 0.215474
27 0.396219 0.699030 0.033051 0.194682
28 0.359367 0.685169 0.052552 0.174521
29 0.313591 0.669733 0.070069 0.181452
30 0.262196 0.643271 0.066433 0.178931
31 0.207992 0.598538 0.078332 0.107107
16 0.508428 0.682334 0.024788 0.165071
17 0.536687 0.687059 0.026441 0.174521
18 0.565772 0.702495 0.035034 0.210433
19 0.592874 0.688004 0.032390 0.187752
20 0.635676 0.688319 0.055857 0.188382
21 0.678973 0.665008 0.071721 0.179561
22 0.734829 0.628780 0.072382 0.177671
23 0.778622 0.599483 0.058170 0.156880
8 0.514377 0.479146 0.039331 0.212324
9 0.552056 0.475995 0.029416 0.206023
10 0.586760 0.460244 0.034043 0.242566
11 0.615845 0.489226 0.034043 0.185862
12 0.650218 0.475680 0.033382 0.200353
13 0.692028 0.470325 0.052882 0.185862
14 0.736978 0.452684 0.050238 0.184602
15 0.773830 0.424962 0.055857 0.153100