0 0.483557 0.478013 0.030676 0.201160
1 0.456194 0.484094 0.035339 0.188997
2 0.422082 0.469124 0.036812 0.232972
3 0.394682 0.494604 0.044346 0.188561
4 0.360975 0.491579 0.033867 0.171220
5 0.322691 0.468656 0.050064 0.172156
6 0.282934 0.445500 0.054972 0.159525
7 0.257534 0.401291 0.076814 0.129117
24 0.487484 0.671220 0.025768 0.156250
25 0.463066 0.683617 0.026504 0.161396
26 0.439384 0.706072 0.042947 0.204435
28 0.385025 0.709113 0.066261 0.137537
29 0.347477 0.679407 0.082458 0.163267
30 0.299009 0.640344 0.075341 0.146894
31 0.251399 0.579528 0.069451 0.134731
16 0.508957 0.667478 0.025032 0.145958
17 0.533008 0.675664 0.027977 0.169817
18 0.562948 0.688295 0.033376 0.196950
20 0.613871 0.681980 0.058653 0.160928
21 0.655345 0.652274 0.078777 0.156718
22 0.695347 0.615316 0.064052 0.154847
23 0.737558 0.568301 0.058653 0.125374
8 0.517056 0.479884 0.031413 0.188997
9 0.545646 0.467955 0.027731 0.180109
10 0.575955 0.445266 0.034358 0.223615
11 0.603809 0.472165 0.041474 0.184787
12 0.634362 0.467955 0.029940 0.177302
13 0.670683 0.449710 0.055954 0.184787
14 0.707740 0.437313 0.053500 0.148765
15 0.728109 0.384216 0.055463 0.105258