0 0.478611 0.472343 0.034701 0.209284
1 0.448247 0.470062 0.032607 0.196738
2 0.418482 0.460082 0.037693 0.224681
3 0.389913 0.486029 0.036796 0.179630
4 0.359250 0.472343 0.036496 0.199019
5 0.321706 0.466640 0.049958 0.185333
6 0.274441 0.442119 0.045770 0.183052
18 0.575236 0.679916 0.041881 0.169366
17 0.543377 0.667085 0.028419 0.148266
16 0.521838 0.660242 0.034402 0.133440
24 0.503141 0.663663 0.032308 0.128878
25 0.481004 0.666515 0.034103 0.125456
26 0.455875 0.678490 0.028120 0.169936
27 0.418182 0.689040 0.052052 0.171647
28 0.379143 0.680201 0.070899 0.180201
30 0.279077 0.632014 0.106498 0.171647
19 0.602160 0.674783 0.053249 0.184193
20 0.633272 0.663093 0.056240 0.181341
21 0.675452 0.639998 0.080172 0.172787
22 0.729598 0.610915 0.065215 0.161382
8 0.514210 0.463789 0.034701 0.214986
9 0.545022 0.468636 0.026924 0.193887
10 0.575685 0.456090 0.033206 0.222400
11 0.606348 0.452669 0.034103 0.204151
12 0.633720 0.445826 0.032009 0.210995
13 0.672311 0.444400 0.045172 0.115762
14 0.713743 0.427578 0.042479 0.189325