0 0.483740 0.487007 0.034301 0.179178
1 0.454228 0.487220 0.028288 0.167714
2 0.421931 0.471510 0.038088 0.222062
3 0.395314 0.493801 0.037420 0.183424
4 0.367026 0.505053 0.035192 0.166016
5 0.332725 0.503779 0.045438 0.168563
6 0.287398 0.499321 0.045661 0.160496
24 0.486859 0.683169 0.017819 0.172385
25 0.466589 0.681471 0.021828 0.185122
26 0.440975 0.686141 0.025392 0.216542
27 0.414358 0.683381 0.028733 0.196586
28 0.385625 0.675951 0.031406 0.164742
29 0.347091 0.672342 0.053234 0.160921
30 0.296196 0.659604 0.052120 0.157524
31 0.257885 0.640073 0.041429 0.088740
16 0.509021 0.681046 0.020715 0.165591
17 0.533411 0.674890 0.025392 0.167714
18 0.556687 0.686141 0.029179 0.202955
19 0.580631 0.674253 0.034747 0.188519
20 0.613373 0.669582 0.040984 0.163893
21 0.655025 0.653660 0.066821 0.165166
22 0.709373 0.623514 0.066376 0.153278
23 0.752472 0.606318 0.046552 0.104450
8 0.517039 0.486158 0.033633 0.189368
9 0.548668 0.483186 0.028288 0.173234
10 0.578738 0.482337 0.035415 0.210598
11 0.609252 0.491253 0.041652 0.174932
12 0.642329 0.494438 0.033856 0.160071
13 0.681753 0.481063 0.049002 0.161345
14 0.720510 0.460470 0.044993 0.129501