0 0.486291 0.487909 0.035666 0.183532
1 0.453172 0.482949 0.030571 0.186012
2 0.422451 0.457527 0.030871 0.224454
3 0.394128 0.456287 0.036565 0.197173
4 0.364456 0.450707 0.040762 0.174851
5 0.328939 0.427145 0.048254 0.188492
6 0.291025 0.406684 0.056946 0.167411
7 0.269596 0.340340 0.044058 0.115327
24 0.489288 0.671751 0.032669 0.139509
25 0.469357 0.675161 0.027574 0.153770
26 0.438336 0.682602 0.035067 0.166171
27 0.412710 0.675161 0.043159 0.167411
28 0.382139 0.659350 0.053949 0.161830
29 0.337332 0.636719 0.091414 0.172371
30 0.287429 0.592076 0.079125 0.162450
31 0.242022 0.578745 0.050053 0.104787
16 0.514464 0.676091 0.022479 0.154390
17 0.533646 0.673921 0.024277 0.148810
18 0.559572 0.682602 0.025176 0.173611
19 0.587296 0.683532 0.030871 0.176711
20 0.621164 0.673301 0.044658 0.174851
21 0.666870 0.637649 0.085120 0.171751
22 0.718422 0.593936 0.073730 0.162450
23 0.763379 0.570375 0.056946 0.102927
8 0.520159 0.483879 0.034467 0.205233
9 0.551929 0.482639 0.032070 0.187872
10 0.580402 0.472408 0.032669 0.205853
11 0.606627 0.469618 0.037165 0.186632
12 0.636299 0.456287 0.037764 0.183532
13 0.673914 0.436756 0.050652 0.176711
14 0.711978 0.408854 0.057246 0.168031
15 0.739102 0.332589 0.037165 0.125868