0 0.486890 0.489149 0.032669 0.173611
1 0.456619 0.476749 0.025476 0.163690
2 0.426348 0.458767 0.034467 0.218254
3 0.399373 0.481399 0.042860 0.189112
4 0.369102 0.473028 0.041661 0.217014
5 0.334784 0.484499 0.053350 0.187872
6 0.289527 0.475198 0.045557 0.184152
7 0.254610 0.477059 0.035067 0.153150
24 0.493484 0.693142 0.019482 0.162450
25 0.475351 0.689732 0.023977 0.176711
26 0.450625 0.716394 0.030871 0.194072
27 0.423800 0.720424 0.034767 0.189732
28 0.393079 0.718564 0.051252 0.186012
29 0.355764 0.704923 0.080324 0.176091
30 0.309308 0.690662 0.073131 0.169891
31 0.253710 0.654700 0.078826 0.145089
16 0.510868 0.673301 0.023078 0.162450
17 0.530499 0.687562 0.028173 0.169891
18 0.554776 0.700583 0.031770 0.203373
19 0.588494 0.710813 0.036266 0.195312
20 0.616818 0.704923 0.050352 0.188492
21 0.661775 0.694382 0.081523 0.169891
22 0.702687 0.672061 0.060243 0.173611
23 0.755737 0.646329 0.067436 0.122148
8 0.521508 0.488529 0.034767 0.173611
9 0.549232 0.461868 0.028473 0.182292
10 0.578604 0.444196 0.037465 0.216394
11 0.605428 0.470858 0.042560 0.195313
12 0.635250 0.465588 0.036865 0.214534
13 0.669268 0.472098 0.046756 0.190352
14 0.712727 0.462178 0.043159 0.191592
15 0.751840 0.461248 0.045857 0.155010