0 0.488275 0.480857 0.034741 0.182637
1 0.455162 0.480857 0.033655 0.171254
2 0.414722 0.467146 0.045598 0.211093
3 0.390023 0.481892 0.041255 0.178498
4 0.359896 0.483185 0.034198 0.160389
5 0.315112 0.463524 0.053197 0.183154
6 0.268565 0.460679 0.048583 0.158837
7 0.231245 0.438690 0.041798 0.147972
24 0.483389 0.652628 0.025513 0.122620
25 0.461812 0.656767 0.026327 0.143315
26 0.430056 0.667632 0.036098 0.156767
27 0.398437 0.670737 0.040712 0.152628
28 0.368988 0.668926 0.049126 0.163493
29 0.326376 0.648231 0.066497 0.174876
30 0.274129 0.633485 0.067311 0.160906
16 0.505510 0.653663 0.025784 0.124690
17 0.529123 0.659613 0.030127 0.124172
18 0.556400 0.675911 0.036370 0.173324
19 0.597248 0.690656 0.049669 0.167632
20 0.628189 0.676169 0.047498 0.165563
21 0.675551 0.659354 0.072739 0.173324
22 0.729291 0.638659 0.068396 0.160906
8 0.523830 0.487583 0.032570 0.181602
9 0.557486 0.487583 0.035284 0.187810
10 0.593448 0.480857 0.039355 0.214714
11 0.619640 0.492757 0.038541 0.189880
12 0.648410 0.487065 0.033655 0.178498
13 0.689936 0.482668 0.048855 0.175911
14 0.733227 0.470250 0.046955 0.161424
15 0.774346 0.462748 0.038541 0.155733