0 0.498465 0.475133 0.029866 0.196589
1 0.472795 0.472835 0.030853 0.177696
2 0.444163 0.447049 0.034309 0.206801
3 0.420961 0.471558 0.040726 0.160846
4 0.391713 0.461601 0.037518 0.183824
5 0.356787 0.470792 0.046650 0.161356
6 0.314086 0.465942 0.049612 0.165952
7 0.277679 0.461091 0.041467 0.170547
24 0.494639 0.667126 0.020240 0.129187
25 0.477608 0.679126 0.021227 0.161356
26 0.451938 0.698785 0.029125 0.189440
27 0.424047 0.691381 0.038998 0.175654
28 0.399117 0.688572 0.047884 0.163909
29 0.361353 0.683211 0.072567 0.167484
30 0.316924 0.653084 0.071086 0.143995
31 0.274594 0.637000 0.055536 0.150633
16 0.512164 0.663552 0.017278 0.130208
17 0.531046 0.659722 0.018512 0.114379
18 0.559554 0.703636 0.035543 0.193015
19 0.582509 0.705933 0.033075 0.173100
20 0.609166 0.704402 0.041467 0.164931
21 0.649028 0.696487 0.066396 0.169526
22 0.687410 0.686530 0.056276 0.155739
23 0.739860 0.699551 0.063928 0.117443
8 0.530922 0.472324 0.031594 0.200163
9 0.557703 0.483047 0.025917 0.184845
10 0.589914 0.452155 0.043935 0.212929
11 0.609413 0.481260 0.042948 0.158803
12 0.637181 0.473090 0.034309 0.182292
13 0.666553 0.472580 0.042207 0.178207
14 0.703330 0.478452 0.037764 0.165441
15 0.734307 0.452155 0.043441 0.160846