0 0.489424 0.489226 0.031068 0.188382
1 0.460504 0.498992 0.024127 0.144909
2 0.428609 0.470010 0.039662 0.207913
3 0.399524 0.487651 0.033712 0.175151
4 0.373083 0.479146 0.028424 0.168221
5 0.336561 0.467805 0.052552 0.173261
6 0.293429 0.447644 0.040323 0.161920
7 0.254264 0.431263 0.036687 0.160660
24 0.488763 0.665638 0.019831 0.114037
25 0.470419 0.667213 0.028094 0.139869
26 0.438194 0.686114 0.035695 0.176411
27 0.415058 0.681389 0.034373 0.170741
28 0.381015 0.674458 0.045611 0.169481
29 0.341850 0.653982 0.071060 0.178931
30 0.296074 0.629410 0.064120 0.147429
31 0.246992 0.589403 0.065772 0.136719
16 0.508428 0.679183 0.021483 0.142389
17 0.525615 0.668158 0.025449 0.126638
18 0.553213 0.690524 0.038340 0.192792
19 0.582298 0.680444 0.037678 0.176411
20 0.615680 0.669733 0.050238 0.166331
21 0.660960 0.650832 0.078662 0.180192
22 0.713511 0.623740 0.060814 0.166331
23 0.763419 0.583102 0.070069 0.150580
8 0.518343 0.495212 0.030077 0.177671
9 0.547429 0.498362 0.025449 0.157510
10 0.579819 0.472845 0.032721 0.222404
11 0.606425 0.487021 0.040323 0.162550
12 0.639243 0.474420 0.036824 0.173891
13 0.676659 0.466230 0.049246 0.163810
14 0.719626 0.442603 0.045280 0.163180