0 0.488592 0.477941 0.035790 0.199142
1 0.460207 0.484069 0.033815 0.193015
2 0.427873 0.480750 0.043195 0.218035
3 0.405905 0.510110 0.035790 0.161356
4 0.377890 0.485856 0.036530 0.198632
5 0.333955 0.517259 0.072567 0.174632
6 0.294833 0.503472 0.047144 0.213440
7 0.252626 0.522876 0.046156 0.181781
24 0.486370 0.687040 0.019499 0.176164
25 0.472301 0.686785 0.019993 0.171569
26 0.452925 0.714869 0.033075 0.225694
27 0.423923 0.705167 0.030360 0.213440
28 0.399981 0.716146 0.036777 0.225184
29 0.364438 0.702359 0.058991 0.189440
30 0.316431 0.721763 0.054302 0.203738
31 0.242506 0.703891 0.086636 0.096507
16 0.506240 0.684998 0.019252 0.171058
17 0.525245 0.685764 0.023695 0.183824
18 0.545855 0.708487 0.028879 0.245609
19 0.572389 0.689594 0.025176 0.197610
20 0.594850 0.701083 0.032087 0.206291
21 0.632861 0.700317 0.055289 0.201695
22 0.678771 0.697763 0.046897 0.193525
23 0.740724 0.687296 0.084908 0.143995
8 0.522037 0.475133 0.030606 0.201695
9 0.549928 0.472069 0.023202 0.193525
10 0.579053 0.462878 0.029619 0.223141
11 0.602502 0.490707 0.035049 0.175654
12 0.625580 0.473346 0.030360 0.212418
13 0.663715 0.492749 0.056770 0.175654
14 0.705675 0.487132 0.041960 0.199142
15 0.743069 0.505770 0.042701 0.175143