0 0.468888 0.486884 0.036796 0.181341
1 0.434785 0.483463 0.030214 0.155109
2 0.401280 0.472343 0.030812 0.207003
3 0.369570 0.485173 0.031411 0.160812
4 0.340702 0.475479 0.034701 0.157391
5 0.309142 0.458656 0.050556 0.167085
6 0.286257 0.408759 0.053847 0.108349
7 0.268308 0.314382 0.040086 0.082687
24 0.467093 0.676209 0.029616 0.148266
25 0.445405 0.672787 0.024530 0.133440
26 0.413396 0.679060 0.032308 0.167655
27 0.386323 0.672217 0.035001 0.155109
28 0.356109 0.653114 0.043377 0.149977
29 0.316022 0.635436 0.064317 0.162523
30 0.274740 0.593237 0.051753 0.140853
31 0.230765 0.578125 0.045172 0.094662
16 0.496859 0.672217 0.026924 0.143704
17 0.520791 0.679630 0.029915 0.152828
18 0.552650 0.685048 0.030214 0.167085
19 0.586903 0.677349 0.037693 0.152828
20 0.623250 0.667655 0.041582 0.173358
21 0.671114 0.647126 0.073292 0.160812
22 0.723316 0.613196 0.068805 0.162523
23 0.771030 0.599224 0.047565 0.093522
8 0.507030 0.485458 0.038890 0.193317
9 0.540385 0.487740 0.030812 0.164804
10 0.578527 0.466640 0.037693 0.233234
11 0.610686 0.480326 0.045770 0.183052
12 0.646135 0.476620 0.037693 0.171077
13 0.687268 0.464929 0.053548 0.167085
14 0.714640 0.405052 0.056839 0.118043
15 0.737077 0.326927 0.043078 0.076984