0 0.486375 0.480857 0.029856 0.196089
1 0.454891 0.472837 0.028227 0.191432
2 0.426799 0.451107 0.036098 0.228684
3 0.398844 0.455764 0.028499 0.203849
4 0.368988 0.453953 0.037727 0.166080
5 0.339990 0.424701 0.045344 0.196144
6 0.304238 0.418052 0.050576 0.166223
7 0.268922 0.410572 0.046216 0.162899
8 0.520314 0.481318 0.035638 0.199049
9 0.548468 0.475204 0.028510 0.193614
10 0.578938 0.450747 0.031718 0.233016
11 0.605666 0.459579 0.036707 0.203125
12 0.634890 0.449049 0.030292 0.190217
13 0.669102 0.432405 0.040271 0.182745
14 0.703849 0.416780 0.047755 0.173234
15 0.735388 0.389946 0.059515 0.163043
16 0.534925 0.682405 0.028510 0.155571
17 0.555239 0.677649 0.030649 0.162364
18 0.589629 0.683764 0.045973 0.185462
19 0.615823 0.668818 0.047042 0.158288
20 0.642908 0.659307 0.052031 0.163723
21 0.681397 0.625340 0.064861 0.165082
22 0.733428 0.574728 0.081967 0.137228
24 0.512295 0.676970 0.029579 0.154212
25 0.488774 0.677310 0.033143 0.157609
26 0.459195 0.677649 0.034569 0.171875
27 0.429971 0.681726 0.039558 0.188179
28 0.392552 0.659647 0.055952 0.165761
29 0.349073 0.633492 0.078047 0.170516
30 0.286885 0.581522 0.086244 0.131793