0 0.488903 0.482456 0.035114 0.190515
1 0.457101 0.492736 0.031802 0.176809
2 0.421987 0.483141 0.047702 0.220669
3 0.401945 0.509526 0.034120 0.170641
4 0.374947 0.517407 0.029814 0.174068
5 0.337514 0.527001 0.053003 0.158991
6 0.293456 0.524945 0.047040 0.148026
24 0.489399 0.684964 0.028820 0.165159
25 0.470849 0.687706 0.022195 0.174753
26 0.437225 0.728481 0.047040 0.238487
27 0.415693 0.708265 0.042402 0.167900
28 0.391842 0.708607 0.043727 0.168586
29 0.351096 0.708659 0.068903 0.173383
30 0.308528 0.685992 0.069897 0.153509
31 0.264138 0.661321 0.056647 0.150768
16 0.505963 0.687020 0.029483 0.158306
17 0.526170 0.696272 0.030145 0.172697
18 0.548199 0.741160 0.033127 0.224095
19 0.570063 0.738761 0.031139 0.200110
20 0.600208 0.750069 0.037764 0.211760
21 0.643770 0.734306 0.088448 0.184348
22 0.691803 0.729852 0.064597 0.179550
8 0.534452 0.456414 0.057309 0.200110
9 0.554645 0.512267 0.030173 0.173383
10 0.594577 0.499246 0.055653 0.233690
11 0.612796 0.535910 0.046377 0.187774
12 0.637972 0.552700 0.040414 0.187089
13 0.672921 0.556812 0.047371 0.182977
14 0.717476 0.560924 0.045715 0.152823