0 0.477899 0.476749 0.027874 0.203373
1 0.447178 0.463418 0.025176 0.221354
2 0.418555 0.446987 0.033868 0.262897
3 0.391580 0.472408 0.032669 0.214534
4 0.361159 0.471788 0.036565 0.205853
5 0.323395 0.447917 0.056946 0.216394
6 0.285031 0.445126 0.042560 0.186012
7 0.248915 0.423425 0.048854 0.164931
24 0.481795 0.677641 0.020081 0.151290
25 0.456919 0.683222 0.026075 0.157490
26 0.429944 0.712054 0.033868 0.220114
27 0.397275 0.707093 0.041661 0.184152
28 0.369551 0.696553 0.054549 0.190352
29 0.331787 0.684772 0.072532 0.213914
30 0.280685 0.662140 0.082422 0.198413
31 0.232880 0.613157 0.070733 0.178571
16 0.502476 0.681672 0.021879 0.158110
17 0.522407 0.685702 0.027574 0.173611
18 0.551330 0.713604 0.031470 0.221974
19 0.581601 0.697173 0.041061 0.212674
20 0.613071 0.689112 0.059044 0.211434
21 0.656980 0.668341 0.082122 0.210813
22 0.720670 0.646329 0.108797 0.201513
23 0.762181 0.600136 0.079125 0.179812
8 0.509219 0.473958 0.028773 0.202753
9 0.536044 0.460627 0.030271 0.212054
10 0.568264 0.436756 0.037764 0.274678
11 0.590742 0.455357 0.040762 0.218874
12 0.625060 0.458147 0.036266 0.205853
13 0.665971 0.449467 0.058745 0.194692
14 0.705534 0.437376 0.043159 0.181672
15 0.744497 0.429005 0.055148 0.156250