0 0.488962 0.472069 0.030606 0.212929
1 0.455517 0.478962 0.025423 0.183824
2 0.421332 0.469261 0.030606 0.230801
3 0.394181 0.474877 0.037024 0.203227
4 0.365549 0.469005 0.031594 0.177185
5 0.331857 0.455219 0.049612 0.170037
6 0.283479 0.441176 0.044182 0.153186
24 0.486617 0.671977 0.019993 0.148080
25 0.462428 0.667382 0.023448 0.156250
26 0.435277 0.683466 0.030360 0.212929
27 0.407139 0.669424 0.032334 0.196078
28 0.375299 0.655637 0.044675 0.181781
29 0.332968 0.630617 0.076516 0.178717
30 0.282862 0.597682 0.064175 0.170037
31 0.230535 0.580831 0.050352 0.107741
16 0.508831 0.673509 0.021474 0.156250
17 0.531786 0.665339 0.025423 0.157271
18 0.563257 0.676573 0.030606 0.219567
19 0.589667 0.653595 0.027644 0.200163
20 0.623976 0.640063 0.044429 0.185355
21 0.664455 0.618107 0.067137 0.185355
22 0.712833 0.580576 0.059238 0.169526
23 0.758002 0.565257 0.043441 0.092933
8 0.523888 0.472069 0.030360 0.210886
9 0.553754 0.473346 0.028385 0.184845
10 0.586952 0.462367 0.028632 0.211908
11 0.615090 0.457772 0.036530 0.200674
12 0.641253 0.442708 0.031594 0.184845
13 0.676796 0.437857 0.048378 0.171058
14 0.721719 0.420241 0.040973 0.156250