0 0.490487 0.482329 0.031470 0.190972
1 0.456619 0.481709 0.027274 0.166171
2 0.428595 0.466828 0.030571 0.210813
3 0.399673 0.472408 0.035666 0.190972
4 0.374197 0.480779 0.032669 0.175471
5 0.341378 0.467448 0.045557 0.171131
6 0.298218 0.452567 0.040162 0.171131
7 0.257757 0.376612 0.042560 0.058904
24 0.490037 0.663380 0.022179 0.146329
25 0.468757 0.673611 0.025776 0.172991
26 0.441783 0.681362 0.031171 0.198413
27 0.414059 0.673301 0.032070 0.193452
28 0.382739 0.667411 0.049753 0.184152
29 0.347222 0.641989 0.072831 0.159350
30 0.297469 0.620598 0.071632 0.151290
31 0.260454 0.581225 0.053949 0.139509
16 0.509969 0.664621 0.021879 0.145089
17 0.531698 0.673611 0.026375 0.159350
18 0.555526 0.682602 0.028473 0.197173
19 0.583999 0.671131 0.032070 0.189112
20 0.617567 0.666481 0.044058 0.169891
21 0.661775 0.651910 0.079125 0.163070
22 0.714975 0.637649 0.076428 0.169271
23 0.759033 0.603237 0.062641 0.131448
8 0.526453 0.482329 0.032669 0.182292
9 0.555675 0.489459 0.025176 0.166791
10 0.585497 0.472098 0.033868 0.223834
11 0.611573 0.486669 0.035666 0.189732
12 0.639297 0.481709 0.035966 0.177331
13 0.674963 0.465898 0.050952 0.185392
14 0.721269 0.450397 0.047655 0.177951
15 0.755886 0.402344 0.035367 0.073165