0 0.487696 0.471524 0.032401 0.219120
1 0.454289 0.466207 0.030390 0.202016
2 0.419989 0.444249 0.039552 0.248706
3 0.396973 0.466207 0.033295 0.188147
4 0.366694 0.459504 0.033072 0.186760
5 0.332058 0.422984 0.049608 0.220044
6 0.288484 0.420442 0.043351 0.175203
7 0.248485 0.397328 0.053183 0.163184
24 0.492166 0.664525 0.020335 0.128976
25 0.472836 0.662445 0.026815 0.142382
26 0.443228 0.664294 0.032848 0.177515
27 0.413844 0.664987 0.038435 0.178902
28 0.380884 0.648114 0.055641 0.170118
29 0.339321 0.623151 0.088713 0.179364
30 0.284126 0.597263 0.077093 0.178439
31 0.238765 0.576230 0.059663 0.165033
16 0.510601 0.662907 0.021005 0.133136
17 0.534958 0.668454 0.024580 0.147929
18 0.561102 0.678624 0.033966 0.191383
19 0.593951 0.670303 0.047373 0.171967
20 0.626017 0.661751 0.066367 0.178902
21 0.667245 0.631703 0.090724 0.178902
22 0.721657 0.601424 0.079327 0.164571
23 0.767689 0.576692 0.063239 0.146542
8 0.518980 0.465976 0.035977 0.225592
9 0.549706 0.465976 0.033072 0.203402
10 0.583448 0.450721 0.037988 0.227441
11 0.606911 0.453495 0.034859 0.213572
12 0.637972 0.445405 0.037094 0.209412
13 0.675066 0.428763 0.049608 0.211261
14 0.718975 0.416281 0.051172 0.183524
15 0.760985 0.392705 0.054747 0.166882