0 0.499006 0.467379 0.031470 0.215186
1 0.467370 0.477659 0.030476 0.202851
2 0.435900 0.445792 0.036439 0.261102
3 0.414036 0.467037 0.043727 0.214501
5 0.367990 0.472177 0.067578 0.198739
6 0.319129 0.465666 0.059959 0.182977
7 0.275070 0.458128 0.046709 0.195312
24 0.506460 0.676741 0.028489 0.163788
25 0.486749 0.686678 0.028820 0.187774
26 0.470352 0.713405 0.046377 0.234375
27 0.437225 0.719915 0.036439 0.211760
29 0.394657 0.695587 0.072547 0.200110
30 0.339336 0.696272 0.077848 0.202851
31 0.278714 0.664405 0.089773 0.154194
16 0.526004 0.677083 0.020539 0.163103
17 0.546874 0.693873 0.021864 0.188459
18 0.569235 0.704838 0.028820 0.207648
19 0.602030 0.719915 0.042071 0.206277
21 0.640788 0.700726 0.068572 0.204907
22 0.686172 0.701412 0.059959 0.196683
23 0.750769 0.658580 0.097061 0.138432
8 0.532795 0.466351 0.029483 0.221354
9 0.562941 0.470806 0.027495 0.209704
10 0.592755 0.458128 0.031470 0.255620
11 0.621575 0.464296 0.034783 0.210389
13 0.660830 0.482456 0.054328 0.193257
14 0.706048 0.464981 0.048034 0.193942
15 0.751928 0.459841 0.043065 0.178180