0 0.479364 0.471858 0.034110 0.207913
1 0.450127 0.472698 0.024770 0.189432
2 0.419062 0.454637 0.035734 0.205393
3 0.397236 0.478789 0.042434 0.172211
4 0.370233 0.472908 0.037967 0.186492
5 0.339067 0.462618 0.045886 0.190272
6 0.296125 0.471648 0.038373 0.162970
7 0.256737 0.456317 0.044464 0.142389
25 0.468197 0.669691 0.019897 0.157510
26 0.446168 0.692582 0.023349 0.207493
27 0.423529 0.695943 0.027613 0.195733
28 0.394089 0.694472 0.045886 0.192792
29 0.355411 0.669061 0.062738 0.190692
30 0.305363 0.650370 0.072686 0.144069
31 0.261609 0.627268 0.064362 0.149950
17 0.532863 0.671581 0.021725 0.168011
18 0.555400 0.675151 0.026597 0.189432
19 0.578952 0.673471 0.035531 0.184392
20 0.610422 0.669271 0.047307 0.200353
21 0.651943 0.643439 0.071874 0.185652
22 0.704021 0.634619 0.074920 0.183972
23 0.742699 0.588206 0.060504 0.149950
8 0.513981 0.471018 0.031470 0.214634
9 0.542101 0.471228 0.024770 0.199933
10 0.569409 0.431746 0.031064 0.222614
11 0.591438 0.447077 0.036546 0.182712
12 0.622097 0.433636 0.034516 0.192792
13 0.660369 0.426915 0.050962 0.190272
14 0.700975 0.430066 0.037967 0.171371
15 0.739247 0.427965 0.034922 0.142809