0 0.477790 0.492983 0.038775 0.184319
1 0.437420 0.511929 0.045892 0.156718
2 0.407726 0.517075 0.043438 0.179173
3 0.382326 0.540934 0.038284 0.174495
4 0.352508 0.562921 0.033621 0.151104
5 0.314101 0.554968 0.053009 0.180109
6 0.264528 0.557073 0.047610 0.162799
7 0.233975 0.517543 0.048837 0.129585
24 0.493742 0.689231 0.022578 0.174495
25 0.471900 0.700458 0.028468 0.187594
26 0.441347 0.717066 0.029204 0.207710
27 0.412143 0.725019 0.034112 0.189933
28 0.380362 0.724083 0.036321 0.158121
29 0.340238 0.742094 0.061598 0.186658
30 0.284161 0.732738 0.054481 0.165138
31 0.232993 0.720107 0.074359 0.109001
16 0.516688 0.697184 0.023314 0.191336
17 0.540247 0.694611 0.022332 0.173091
18 0.565770 0.714493 0.028713 0.202564
19 0.595833 0.715896 0.030922 0.199757
20 0.629086 0.717768 0.034112 0.176366
21 0.674242 0.722914 0.055217 0.177302
22 0.725901 0.715662 0.051045 0.164671
23 0.774860 0.711686 0.070924 0.106194
8 0.515338 0.492749 0.037302 0.177302
9 0.549818 0.503976 0.029204 0.161396
10 0.585648 0.498129 0.039511 0.203031
11 0.612521 0.529472 0.040247 0.166542
12 0.646265 0.536022 0.034112 0.166542
13 0.685531 0.540466 0.048346 0.179173
14 0.737190 0.544676 0.048591 0.170752
15 0.771915 0.518011 0.045401 0.118357