0 0.480735 0.480586 0.030922 0.179173
1 0.451777 0.480352 0.026014 0.177769
2 0.422573 0.464446 0.031413 0.213323
3 0.394964 0.475206 0.030676 0.189933
4 0.365024 0.476141 0.032149 0.184319
5 0.334470 0.475206 0.043192 0.177769
6 0.292751 0.469826 0.041720 0.167010
7 0.262565 0.462809 0.048591 0.152975
24 0.488466 0.664905 0.018897 0.149233
25 0.468465 0.674963 0.021596 0.165606
26 0.442942 0.689933 0.029449 0.191804
27 0.417542 0.693909 0.026750 0.186658
28 0.387111 0.690634 0.028222 0.180109
29 0.348827 0.674261 0.059635 0.176366
30 0.296432 0.641514 0.066261 0.155782
31 0.255325 0.618123 0.050309 0.156718
16 0.510553 0.665840 0.026259 0.152975
17 0.525891 0.674261 0.024541 0.164203
18 0.548346 0.681980 0.023314 0.192740
19 0.575464 0.693675 0.026504 0.193675
20 0.608717 0.692038 0.037548 0.181044
21 0.648474 0.671688 0.069942 0.174027
22 0.696451 0.650168 0.061353 0.168413
23 0.736208 0.606428 0.048591 0.150168
8 0.512393 0.476375 0.027977 0.197885
9 0.539143 0.482457 0.022087 0.161396
10 0.567733 0.460470 0.033130 0.206306
11 0.594483 0.467487 0.035094 0.195079
12 0.624546 0.469124 0.028958 0.185254
13 0.659272 0.470294 0.046873 0.170752
14 0.702832 0.447839 0.046628 0.194143
15 0.732527 0.418132 0.045156 0.149701