0 0.499029 0.485739 0.029372 0.195313
1 0.470556 0.482639 0.022179 0.174231
2 0.442382 0.466518 0.027574 0.220114
3 0.420503 0.477369 0.033568 0.179812
4 0.392779 0.477989 0.029672 0.172371
6 0.323245 0.455667 0.039263 0.163690
7 0.285481 0.431796 0.038664 0.156870
24 0.506072 0.672991 0.024877 0.151910
25 0.488988 0.663070 0.021879 0.165551
26 0.465311 0.685392 0.027274 0.182912
27 0.436838 0.685082 0.035067 0.177331
28 0.409114 0.675471 0.053949 0.170511
29 0.374646 0.647569 0.077327 0.159350
30 0.325043 0.623388 0.085419 0.134549
31 0.289077 0.579055 0.057246 0.116567
16 0.523606 0.678571 0.023378 0.130828
17 0.539940 0.675781 0.027274 0.161210
18 0.560920 0.713604 0.024277 0.157490
19 0.581601 0.703993 0.030871 0.174231
20 0.606328 0.698413 0.054549 0.169271
21 0.647689 0.674541 0.076728 0.146329
22 0.693845 0.650670 0.079125 0.145709
23 0.733408 0.622148 0.061142 0.143229
8 0.531099 0.495350 0.028173 0.162450
9 0.556575 0.496590 0.022179 0.162450
10 0.577405 0.493800 0.036865 0.180432
11 0.600633 0.496280 0.032369 0.176711
12 0.629256 0.495660 0.033269 0.174231
13 0.662525 0.482639 0.043459 0.176711
14 0.702237 0.472718 0.046156 0.171751