0 0.480787 0.502330 0.038096 0.178180
1 0.446997 0.491022 0.034783 0.191201
2 0.408405 0.491365 0.041077 0.227522
3 0.379585 0.510554 0.041077 0.182292
4 0.346624 0.512952 0.038758 0.162418
5 0.304719 0.498904 0.058303 0.178180
6 0.253869 0.500617 0.050684 0.169271
7 0.225877 0.451960 0.047702 0.097999
24 0.495197 0.685307 0.025839 0.150768
25 0.473167 0.698328 0.032795 0.153509
26 0.443353 0.727796 0.028820 0.205592
27 0.414699 0.718202 0.031802 0.165844
28 0.382069 0.722999 0.040083 0.191886
29 0.336851 0.716146 0.072216 0.202851
30 0.284180 0.716146 0.056315 0.222039
31 0.218258 0.680853 0.080166 0.111705
16 0.517888 0.685307 0.022857 0.154879
17 0.541574 0.694559 0.025176 0.169271
18 0.567910 0.710321 0.031470 0.189830
19 0.599380 0.722656 0.030145 0.172012
20 0.631678 0.725055 0.046377 0.165844
21 0.673418 0.712377 0.081491 0.195312
22 0.717476 0.700041 0.052340 0.193942
23 0.781908 0.676741 0.075197 0.117188
8 0.518220 0.479372 0.039421 0.213130
9 0.552671 0.487253 0.030145 0.182292
10 0.589111 0.465666 0.044058 0.232319
11 0.618428 0.500274 0.046377 0.175439
12 0.649235 0.504043 0.037764 0.177495
13 0.690312 0.489995 0.063603 0.187774
14 0.745468 0.495820 0.051346 0.162418
15 0.774785 0.430030 0.051678 0.145970