0 0.482051 0.485500 0.031411 0.165374
1 0.455427 0.488391 0.033206 0.178653
2 0.419828 0.474909 0.048762 0.205292
3 0.401430 0.484033 0.040684 0.191606
4 0.370917 0.488025 0.031112 0.183622
5 0.333523 0.486599 0.054445 0.185333
24 0.478760 0.654254 0.018846 0.135151
25 0.459764 0.668796 0.022137 0.147126
26 0.434187 0.695027 0.032009 0.182482
27 0.406216 0.679060 0.032907 0.171077
28 0.374357 0.676779 0.034402 0.160812
29 0.335617 0.674783 0.054445 0.169366
31 0.247218 0.623175 0.075685 0.120894
16 0.498355 0.655395 0.017351 0.130589
17 0.517650 0.666229 0.025428 0.151118
18 0.540984 0.683907 0.029616 0.180771
19 0.570450 0.680771 0.040684 0.176779
20 0.607844 0.679630 0.040684 0.159672
21 0.654810 0.670221 0.089147 0.160242
22 0.700132 0.654824 0.075087 0.164804
23 0.750090 0.622320 0.069104 0.128307
8 0.510919 0.473198 0.028718 0.179060
9 0.537394 0.470632 0.029616 0.184193
10 0.570899 0.461508 0.048163 0.220689
11 0.599318 0.487169 0.036197 0.184193
12 0.632823 0.482037 0.027821 0.188755
13 0.670366 0.485173 0.046069 0.167655
14 0.717931 0.471772 0.047266 0.181911