0 0.476635 0.468469 0.036134 0.205148
1 0.445391 0.456947 0.022550 0.210207
2 0.414419 0.445706 0.038851 0.249550
3 0.385077 0.472965 0.030701 0.192783
4 0.355056 0.474089 0.030429 0.188287
5 0.318106 0.464254 0.049447 0.197842
6 0.274229 0.467626 0.045915 0.177608
7 0.241973 0.396824 0.043592 0.151721
24 0.480982 0.685701 0.023637 0.177608
25 0.459383 0.685982 0.023365 0.180418
26 0.435475 0.691322 0.031516 0.218076
27 0.406948 0.687950 0.028799 0.202338
28 0.376790 0.681205 0.032059 0.183228
29 0.336853 0.678395 0.058684 0.194469
30 0.284553 0.655351 0.054066 0.177608
31 0.244479 0.639613 0.040210 0.152878
16 0.502309 0.669964 0.023365 0.148381
17 0.522822 0.685139 0.030701 0.168615
18 0.548632 0.706497 0.032874 0.209083
19 0.577159 0.699472 0.032331 0.199528
20 0.604599 0.693008 0.036134 0.173112
21 0.648205 0.694975 0.063575 0.198404
22 0.709877 0.660128 0.070638 0.162433
23 0.761634 0.659566 0.052979 0.152316
8 0.509237 0.470717 0.035047 0.196156
9 0.538715 0.481115 0.033689 0.192221
10 0.569280 0.454137 0.039938 0.225944
11 0.598350 0.485893 0.043198 0.174798
12 0.632719 0.487298 0.036406 0.194469
13 0.672656 0.483082 0.053250 0.187163
14 0.722647 0.475214 0.046187 0.187163
15 0.765573 0.464816 0.045100 0.177608