0 0.490073 0.483047 0.036283 0.189951
1 0.458232 0.479728 0.030360 0.178207
2 0.422442 0.463899 0.038258 0.223141
3 0.399981 0.478962 0.041220 0.183824
4 0.370856 0.476409 0.033815 0.164420
5 0.330500 0.454963 0.053808 0.189951
6 0.281381 0.450878 0.047391 0.171569
7 0.242877 0.428922 0.042454 0.155229
24 0.487604 0.656658 0.022461 0.127655
25 0.466624 0.655382 0.022461 0.141442
26 0.438363 0.667637 0.031594 0.160846
27 0.408497 0.674275 0.037518 0.156761
28 0.380482 0.665850 0.044675 0.166462
29 0.341113 0.652574 0.068124 0.190972
30 0.287182 0.626787 0.067383 0.162888
16 0.508955 0.657935 0.024189 0.121017
17 0.530058 0.667126 0.027891 0.137357
18 0.555235 0.677849 0.032828 0.177185
19 0.588309 0.687296 0.039739 0.168505
20 0.618792 0.675296 0.044922 0.165952
21 0.663468 0.655382 0.074541 0.177185
22 0.717893 0.632659 0.069358 0.162377
8 0.523271 0.482281 0.034556 0.188419
9 0.552643 0.490196 0.029125 0.180760
10 0.585964 0.478196 0.035049 0.221099
11 0.610894 0.488154 0.034062 0.188930
12 0.638662 0.478196 0.036777 0.189440
13 0.678894 0.466708 0.050599 0.191993
14 0.725298 0.459559 0.047144 0.168505
15 0.764173 0.449857 0.038998 0.169526