0 0.481822 0.495527 0.028424 0.166961
1 0.453893 0.493164 0.024056 0.160921
2 0.424047 0.486583 0.030292 0.194463
3 0.402998 0.501444 0.036306 0.174083
4 0.369031 0.497198 0.040093 0.183424
5 0.335397 0.509086 0.049448 0.167289
6 0.297755 0.522673 0.036974 0.174083
7 0.258330 0.524159 0.042320 0.148183
24 0.488975 0.670644 0.018042 0.145635
25 0.467815 0.670219 0.022496 0.158373
26 0.443313 0.681683 0.026060 0.179603
27 0.416474 0.677437 0.036083 0.168563
28 0.387963 0.686141 0.046329 0.180027
29 0.349318 0.678286 0.051452 0.160071
31 0.255546 0.650263 0.079963 0.089589
16 0.509244 0.673191 0.020715 0.149881
17 0.527397 0.679348 0.024056 0.163043
18 0.550784 0.696332 0.026283 0.193614
20 0.606357 0.701002 0.042988 0.182575
21 0.650013 0.688052 0.054571 0.171960
22 0.701020 0.682108 0.059025 0.156675
23 0.744677 0.663213 0.049670 0.149457
8 0.510803 0.488706 0.027842 0.180027
9 0.536974 0.502930 0.024056 0.164317
10 0.564260 0.488281 0.031851 0.204654
11 0.586979 0.511209 0.039424 0.180027
12 0.620501 0.508449 0.042766 0.184698
13 0.656139 0.511209 0.054348 0.189368
14 0.701577 0.512695 0.043656 0.175357