0 0.488317 0.471911 0.034490 0.205925
1 0.459503 0.481620 0.030561 0.185603
2 0.421302 0.482975 0.048897 0.218118
3 0.397399 0.512780 0.040384 0.200054
4 0.369021 0.513909 0.035581 0.194184
5 0.329116 0.526423 0.059290 0.187220
24 0.494713 0.689063 0.023666 0.181250
25 0.481873 0.698698 0.027694 0.208854
26 0.459592 0.716406 0.030463 0.221354
27 0.428688 0.724931 0.030709 0.208620
28 0.402024 0.731799 0.041707 0.201751
29 0.360940 0.731799 0.063701 0.194883
30 0.309585 0.727292 0.057684 0.174708
31 0.245742 0.696166 0.083125 0.106412
6 0.280142 0.535201 0.057732 0.167026
7 0.236843 0.493669 0.060987 0.107310
8 0.521859 0.476950 0.032321 0.200239
9 0.551969 0.477477 0.026877 0.190738
10 0.585395 0.471319 0.043378 0.223466
11 0.607169 0.489091 0.034532 0.218187
12 0.637023 0.505983 0.033001 0.180884
13 0.675128 0.507918 0.053414 0.187570
16 0.513184 0.682116 0.022454 0.177013
17 0.534872 0.695312 0.023645 0.195664
18 0.558263 0.718891 0.025857 0.225225
19 0.585905 0.725577 0.034532 0.216075
20 0.613803 0.723818 0.034872 0.197072
21 0.653354 0.720650 0.058518 0.180180
22 0.701155 0.710445 0.053414 0.176661
23 0.760862 0.691202 0.076439 0.129267
14 0.724463 0.509068 0.058542 0.189194
15 0.754492 0.521775 0.034883 0.158760