8 0.516707 0.472186 0.027483 0.207379
9 0.541916 0.480162 0.022935 0.188154
10 0.568905 0.465846 0.031042 0.221695
13 0.658472 0.462574 0.052791 0.193063
14 0.699499 0.459915 0.043498 0.172202
16 0.502768 0.664022 0.019376 0.140298
17 0.522243 0.679156 0.020761 0.182837
18 0.544388 0.695108 0.028669 0.186109
19 0.569399 0.681814 0.032030 0.192245
20 0.599650 0.678951 0.041126 0.191427
21 0.642654 0.676088 0.069004 0.157886
22 0.696635 0.641934 0.071574 0.138662
0 0.485413 0.470204 0.032742 0.200715
2 0.429067 0.465841 0.032542 0.209441
3 0.401347 0.476438 0.035756 0.194897
5 0.345102 0.456075 0.041782 0.171626
6 0.306534 0.444024 0.038970 0.162483
24 0.485513 0.663855 0.018079 0.147523
25 0.466430 0.658245 0.021293 0.151263
26 0.442827 0.679023 0.027118 0.184508
28 0.392106 0.672997 0.044192 0.188248
29 0.351932 0.646401 0.069101 0.169963
30 0.308443 0.621051 0.056647 0.156250