8 0.511281 0.477443 0.028988 0.181558
9 0.540925 0.475072 0.026195 0.188764
10 0.567884 0.464686 0.030342 0.212247
11 0.594297 0.467169 0.034272 0.210892
12 0.619728 0.494942 0.034053 0.147218
13 0.651599 0.466266 0.048024 0.190119
0 0.480131 0.479814 0.030342 0.183797
1 0.450116 0.479814 0.029688 0.177475
2 0.423703 0.469653 0.030997 0.217666
3 0.398381 0.477330 0.031434 0.205022
16 0.510474 0.668353 0.019428 0.158056
17 0.532958 0.668804 0.023357 0.159863
18 0.556751 0.687094 0.026413 0.196441
19 0.581964 0.673546 0.029251 0.185603
20 0.608705 0.667901 0.044750 0.176120
21 0.645377 0.653450 0.068762 0.173410
22 0.697137 0.643229 0.073838 0.166356
23 0.743169 0.630597 0.054298 0.169854
14 0.697983 0.468322 0.043964 0.173352
15 0.736968 0.465019 0.046031 0.177627
4 0.374267 0.487362 0.034654 0.171415
5 0.342389 0.491268 0.049982 0.170037
6 0.298849 0.486903 0.041541 0.168658
7 0.263084 0.488281 0.041541 0.163143
31 0.255976 0.644991 0.070419 0.153952
30 0.314621 0.652574 0.067754 0.159926
29 0.362493 0.663603 0.067532 0.172794
24 0.490427 0.666271 0.019470 0.157650
25 0.468640 0.674451 0.022498 0.159574
26 0.445439 0.682139 0.024708 0.176612
27 0.420430 0.678399 0.034550 0.181599
28 0.399137 0.675698 0.039371 0.184508