8 0.497469 0.494945 0.030617 0.170956
9 0.525554 0.486443 0.024590 0.170496
10 0.554846 0.465763 0.036403 0.201746
11 0.587753 0.466452 0.039537 0.199449
12 0.617285 0.475184 0.033992 0.179228
13 0.656220 0.453355 0.050145 0.210018
14 0.695034 0.459789 0.038573 0.162224
16 0.489995 0.671186 0.021938 0.124540
17 0.511331 0.675322 0.021697 0.143842
18 0.537970 0.689338 0.032546 0.181066
19 0.566659 0.683594 0.032064 0.167739
20 0.594503 0.675551 0.050627 0.163603
21 0.637777 0.659237 0.077387 0.158548
22 0.687199 0.635110 0.080280 0.151654
0 0.466008 0.503906 0.031340 0.156710
1 0.439730 0.499540 0.024108 0.159007
2 0.413091 0.491039 0.027724 0.177849
3 0.386933 0.489660 0.030858 0.170496
24 0.473722 0.675781 0.018322 0.116268
25 0.458414 0.661535 0.022420 0.107077
26 0.429243 0.707721 0.042189 0.197610
27 0.408751 0.692325 0.035921 0.178768
28 0.382231 0.682471 0.043810 0.167026
29 0.347725 0.662491 0.067599 0.165679
30 0.302737 0.645205 0.071368 0.150862
31 0.265993 0.599407 0.052996 0.134698
4 0.362446 0.483118 0.028265 0.176904
5 0.330766 0.486485 0.042632 0.158495
6 0.290607 0.475934 0.040984 0.153556
23 0.721668 0.598166 0.047755 0.139266
7 0.259085 0.460009 0.036111 0.116914