0 0.491992 0.462983 0.032228 0.216787
1 0.462433 0.466459 0.026494 0.195108
2 0.433270 0.439668 0.032228 0.244601
3 0.408950 0.459710 0.036973 0.187336
4 0.381369 0.447644 0.034799 0.191836
24 0.493772 0.669748 0.021551 0.154205
25 0.471034 0.671180 0.024319 0.169339
26 0.444342 0.676702 0.030646 0.195926
27 0.416661 0.658091 0.038555 0.182428
28 0.388981 0.651137 0.046859 0.187336
8 0.523529 0.467277 0.030844 0.207379
9 0.551704 0.466255 0.023924 0.198789
10 0.580175 0.441509 0.029460 0.253190
11 0.604198 0.463187 0.035589 0.190200
16 0.517795 0.679769 0.028076 0.175065
17 0.538654 0.672611 0.024319 0.170566
18 0.568015 0.676497 0.036776 0.190609
19 0.592631 0.659318 0.036578 0.170157
20 0.619440 0.651693 0.040492 0.178385
21 0.658149 0.621745 0.067556 0.174913
22 0.704935 0.588976 0.065878 0.163194
12 0.630035 0.460286 0.033149 0.169705
13 0.662345 0.435113 0.047835 0.194010
14 0.699480 0.419922 0.053290 0.173177
15 0.735985 0.404080 0.062941 0.171007
5 0.345516 0.438200 0.049977 0.188511
6 0.301457 0.413518 0.050540 0.188899
7 0.265384 0.399137 0.064819 0.174129
29 0.354534 0.628071 0.064256 0.174907
30 0.296572 0.595033 0.076092 0.166356
31 0.253171 0.566853 0.059934 0.162080