8 0.504527 0.473627 0.031510 0.177150
9 0.532550 0.467406 0.027421 0.177647
10 0.560211 0.453971 0.031270 0.194566
11 0.580657 0.447004 0.042816 0.191580
12 0.608559 0.445263 0.044259 0.183121
13 0.649691 0.422621 0.053399 0.193571
14 0.694070 0.413664 0.056045 0.158738
0 0.473137 0.476363 0.030308 0.181628
1 0.444874 0.475119 0.026219 0.176154
2 0.417573 0.463674 0.031270 0.190088
3 0.393639 0.450488 0.034878 0.190585
16 0.504046 0.659236 0.022370 0.148288
17 0.522086 0.665207 0.022851 0.171178
18 0.545057 0.666451 0.030789 0.186604
19 0.571998 0.663465 0.034637 0.160729
20 0.602546 0.661724 0.054361 0.167197
21 0.645843 0.635102 0.080821 0.162719
22 0.694672 0.584843 0.072642 0.149781
24 0.485765 0.658240 0.021408 0.142317
25 0.467845 0.659982 0.023573 0.162719
26 0.441145 0.663217 0.030308 0.177150
27 0.415769 0.671676 0.031029 0.172174
28 0.384377 0.649351 0.042914 0.158279
29 0.347594 0.632102 0.070379 0.172484
30 0.305906 0.591772 0.057137 0.154728
31 0.250853 0.563870 0.060815 0.097910
4 0.366108 0.445668 0.034822 0.168933
5 0.331287 0.422585 0.043650 0.193791
6 0.290947 0.418527 0.043895 0.159294
7 0.279912 0.335329 0.049290 0.098417
15 0.707558 0.331274 0.065575 0.118702
23 0.748688 0.571705 0.065868 0.095688