0 0.486141 0.481129 0.029896 0.170592
1 0.457630 0.473958 0.025145 0.181159
2 0.428031 0.465089 0.029698 0.217014
3 0.403481 0.482828 0.037222 0.170969
4 0.373782 0.461126 0.034054 0.189463
5 0.336165 0.458107 0.048309 0.187198
8 0.515542 0.482828 0.027718 0.167950
9 0.542172 0.471694 0.023561 0.183424
10 0.569593 0.479242 0.028510 0.181159
24 0.491190 0.653797 0.019799 0.134737
25 0.470005 0.666063 0.024551 0.169082
26 0.442484 0.670403 0.028510 0.186821
27 0.412390 0.670026 0.032074 0.174743
28 0.379029 0.659835 0.042172 0.157382
29 0.336165 0.669460 0.064940 0.197011
16 0.512572 0.655118 0.020591 0.140399
17 0.536430 0.659647 0.023561 0.156250
18 0.565039 0.668516 0.027718 0.192104
19 0.598849 0.672061 0.034934 0.182664
20 0.631831 0.660156 0.040398 0.154390
21 0.672814 0.662946 0.060304 0.192708
22 0.716462 0.648810 0.049375 0.175595
11 0.598361 0.479911 0.037080 0.169643
12 0.628415 0.472098 0.034348 0.178571
13 0.668228 0.462240 0.046838 0.182664
14 0.705601 0.463170 0.046643 0.177827
15 0.746554 0.458947 0.041767 0.156748
23 0.768873 0.640824 0.070742 0.105494
6 0.292598 0.454072 0.050671 0.187500
7 0.247019 0.482008 0.049429 0.139205
30 0.290487 0.656013 0.056880 0.163352
31 0.230750 0.628314 0.077000 0.101326