0 0.473916 0.472216 0.034041 0.207416
1 0.449449 0.463963 0.024999 0.198614
2 0.423386 0.453785 0.029254 0.205766
3 0.399318 0.455711 0.026329 0.182108
4 0.376580 0.455161 0.031382 0.165603
8 0.505963 0.466164 0.030052 0.211818
9 0.532424 0.465614 0.025531 0.210717
10 0.559285 0.451585 0.029254 0.225572
11 0.586544 0.459012 0.038030 0.187610
12 0.611676 0.456261 0.035637 0.187610
13 0.647446 0.451860 0.048668 0.172205
14 0.690396 0.422425 0.046275 0.177157
24 0.501186 0.669748 0.020167 0.150933
25 0.481316 0.673429 0.021551 0.156659
26 0.455019 0.685700 0.031042 0.199198
27 0.427042 0.669953 0.035985 0.180792
16 0.518882 0.671384 0.022342 0.158295
17 0.537567 0.672407 0.026890 0.166885
18 0.560799 0.677315 0.025506 0.193881
19 0.589072 0.680792 0.030646 0.184473
20 0.619521 0.667498 0.046464 0.187336
21 0.658365 0.639337 0.078542 0.180768
22 0.704767 0.603807 0.080952 0.187001
23 0.739318 0.558718 0.057651 0.153341
15 0.720938 0.367977 0.061066 0.123421
5 0.343590 0.417720 0.042348 0.200506
6 0.308445 0.412527 0.048461 0.164830
7 0.281159 0.382948 0.053700 0.130961
28 0.402092 0.647128 0.042785 0.167088
29 0.363236 0.631548 0.078148 0.186507
30 0.319142 0.599711 0.079458 0.180636
31 0.277775 0.545069 0.074874 0.139090