0 0.485535 0.478401 0.030858 0.189338
1 0.455882 0.473805 0.026037 0.185662
2 0.424301 0.444164 0.034716 0.244945
3 0.398626 0.470818 0.036403 0.191636
4 0.366201 0.475873 0.031823 0.181526
8 0.516755 0.477252 0.030135 0.199908
9 0.545082 0.463465 0.026037 0.208180
10 0.576061 0.438419 0.036885 0.269301
11 0.606919 0.470358 0.039296 0.201746
12 0.639947 0.476730 0.037850 0.178309
13 0.680810 0.450306 0.050145 0.185202
16 0.513380 0.655331 0.021456 0.126838
17 0.535439 0.672335 0.025072 0.164522
18 0.559426 0.697840 0.033028 0.199908
19 0.588717 0.695542 0.038573 0.182445
20 0.624156 0.691866 0.055448 0.194393
24 0.494696 0.666131 0.018804 0.136489
25 0.474204 0.674403 0.024108 0.163143
26 0.443708 0.694393 0.033992 0.209559
27 0.418394 0.695542 0.033028 0.203585
28 0.386813 0.678768 0.044118 0.176471
29 0.343504 0.670836 0.066806 0.191926
30 0.297901 0.644870 0.058514 0.175217
5 0.329409 0.458363 0.046195 0.189668
6 0.286056 0.446848 0.045248 0.168443
14 0.723525 0.452178 0.045455 0.181818
21 0.669771 0.673059 0.080725 0.182292
23 0.758796 0.607244 0.074764 0.151989
15 0.752010 0.375977 0.050835 0.095403