8 0.502528 0.475599 0.030605 0.186181
9 0.532468 0.464945 0.028742 0.192269
10 0.562673 0.443892 0.035927 0.219156
11 0.592213 0.445921 0.044443 0.194805
12 0.623616 0.439073 0.036459 0.181108
13 0.661140 0.413707 0.054024 0.190239
14 0.706382 0.402039 0.053492 0.177050
16 0.507718 0.673701 0.023419 0.136972
17 0.525415 0.667360 0.035927 0.146611
18 0.555088 0.679282 0.048967 0.199878
19 0.590217 0.644278 0.057484 0.162338
20 0.624548 0.622463 0.056951 0.151177
21 0.666197 0.599635 0.075846 0.163352
22 0.716228 0.576552 0.071056 0.162845
23 0.767458 0.548397 0.073983 0.110593
0 0.469262 0.470779 0.032201 0.204951
1 0.442383 0.467482 0.030072 0.190239
2 0.410448 0.456067 0.032201 0.203937
3 0.379844 0.466721 0.035927 0.183644
5 0.340723 0.449472 0.051363 0.184659
6 0.294683 0.429941 0.047637 0.184152
24 0.490552 0.667614 0.021556 0.148133
25 0.472722 0.672940 0.028476 0.138494
26 0.442250 0.686638 0.037790 0.180093
27 0.418698 0.663048 0.040185 0.173498
28 0.376251 0.650365 0.055887 0.143060
29 0.340856 0.631849 0.070790 0.169947
30 0.297211 0.614600 0.058016 0.161830
31 0.246789 0.593800 0.067088 0.107982