8 0.517112 0.475596 0.031688 0.194104
9 0.547638 0.481435 0.024717 0.181620
10 0.579855 0.462709 0.041829 0.224710
11 0.601403 0.487073 0.040561 0.180815
12 0.632669 0.487073 0.035913 0.180815
13 0.670589 0.481033 0.051335 0.187258
16 0.514260 0.670506 0.018802 0.158666
17 0.535702 0.668694 0.022393 0.166318
18 0.560102 0.693863 0.029365 0.202159
19 0.583763 0.690238 0.032322 0.192494
20 0.611860 0.682587 0.035702 0.161082
21 0.656118 0.676345 0.064222 0.170345
0 0.484050 0.476401 0.031477 0.194910
1 0.454791 0.477811 0.025773 0.200145
2 0.422469 0.467945 0.044364 0.222294
24 0.496197 0.670103 0.019013 0.153028
25 0.476234 0.682788 0.020069 0.173566
26 0.452467 0.699501 0.026618 0.210213
27 0.427222 0.695272 0.032745 0.204977
28 0.398461 0.699458 0.042489 0.183355
29 0.354717 0.680166 0.065741 0.171556
30 0.303752 0.674493 0.060800 0.176425
31 0.244641 0.645948 0.072735 0.113324
3 0.401594 0.495493 0.039407 0.178142
4 0.370744 0.495278 0.036255 0.175137
5 0.333476 0.485620 0.046388 0.188444
6 0.287989 0.478537 0.045487 0.194025
7 0.244078 0.487337 0.045938 0.176425
14 0.715164 0.468301 0.045930 0.185884
15 0.757207 0.477730 0.051347 0.149066
22 0.710571 0.655981 0.070661 0.176904
23 0.766747 0.667205 0.074666 0.125718