8 0.512966 0.480469 0.033044 0.187174
9 0.541682 0.485352 0.032257 0.177409
10 0.571874 0.462769 0.036781 0.227458
11 0.599607 0.472127 0.045042 0.199788
12 0.627832 0.457275 0.046025 0.193685
14 0.720473 0.435710 0.046025 0.189616
16 0.512179 0.641398 0.021242 0.152588
17 0.531553 0.670085 0.026946 0.128581
18 0.565974 0.692261 0.042288 0.173747
19 0.588298 0.674154 0.035011 0.148926
20 0.620850 0.662964 0.037961 0.155843
21 0.669039 0.651774 0.080839 0.183105
22 0.714055 0.624163 0.068978 0.162628
23 0.769545 0.597656 0.067436 0.159837
15 0.764535 0.437420 0.042003 0.140705
0 0.480229 0.481847 0.032877 0.202665
1 0.448241 0.477482 0.032433 0.180147
2 0.418918 0.458180 0.035099 0.227022
3 0.390483 0.471048 0.037764 0.165441
4 0.361494 0.457491 0.031766 0.157629
5 0.322508 0.434743 0.051537 0.182904
24 0.490559 0.639476 0.024658 0.144761
25 0.469677 0.661765 0.024214 0.116728
26 0.444353 0.666590 0.035765 0.153952
27 0.411365 0.665901 0.044429 0.159926
28 0.382153 0.644072 0.049538 0.151195
29 0.339390 0.637178 0.073307 0.181526
30 0.285854 0.608915 0.073752 0.161765
6 0.275635 0.422564 0.046650 0.164062
7 0.234539 0.433594 0.041319 0.143842
13 0.673141 0.450921 0.053257 0.209001