8 0.504830 0.459821 0.028981 0.196429
9 0.533080 0.461775 0.026932 0.195871
10 0.557963 0.443638 0.031616 0.225446
11 0.582114 0.450893 0.038934 0.197545
12 0.614754 0.448382 0.036300 0.195871
0 0.476581 0.474888 0.033372 0.209821
1 0.448039 0.497768 0.027225 0.174107
2 0.422278 0.489676 0.033080 0.194754
3 0.400468 0.490513 0.035129 0.174107
4 0.372658 0.479632 0.035129 0.188058
6 0.294204 0.441127 0.045667 0.183594
7 0.252927 0.426897 0.049766 0.139509
24 0.495299 0.687040 0.016635 0.146140
25 0.479870 0.693934 0.023385 0.160846
26 0.458775 0.705423 0.027965 0.199449
27 0.430207 0.707950 0.032546 0.166820
28 0.398023 0.705423 0.059306 0.168199
29 0.360294 0.684972 0.080762 0.179688
30 0.312078 0.648438 0.074012 0.169118
16 0.512054 0.685892 0.016876 0.142004
17 0.532064 0.686581 0.021697 0.164522
18 0.550145 0.703355 0.031340 0.215533
19 0.582329 0.692325 0.043635 0.180607
20 0.604508 0.678309 0.067261 0.169118
21 0.644407 0.658548 0.073288 0.176471
22 0.691659 0.622932 0.068467 0.158548
13 0.644286 0.443244 0.058100 0.184283
14 0.693467 0.423713 0.046528 0.175551
15 0.739031 0.430836 0.046528 0.163143
31 0.258041 0.589048 0.072838 0.116262
5 0.338647 0.449557 0.049374 0.211614