8 0.511750 0.490359 0.037278 0.182846
9 0.543469 0.487658 0.033136 0.184092
10 0.573879 0.484333 0.035098 0.204039
11 0.605707 0.487866 0.034662 0.188664
12 0.641350 0.496800 0.035316 0.150017
14 0.697593 0.485645 0.057115 0.147108
15 0.742501 0.471659 0.043164 0.162068
16 0.489296 0.682555 0.023326 0.158328
17 0.511314 0.687749 0.022890 0.162068
18 0.535512 0.690866 0.030302 0.182430
19 0.564288 0.677360 0.042946 0.169548
20 0.603309 0.679854 0.059949 0.161237
21 0.646473 0.665101 0.072157 0.162483
22 0.698356 0.656375 0.058205 0.161652
0 0.475682 0.495557 0.034962 0.185501
1 0.443827 0.502962 0.027581 0.178836
2 0.414206 0.492780 0.034380 0.218454
3 0.385848 0.508886 0.035545 0.177355
4 0.354382 0.514625 0.035545 0.162174
5 0.318157 0.501481 0.048947 0.174393
24 0.471409 0.682353 0.022531 0.146623
25 0.452762 0.680317 0.033020 0.155880
26 0.427026 0.715121 0.037487 0.170690
27 0.405466 0.695312 0.045257 0.158472
28 0.375651 0.694942 0.048947 0.154028
29 0.334861 0.679206 0.067205 0.154399
30 0.285671 0.672164 0.056770 0.157407
31 0.224761 0.631922 0.075482 0.102848
7 0.273916 0.500890 0.048765 0.157239