8 0.521328 0.494781 0.031496 0.158464
9 0.546938 0.497944 0.032566 0.162260
10 0.577975 0.478334 0.038682 0.216662
11 0.597469 0.500633 0.036694 0.174595
12 0.623384 0.505851 0.035930 0.161627
13 0.656179 0.509173 0.047397 0.161943
14 0.694402 0.511387 0.038223 0.156883
15 0.730537 0.519609 0.037463 0.154071
0 0.490124 0.491179 0.032079 0.160870
1 0.459021 0.496543 0.039770 0.164201
2 0.428525 0.481851 0.042610 0.215708
3 0.411063 0.508124 0.036428 0.179065
4 0.386416 0.510198 0.032250 0.163855
16 0.516670 0.675781 0.018381 0.167312
17 0.531040 0.677855 0.022391 0.181831
18 0.553599 0.694621 0.026067 0.206374
19 0.578079 0.702053 0.026569 0.174917
20 0.600581 0.698709 0.032109 0.170969
21 0.633237 0.695501 0.051082 0.160024
22 0.682495 0.678895 0.057650 0.147947
5 0.351128 0.512799 0.053031 0.168717
6 0.312560 0.513838 0.038970 0.162483
7 0.273691 0.500748 0.047205 0.162899
24 0.497608 0.659759 0.019674 0.141748
25 0.480359 0.672782 0.025120 0.172991
26 0.461056 0.702602 0.031358 0.209612
27 0.433828 0.717773 0.026132 0.194615
28 0.412923 0.714809 0.034898 0.182408
29 0.378025 0.702951 0.057152 0.169852
30 0.331241 0.698417 0.061704 0.162179
31 0.287460 0.671214 0.052607 0.132152