8 0.503954 0.457256 0.032030 0.226603
9 0.534205 0.470754 0.030053 0.193063
10 0.561787 0.440281 0.031437 0.242556
11 0.589468 0.454188 0.036578 0.202471
12 0.612206 0.463187 0.039742 0.174656
13 0.650168 0.445394 0.053977 0.200425
14 0.698807 0.435373 0.050814 0.194290
15 0.742700 0.427192 0.046859 0.167294
16 0.497164 0.657859 0.018639 0.122049
17 0.516451 0.664733 0.026419 0.146526
18 0.540439 0.674960 0.028688 0.172344
19 0.568154 0.674457 0.031930 0.174692
20 0.597166 0.665068 0.051703 0.182068
21 0.637848 0.644783 0.078608 0.177039
22 0.689701 0.633608 0.078704 0.174917
23 0.744843 0.620644 0.062996 0.164892
0 0.472746 0.468492 0.030639 0.210422
1 0.445402 0.468861 0.024048 0.183889
2 0.418771 0.445276 0.029214 0.222951
3 0.396326 0.453383 0.035627 0.200840
4 0.370764 0.462596 0.035449 0.166937
5 0.338344 0.450066 0.046137 0.186100
24 0.479515 0.654407 0.021376 0.137824
25 0.457604 0.660672 0.021376 0.147406
26 0.433734 0.673570 0.026364 0.188679
27 0.406658 0.668411 0.031352 0.173939
28 0.385015 0.659382 0.039368 0.165463
29 0.339642 0.646200 0.077029 0.174140
30 0.295851 0.620335 0.073739 0.164766
31 0.247616 0.615151 0.062821 0.149215
6 0.296209 0.438537 0.046176 0.171431
7 0.257191 0.435575 0.040449 0.161804