8 0.508438 0.468750 0.030376 0.213235
9 0.535318 0.458640 0.029653 0.217831
10 0.567261 0.444393 0.033751 0.245404
11 0.596673 0.470129 0.039055 0.171875
12 0.627652 0.457491 0.034474 0.188879
13 0.666586 0.442785 0.048698 0.199908
14 0.713717 0.418658 0.046528 0.202206
16 0.509643 0.691636 0.020251 0.178309
17 0.529773 0.690257 0.027724 0.176471
18 0.557377 0.710478 0.038091 0.218750
19 0.582570 0.684513 0.041707 0.187960
20 0.616924 0.676700 0.052555 0.181526
21 0.657666 0.656939 0.067985 0.180607
22 0.707570 0.625460 0.065092 0.172794
23 0.755862 0.583712 0.067960 0.119165
0 0.477397 0.470407 0.031793 0.215436
1 0.447466 0.458333 0.029558 0.220644
2 0.415797 0.459991 0.039245 0.242898
3 0.389965 0.473958 0.036761 0.203598
4 0.360407 0.473485 0.034277 0.189394
5 0.319921 0.466619 0.046200 0.199337
6 0.273969 0.450994 0.047193 0.190814
24 0.491679 0.683949 0.025584 0.185133
25 0.474044 0.696970 0.029558 0.190341
26 0.445852 0.709754 0.033780 0.206439
27 0.418654 0.700047 0.035022 0.190814
28 0.387606 0.702178 0.044461 0.199811
29 0.344635 0.679924 0.064829 0.182765
30 0.287009 0.657197 0.072280 0.181818