0 0.478320 0.465655 0.033262 0.212107
1 0.448325 0.489621 0.029500 0.163421
2 0.414073 0.478676 0.043755 0.214749
3 0.390116 0.496226 0.040588 0.186443
4 0.363784 0.498679 0.035440 0.187575
5 0.322800 0.504340 0.059199 0.176253
8 0.507029 0.468486 0.033262 0.213995
9 0.538014 0.485092 0.035440 0.178518
24 0.490002 0.677574 0.021383 0.134737
25 0.470797 0.682669 0.022571 0.153986
26 0.443969 0.716259 0.031480 0.192482
27 0.412786 0.723241 0.033262 0.162666
28 0.384771 0.723996 0.049299 0.162666
29 0.350915 0.713806 0.061574 0.170214
16 0.508514 0.678895 0.020789 0.138889
17 0.527520 0.686066 0.027520 0.157760
18 0.555932 0.702861 0.031678 0.189085
19 0.583749 0.709277 0.029896 0.158892
20 0.609686 0.704559 0.039400 0.166818
21 0.649382 0.693237 0.062168 0.161534
22 0.696900 0.680782 0.066920 0.150966
10 0.575335 0.468486 0.046725 0.204937
11 0.596915 0.485658 0.039994 0.175121
12 0.628000 0.478110 0.035242 0.187198
13 0.669775 0.480941 0.055041 0.180782
15 0.737586 0.469380 0.042172 0.185311
23 0.742749 0.651709 0.071809 0.118857
14 0.286667 0.501579 0.036624 0.173703
15 0.249390 0.498462 0.039676 0.161652
30 0.306941 0.710605 0.061475 0.167886
31 0.255712 0.673828 0.072811 0.128408