8 0.529291 0.473116 0.031099 0.221967
9 0.560029 0.477482 0.025072 0.181066
10 0.594624 0.454909 0.042671 0.239890
11 0.618129 0.486213 0.034233 0.173713
12 0.647059 0.485294 0.033269 0.178309
13 0.682859 0.476562 0.048457 0.176471
14 0.723843 0.478631 0.036885 0.174173
15 0.756509 0.473575 0.040019 0.155790
16 0.518322 0.689568 0.027483 0.167739
17 0.537850 0.693244 0.024590 0.186121
18 0.571119 0.716682 0.051591 0.219210
19 0.599204 0.706342 0.057618 0.217831
20 0.622469 0.682904 0.048698 0.166360
21 0.662970 0.676471 0.078110 0.179228
0 0.495178 0.473575 0.033751 0.220129
1 0.464200 0.478860 0.028689 0.185662
24 0.496866 0.694623 0.021215 0.183364
25 0.474446 0.677160 0.025072 0.158548
26 0.435022 0.720157 0.055220 0.237189
27 0.414243 0.704763 0.042306 0.196573
28 0.385158 0.686492 0.039662 0.158350
29 0.343072 0.685022 0.082849 0.194052
2 0.427243 0.466818 0.059492 0.229755
3 0.398819 0.496010 0.051560 0.184812
4 0.367200 0.492019 0.042085 0.187752
5 0.333928 0.479839 0.056187 0.208753
6 0.287326 0.491389 0.044068 0.183132
7 0.248975 0.469256 0.045273 0.169876
30 0.288529 0.658521 0.074819 0.150799
31 0.245997 0.627862 0.067909 0.160338
23 0.755821 0.619178 0.081706 0.122910