0 0.492091 0.487525 0.031240 0.202062
1 0.461939 0.489161 0.027878 0.185700
2 0.432182 0.484457 0.033217 0.227012
3 0.406874 0.500409 0.033612 0.194290
4 0.380380 0.510226 0.040730 0.191018
5 0.349041 0.527201 0.053186 0.169339
24 0.491399 0.673838 0.021947 0.163204
25 0.470046 0.686109 0.021947 0.163204
26 0.447506 0.712083 0.027088 0.211878
27 0.419825 0.720059 0.028274 0.187745
28 0.392441 0.719241 0.039544 0.177929
29 0.358730 0.722513 0.058723 0.170566
8 0.525703 0.493046 0.034403 0.194290
9 0.555460 0.493660 0.027483 0.189791
10 0.583932 0.490797 0.031833 0.219241
16 0.511171 0.671998 0.020365 0.176702
17 0.531734 0.689382 0.023133 0.168112
18 0.556548 0.708606 0.028472 0.201652
19 0.581955 0.708402 0.028274 0.182428
20 0.610032 0.716064 0.035601 0.184733
21 0.642682 0.715658 0.054876 0.168457
22 0.687233 0.706299 0.055860 0.159505
23 0.730111 0.680868 0.055073 0.142822
11 0.608852 0.511597 0.028127 0.188395
12 0.633831 0.509155 0.033240 0.198161
13 0.665007 0.524821 0.054680 0.165202
14 0.702869 0.521362 0.052516 0.163981
6 0.313062 0.524435 0.041179 0.168717
7 0.276704 0.535447 0.043590 0.156666
30 0.311054 0.714553 0.058856 0.164977