8 0.507894 0.447004 0.027181 0.238356
9 0.533632 0.460689 0.022370 0.192078
10 0.557325 0.440535 0.028383 0.222432
11 0.579334 0.440535 0.033916 0.210490
12 0.603869 0.448497 0.033916 0.184614
13 0.640190 0.428842 0.052678 0.202030
14 0.683968 0.423119 0.043537 0.200537
16 0.502482 0.697054 0.017319 0.158240
17 0.520643 0.705762 0.020446 0.171676
18 0.539525 0.718451 0.023573 0.210987
19 0.560332 0.697303 0.031991 0.195561
20 0.589437 0.678891 0.054602 0.174662
21 0.624916 0.662221 0.080821 0.183121
23 0.731354 0.599771 0.086834 0.110967
0 0.480593 0.468402 0.026459 0.207504
1 0.456901 0.458449 0.023813 0.201533
2 0.433929 0.450736 0.028383 0.234873
3 0.413618 0.452940 0.032709 0.226993
4 0.388194 0.463706 0.028249 0.185778
5 0.359945 0.448327 0.046685 0.190699
6 0.319207 0.450172 0.045496 0.161171
7 0.285754 0.432025 0.044009 0.164247
24 0.484183 0.692218 0.016430 0.153713
25 0.467140 0.695769 0.016185 0.144582
26 0.448135 0.708705 0.024277 0.190747
27 0.424962 0.712510 0.031879 0.213575
28 0.400685 0.705154 0.043159 0.201907
29 0.362798 0.687145 0.073812 0.201400
30 0.314734 0.659243 0.078226 0.188210
31 0.274395 0.614600 0.060815 0.156757