8 0.543854 0.481318 0.034054 0.134737
9 0.567415 0.481695 0.025343 0.170969
10 0.596816 0.498302 0.036628 0.189840
11 0.622010 0.530759 0.037222 0.152098
12 0.650570 0.528872 0.035242 0.160402
16 0.533955 0.683235 0.024155 0.150589
17 0.553655 0.688519 0.024749 0.172479
18 0.579492 0.708333 0.028510 0.190972
19 0.608894 0.710032 0.033856 0.164931
20 0.640473 0.722486 0.052269 0.188330
21 0.686791 0.712697 0.080616 0.171274
22 0.738921 0.698747 0.075887 0.167411
23 0.781931 0.663547 0.068681 0.140797
13 0.689718 0.524897 0.049991 0.166552
14 0.735205 0.525112 0.042335 0.152387
15 0.778891 0.512878 0.046388 0.151957
0 0.509183 0.479750 0.027558 0.136943
1 0.482217 0.490077 0.031327 0.152209
2 0.443000 0.494567 0.058413 0.198904
3 0.416855 0.518364 0.056058 0.179149
4 0.385175 0.534977 0.046872 0.174659
5 0.336183 0.531385 0.070426 0.161189
24 0.515428 0.672593 0.024731 0.157148
25 0.493640 0.683145 0.030620 0.161189
26 0.468438 0.702901 0.036273 0.193517
27 0.432518 0.724901 0.042161 0.184537
28 0.398954 0.743310 0.041926 0.198006
29 0.348902 0.726248 0.087385 0.192619
30 0.289790 0.716775 0.079715 0.186298
31 0.239349 0.695098 0.068907 0.182435
6 0.292267 0.535199 0.048640 0.172562
7 0.244303 0.511161 0.050892 0.179430