0 0.484973 0.497750 0.032030 0.175884
1 0.457787 0.498568 0.035787 0.161976
2 0.433369 0.499591 0.031240 0.187745
3 0.413893 0.511044 0.033019 0.168112
4 0.389178 0.512884 0.034205 0.163613
8 0.516015 0.500818 0.034008 0.165658
9 0.531734 0.505317 0.029856 0.158295
10 0.558723 0.488956 0.035985 0.185291
11 0.574639 0.497955 0.038555 0.177111
12 0.602616 0.510226 0.034008 0.163204
24 0.484677 0.682019 0.022738 0.129663
26 0.447901 0.689791 0.031437 0.171384
27 0.422494 0.707174 0.026890 0.152978
28 0.400448 0.709629 0.038160 0.163613
16 0.500099 0.673838 0.024319 0.135389
17 0.522935 0.686927 0.029658 0.149296
18 0.551209 0.694699 0.036776 0.164022
19 0.574639 0.706970 0.037369 0.166476
20 0.602715 0.705743 0.051209 0.158295
21 0.637853 0.698328 0.066916 0.145970
22 0.696404 0.687706 0.067744 0.133635
14 0.686715 0.518777 0.058965 0.163103
5 0.358299 0.515132 0.050863 0.166104
30 0.303693 0.685459 0.068554 0.138654