8 0.530264 0.487311 0.030548 0.177647
9 0.556844 0.464421 0.025978 0.197552
10 0.582942 0.438794 0.031510 0.227906
12 0.623112 0.431578 0.033435 0.195561
13 0.658711 0.437799 0.042575 0.168193
0 0.498874 0.475866 0.031270 0.196557
1 0.469769 0.473129 0.027421 0.190088
2 0.443791 0.453225 0.033194 0.208997
3 0.418775 0.467406 0.037043 0.179638
4 0.387746 0.457454 0.036562 0.183619
24 0.497191 0.675159 0.021167 0.164212
25 0.478429 0.666949 0.026459 0.149781
26 0.457742 0.698298 0.033675 0.201533
27 0.431524 0.689590 0.030789 0.184116
28 0.407230 0.675408 0.033675 0.183619
16 0.514990 0.671178 0.022129 0.167197
17 0.532790 0.669934 0.021648 0.153762
18 0.559129 0.695561 0.034397 0.205016
19 0.583423 0.665207 0.035840 0.163217
20 0.611205 0.667446 0.037524 0.172671
21 0.646324 0.666700 0.066388 0.178145
22 0.693785 0.651507 0.064739 0.166853
23 0.737619 0.647879 0.043968 0.126116
14 0.697427 0.446150 0.043429 0.183594
5 0.352214 0.454786 0.050253 0.188853
7 0.262013 0.366071 0.052870 0.108631