8 0.513284 0.488281 0.030019 0.169956
9 0.544021 0.485711 0.027502 0.155907
0 0.483265 0.487596 0.030378 0.173383
1 0.454864 0.490680 0.029300 0.161047
2 0.426283 0.485883 0.032176 0.207648
3 0.400040 0.500959 0.033614 0.177495
4 0.372178 0.499075 0.032176 0.173725
5 0.336587 0.497362 0.045118 0.159334
24 0.495039 0.665090 0.022649 0.143914
25 0.474098 0.666632 0.026783 0.143572
26 0.445607 0.679482 0.026603 0.168586
27 0.414240 0.682223 0.032535 0.172697
28 0.385480 0.667660 0.038287 0.155222
29 0.343417 0.658066 0.068126 0.157963
16 0.520204 0.666118 0.031636 0.152138
17 0.538179 0.663891 0.024806 0.156593
6 0.295973 0.476978 0.047121 0.162289
7 0.263107 0.436783 0.052665 0.146815
30 0.294686 0.637002 0.056823 0.157760
31 0.239447 0.609450 0.072266 0.117754
10 0.570506 0.467851 0.031191 0.202918
11 0.598887 0.478049 0.034637 0.169386
12 0.628083 0.474074 0.031010 0.167658
13 0.664896 0.471654 0.045155 0.164892
14 0.707058 0.457135 0.043522 0.158670
15 0.742783 0.437085 0.052590 0.160053
18 0.566789 0.661954 0.036450 0.174917
19 0.595078 0.652620 0.034999 0.164546
20 0.624547 0.649163 0.046061 0.162472
21 0.666618 0.638101 0.063108 0.168003
22 0.718392 0.611829 0.062926 0.154176
23 0.769077 0.584520 0.068185 0.114768