0 0.466642 0.462569 0.039427 0.210146
1 0.439147 0.460097 0.025939 0.172567
2 0.411392 0.443038 0.032164 0.201741
3 0.382470 0.456883 0.035536 0.186907
4 0.351733 0.445016 0.033202 0.187896
6 0.270673 0.443285 0.047468 0.177512
24 0.499326 0.666288 0.026458 0.136966
25 0.474943 0.655162 0.031646 0.119660
26 0.443297 0.675188 0.045134 0.164656
29 0.336947 0.643790 0.081967 0.179984
8 0.506718 0.465042 0.036574 0.220036
9 0.536418 0.466278 0.030089 0.180973
10 0.565729 0.452680 0.038390 0.207180
16 0.521893 0.662579 0.032683 0.141416
18 0.559893 0.681369 0.042281 0.164161
19 0.587037 0.684158 0.043116 0.158960
20 0.627784 0.681449 0.064437 0.163475
21 0.668530 0.656837 0.083389 0.181991
22 0.719937 0.618226 0.078651 0.152637
11 0.595091 0.462202 0.049749 0.186507
12 0.632048 0.453848 0.040747 0.191474
13 0.674097 0.453622 0.053776 0.170249
14 0.722662 0.422236 0.052829 0.178829
5 0.319850 0.445992 0.047398 0.109375
27 0.418033 0.674579 0.045397 0.159255
28 0.374685 0.673377 0.050757 0.125601