0 0.467970 0.490388 0.032030 0.175884
1 0.446418 0.483843 0.030053 0.183246
2 0.419502 0.474845 0.030646 0.186518
3 0.397581 0.495651 0.031240 0.167294
4 0.376722 0.478526 0.031437 0.175065
8 0.500198 0.482003 0.032821 0.183655
9 0.529361 0.477094 0.025901 0.188563
10 0.555856 0.467891 0.031437 0.188973
11 0.576715 0.478730 0.043894 0.168112
12 0.605483 0.493046 0.032624 0.145206
24 0.492783 0.651137 0.023529 0.111257
25 0.473209 0.649910 0.025506 0.125982
26 0.448296 0.663613 0.035787 0.169748
27 0.413201 0.665044 0.054966 0.163613
28 0.387992 0.661976 0.052396 0.152569
16 0.514730 0.654205 0.021551 0.119028
17 0.536578 0.660136 0.030053 0.145615
18 0.568806 0.662590 0.051012 0.164431
5 0.335910 0.460050 0.056432 0.189542
6 0.289777 0.453169 0.055574 0.189986
29 0.333657 0.653587 0.093553 0.172674
30 0.278512 0.623846 0.078962 0.164684
13 0.641592 0.488281 0.045799 0.155419
14 0.684579 0.467711 0.045799 0.156666
19 0.595994 0.664686 0.049415 0.154172
20 0.623112 0.659491 0.048612 0.143783
21 0.666902 0.659284 0.070708 0.179106
22 0.714007 0.621260 0.073319 0.153757