8 0.521279 0.461299 0.031870 0.206376
9 0.548893 0.473492 0.023794 0.179281
10 0.577271 0.448880 0.030779 0.225795
11 0.604230 0.471234 0.039292 0.178378
12 0.632171 0.460396 0.033617 0.174765
13 0.669389 0.463557 0.049552 0.191022
14 0.716213 0.445267 0.044531 0.206828
15 0.752013 0.422236 0.045841 0.169798
16 0.514433 0.647047 0.017004 0.130890
17 0.534304 0.662795 0.022342 0.146842
18 0.562875 0.677315 0.036380 0.186518
19 0.586799 0.662590 0.035589 0.157886
20 0.613095 0.662590 0.044289 0.176702
21 0.655308 0.654818 0.072167 0.160340
22 0.703453 0.642956 0.055757 0.161976
23 0.763560 0.590569 0.076502 0.119604
0 0.489500 0.460683 0.031197 0.206352
1 0.460971 0.461957 0.026681 0.197011
2 0.431930 0.449219 0.033865 0.223336
3 0.402272 0.479577 0.044332 0.182999
4 0.392113 0.454314 0.051926 0.190217
5 0.346447 0.468962 0.057467 0.195737
6 0.298831 0.463867 0.048026 0.188094
24 0.495308 0.649438 0.018417 0.138932
25 0.476240 0.652325 0.025300 0.154711
26 0.450475 0.667526 0.028463 0.185884
27 0.420431 0.669066 0.033114 0.171259
28 0.400339 0.661176 0.047624 0.168565
29 0.358482 0.660984 0.071064 0.170490
30 0.306891 0.647382 0.061852 0.165541
31 0.248510 0.594595 0.075325 0.108953
7 0.263922 0.439400 0.044501 0.158361