8 0.510006 0.488281 0.028558 0.179521
9 0.538673 0.481840 0.024852 0.181599
10 0.569738 0.467503 0.036406 0.208610
11 0.590665 0.488697 0.038586 0.171210
12 0.618787 0.479347 0.037278 0.179937
13 0.654539 0.469789 0.046870 0.182430
14 0.697702 0.460231 0.042074 0.190741
0 0.480358 0.484541 0.030738 0.187001
1 0.451583 0.488489 0.026814 0.175781
16 0.507826 0.673205 0.020274 0.152926
17 0.525266 0.673620 0.022454 0.157912
18 0.548919 0.692736 0.025724 0.192819
19 0.576168 0.681724 0.033572 0.167470
20 0.608432 0.671750 0.048396 0.155834
21 0.648762 0.661154 0.072811 0.167886
22 0.699882 0.637259 0.072157 0.164146
24 0.486462 0.679230 0.022454 0.164977
25 0.468804 0.679023 0.024634 0.165392
26 0.443953 0.696268 0.031174 0.195728
27 0.418429 0.687198 0.031480 0.172101
28 0.384672 0.692293 0.044349 0.179272
29 0.345668 0.682292 0.064544 0.174366
30 0.299537 0.669082 0.061772 0.167572
2 0.423972 0.466221 0.034648 0.220033
3 0.401402 0.495094 0.030292 0.172101
4 0.373584 0.493773 0.032470 0.172479
5 0.339629 0.491131 0.042568 0.167950
6 0.299240 0.481507 0.039796 0.181159
7 0.262720 0.468096 0.037881 0.187375
31 0.257413 0.645823 0.054046 0.153137
15 0.732883 0.441406 0.051832 0.182100
23 0.741472 0.610869 0.059366 0.151080