0 0.495354 0.489979 0.035392 0.166067
1 0.469354 0.495296 0.033217 0.156250
2 0.441277 0.483843 0.029658 0.164431
3 0.422988 0.497137 0.040532 0.170566
4 0.393627 0.506340 0.038753 0.167703
8 0.530251 0.490592 0.034008 0.173020
9 0.554669 0.502250 0.033415 0.179156
10 0.581955 0.495092 0.031042 0.177111
11 0.603605 0.508590 0.041916 0.173838
24 0.494859 0.669339 0.022540 0.163204
25 0.470935 0.673225 0.023726 0.165249
26 0.446220 0.674452 0.028867 0.190609
27 0.417749 0.690609 0.031635 0.171384
28 0.395901 0.690609 0.038951 0.163204
16 0.517202 0.674656 0.022935 0.156659
17 0.539742 0.675474 0.024913 0.160749
18 0.564160 0.687132 0.028669 0.184064
19 0.592335 0.694699 0.032821 0.164840
20 0.618434 0.699812 0.036776 0.164431
21 0.660274 0.695229 0.062673 0.177028
22 0.714108 0.667179 0.059861 0.160821
23 0.775977 0.653050 0.071913 0.117603
12 0.630042 0.527344 0.039974 0.154588
13 0.669313 0.516331 0.055441 0.177443
14 0.721841 0.504072 0.050419 0.165392
15 0.747352 0.427610 0.053232 0.124668
5 0.350498 0.501838 0.058646 0.171875
6 0.297628 0.485983 0.051093 0.178768
29 0.351386 0.682215 0.065754 0.172335
30 0.301182 0.651884 0.057757 0.160386
31 0.242536 0.632123 0.066643 0.108915
7 0.265137 0.376302 0.029897 0.090332