0 0.486898 0.468127 0.031610 0.210688
1 0.461611 0.461062 0.033790 0.194897
2 0.434579 0.452959 0.034226 0.219415
3 0.407983 0.463556 0.039894 0.194897
4 0.375719 0.450881 0.036406 0.198637
5 0.338442 0.450465 0.045998 0.174535
8 0.519271 0.472906 0.032264 0.201130
9 0.549900 0.465841 0.028122 0.205286
10 0.578130 0.448803 0.028340 0.228557
11 0.598949 0.466257 0.042946 0.182846
24 0.480794 0.670919 0.019838 0.161652
25 0.461829 0.668010 0.022890 0.155834
26 0.438721 0.692320 0.032046 0.196144
27 0.413433 0.690243 0.033354 0.185339
28 0.385311 0.680893 0.041638 0.174950
29 0.341494 0.653466 0.063873 0.163314
16 0.502158 0.673413 0.022018 0.159990
17 0.522650 0.675698 0.022454 0.164561
18 0.548265 0.692736 0.025288 0.192819
19 0.573225 0.691489 0.034662 0.177859
20 0.600911 0.676945 0.052973 0.174535
21 0.643949 0.657930 0.072052 0.160870
22 0.697933 0.628738 0.067204 0.167171
23 0.737485 0.619708 0.047594 0.154150
12 0.626653 0.464508 0.040102 0.180612
13 0.666204 0.452747 0.045170 0.175571
14 0.706637 0.432166 0.047594 0.184812
14 0.733629 0.369162 0.058391 0.166331
6 0.298113 0.433155 0.048259 0.173817
7 0.272771 0.370516 0.054321 0.153014
30 0.296052 0.625462 0.061112 0.159024
31 0.245126 0.584320 0.067902 0.099852