0 0.489078 0.485580 0.031174 0.186586
1 0.459104 0.494722 0.025724 0.163314
2 0.424551 0.481425 0.042946 0.199884
3 0.389344 0.500748 0.060167 0.175366
4 0.361223 0.523188 0.041856 0.173703
8 0.519925 0.485996 0.031392 0.194066
9 0.549791 0.493684 0.027468 0.176197
10 0.579438 0.482615 0.033572 0.206948
11 0.610503 0.495346 0.044254 0.187832
24 0.487770 0.666348 0.022890 0.144199
25 0.466298 0.670919 0.025288 0.160821
26 0.441555 0.683802 0.032046 0.184924
27 0.417357 0.689827 0.033790 0.172872
28 0.387273 0.701671 0.033790 0.158328
16 0.508698 0.674867 0.024198 0.157912
17 0.529190 0.672166 0.025506 0.153341
18 0.554943 0.681308 0.027468 0.170795
19 0.584997 0.685672 0.033790 0.175366
20 0.616716 0.700839 0.039676 0.190741
21 0.663450 0.697623 0.068747 0.169691
22 0.713027 0.682292 0.069628 0.156670
13 0.674246 0.512181 0.045831 0.167591
14 0.717654 0.513231 0.043187 0.159610
5 0.325070 0.531822 0.049980 0.177210
6 0.280288 0.525534 0.045582 0.164634
29 0.339564 0.707127 0.070972 0.177973
30 0.290884 0.701791 0.066373 0.174924
31 0.242503 0.669588 0.059176 0.155488