0 0.492981 0.459445 0.038245 0.199542
1 0.465319 0.473627 0.036321 0.197054
2 0.426593 0.459445 0.049791 0.251294
3 0.401216 0.494526 0.046183 0.183121
4 0.361528 0.500498 0.038967 0.179140
8 0.529182 0.470143 0.045221 0.204021
9 0.563098 0.475368 0.036081 0.190585
10 0.600261 0.452976 0.045943 0.242337
11 0.621789 0.498258 0.038005 0.175657
24 0.497551 0.674910 0.023813 0.165705
26 0.473979 0.698049 0.036802 0.212978
27 0.440905 0.702528 0.037043 0.193073
28 0.411559 0.713724 0.047145 0.188595
29 0.363933 0.702777 0.076491 0.174662
16 0.519560 0.672174 0.021648 0.163217
18 0.545057 0.697303 0.030308 0.200537
19 0.575606 0.704270 0.031751 0.183619
20 0.607477 0.716212 0.044980 0.179638
21 0.649096 0.702110 0.063268 0.168425
22 0.697159 0.692218 0.057873 0.169947
23 0.756871 0.681565 0.073322 0.113129
12 0.655839 0.491832 0.031634 0.181108
13 0.692500 0.488281 0.047083 0.176035
14 0.730878 0.476106 0.051252 0.166903
5 0.322531 0.481606 0.056647 0.193829
6 0.274728 0.479134 0.058559 0.166139
7 0.242700 0.429688 0.049954 0.139438
30 0.312373 0.695461 0.063578 0.173556
31 0.246166 0.657387 0.084133 0.114221
15 0.748796 0.427165 0.064907 0.126953