0 0.485139 0.442262 0.039009 0.217857
1 0.452941 0.442262 0.034056 0.217857
2 0.418266 0.442262 0.053870 0.255952
9 0.554489 0.456548 0.029102 0.189286
10 0.581734 0.437500 0.034056 0.246429
24 0.490093 0.642262 0.039009 0.198810
25 0.472755 0.632738 0.034056 0.179762
26 0.443034 0.675595 0.043963 0.246429
27 0.410836 0.670833 0.039009 0.217857
28 0.381115 0.670833 0.039009 0.236905
29 0.330960 0.666071 0.079876 0.227381
30 0.279567 0.637500 0.083591 0.208333
31 0.200310 0.675595 0.073684 0.113095
16 0.512384 0.632738 0.034056 0.198810
17 0.534675 0.642262 0.039009 0.217857
18 0.564396 0.666071 0.029102 0.246429
19 0.594118 0.661310 0.039009 0.236905
20 0.628793 0.656548 0.039009 0.208333
21 0.673375 0.647024 0.068731 0.208333
22 0.715480 0.594643 0.073684 0.198810