0 0.490093 0.489881 0.039009 0.217857
1 0.465325 0.483929 0.029102 0.186905
2 0.443034 0.480357 0.034056 0.217857
3 0.415789 0.475595 0.039009 0.208333
4 0.388545 0.475595 0.034056 0.208333
5 0.356347 0.466071 0.048916 0.189286
6 0.314241 0.460714 0.053870 0.197619
8 0.519814 0.480357 0.039009 0.236905
9 0.549536 0.490476 0.029102 0.197619
10 0.574303 0.485119 0.039009 0.208333
11 0.599071 0.494643 0.029102 0.189286
12 0.621362 0.489881 0.034056 0.179762
13 0.653560 0.489881 0.048916 0.198810
14 0.690712 0.475595 0.053870 0.189286
24 0.502477 0.689881 0.024149 0.179762
25 0.482663 0.694643 0.024149 0.189286
26 0.457895 0.702381 0.034056 0.185714
27 0.434675 0.699405 0.037152 0.198810
28 0.403406 0.694643 0.053870 0.170238
29 0.358824 0.694643 0.093498 0.208333
30 0.306811 0.656548 0.078638 0.189286
16 0.517337 0.692857 0.024149 0.185714
17 0.534675 0.699405 0.029102 0.179762
18 0.561920 0.713690 0.034056 0.189286
19 0.589164 0.713690 0.039009 0.189286
20 0.616409 0.708929 0.043963 0.179762
21 0.648607 0.713690 0.048916 0.170238
22 0.702167 0.666071 0.086687 0.151190