0 0.487616 0.437500 0.034056 0.208333
1 0.462539 0.437500 0.033437 0.189286
2 0.433127 0.433929 0.043963 0.253571
3 0.410836 0.432738 0.048916 0.236905
4 0.383591 0.442262 0.043963 0.236905
5 0.341486 0.447024 0.068731 0.227381
6 0.304334 0.442262 0.053870 0.217857
7 0.264706 0.432738 0.034056 0.179762
8 0.516718 0.437500 0.032817 0.208333
9 0.544582 0.442262 0.029102 0.179762
10 0.574303 0.424405 0.039009 0.239286
11 0.604025 0.423214 0.039009 0.236905
12 0.626316 0.423214 0.034056 0.217857
13 0.665944 0.418452 0.063777 0.208333
14 0.703096 0.423214 0.058824 0.198810
15 0.737771 0.418452 0.039009 0.189286
24 0.495046 0.642262 0.019195 0.179762
25 0.477709 0.641667 0.024149 0.178571
26 0.457895 0.642262 0.024149 0.198810
27 0.435604 0.647024 0.029102 0.189286
28 0.410836 0.651786 0.039009 0.217857
29 0.366254 0.647024 0.068731 0.208333
30 0.313313 0.642262 0.065635 0.198810
31 0.262229 0.608333 0.058824 0.169048
16 0.512384 0.647024 0.024149 0.189286
17 0.527245 0.637500 0.024149 0.189286
18 0.549536 0.642262 0.029102 0.217857
19 0.573065 0.632738 0.036533 0.198810
20 0.599071 0.637500 0.039009 0.227381
21 0.638700 0.627976 0.068731 0.208333
22 0.688235 0.613690 0.068731 0.198810
23 0.740248 0.585119 0.073684 0.141667