0 0.485139 0.504167 0.039009 0.208333
2 0.433127 0.499405 0.034056 0.217857
3 0.410836 0.508929 0.039009 0.217857
4 0.383591 0.504167 0.034056 0.208333
5 0.353251 0.485119 0.055108 0.208333
6 0.306811 0.475595 0.048916 0.189286
7 0.279567 0.413690 0.053870 0.160714
8 0.514861 0.501786 0.039009 0.203571
9 0.539628 0.508929 0.029102 0.179762
10 0.564396 0.502976 0.029102 0.205952
11 0.587307 0.504167 0.032817 0.189286
12 0.613932 0.504167 0.029102 0.189286
13 0.646130 0.485119 0.053870 0.189286
14 0.683282 0.470833 0.048916 0.179762
15 0.722910 0.456548 0.048916 0.170238
24 0.487616 0.685119 0.024149 0.151190
25 0.468421 0.699405 0.032817 0.160714
26 0.445511 0.704167 0.029102 0.189286
27 0.423220 0.694643 0.034056 0.189286
28 0.398452 0.685119 0.043963 0.170238
29 0.353560 0.680357 0.073065 0.198810
30 0.301858 0.642262 0.068731 0.179762
16 0.507430 0.689881 0.034056 0.160714
17 0.527864 0.689881 0.032817 0.179762
18 0.552012 0.692262 0.034056 0.203571
19 0.574303 0.689881 0.029102 0.198810
20 0.604025 0.680357 0.048916 0.179762
21 0.643653 0.675595 0.068731 0.189286
22 0.695666 0.637500 0.073684 0.170238