0 0.487926 0.535119 0.043344 0.232143
1 0.455418 0.527976 0.039009 0.217857
2 0.425697 0.504167 0.039009 0.265476
3 0.395975 0.508929 0.048916 0.217857
4 0.358824 0.504167 0.043963 0.208333
5 0.319195 0.504167 0.053870 0.189286
6 0.272136 0.475595 0.058824 0.189286
7 0.232508 0.447024 0.058824 0.208333
8 0.527245 0.542262 0.043963 0.227381
9 0.559443 0.524405 0.039009 0.229762
10 0.591641 0.508929 0.043963 0.275000
11 0.620124 0.504167 0.046440 0.246429
12 0.656037 0.504167 0.043963 0.208333
13 0.693189 0.483333 0.048916 0.223810
14 0.737771 0.485119 0.048916 0.189286
15 0.774923 0.461310 0.053870 0.160714
24 0.492879 0.732738 0.033437 0.151190
25 0.467802 0.732738 0.034056 0.151190
26 0.440557 0.732738 0.039009 0.189286
27 0.405882 0.727976 0.039009 0.198810
28 0.368731 0.723214 0.053870 0.208333
29 0.321672 0.699405 0.088545 0.217857
30 0.267183 0.666071 0.098452 0.189286
31 0.210217 0.613690 0.093498 0.179762
16 0.514861 0.727976 0.029102 0.141667
17 0.537152 0.732738 0.034056 0.151190
18 0.569350 0.737500 0.039009 0.198810
19 0.602477 0.737500 0.048297 0.198810
20 0.638700 0.727976 0.058824 0.198810
21 0.685759 0.704167 0.083591 0.189286
22 0.737771 0.675595 0.098452 0.189286
23 0.789783 0.618452 0.093498 0.170238