0 0.480186 0.499405 0.039009 0.217857
1 0.447988 0.499405 0.034056 0.198810
2 0.418266 0.475595 0.043963 0.246429
3 0.389474 0.480357 0.042105 0.217857
4 0.356347 0.480357 0.039009 0.217857
5 0.316718 0.466071 0.058824 0.227381
6 0.269659 0.470833 0.053870 0.198810
8 0.512384 0.497619 0.043963 0.214286
9 0.539628 0.499405 0.039009 0.198810
10 0.571827 0.478571 0.043963 0.233333
11 0.599071 0.494643 0.039009 0.208333
12 0.633746 0.475595 0.039009 0.208333
13 0.672446 0.466071 0.050774 0.208333
14 0.717957 0.464286 0.048916 0.204762
24 0.487616 0.686905 0.034056 0.147619
25 0.470588 0.689881 0.048297 0.160714
26 0.438080 0.708929 0.034056 0.217857
27 0.405882 0.708929 0.039009 0.179762
28 0.375232 0.716071 0.040867 0.203571
29 0.326625 0.708929 0.078638 0.217857
30 0.267183 0.675595 0.078638 0.189286
16 0.509907 0.686905 0.029102 0.147619
17 0.529721 0.685119 0.029102 0.151190
18 0.559443 0.713690 0.039009 0.208333
19 0.589164 0.704167 0.039009 0.189286
20 0.618885 0.704167 0.048916 0.208333
21 0.660991 0.694643 0.073684 0.208333
22 0.713003 0.685119 0.058824 0.189286