0 0.490093 0.589881 0.029102 0.151190
1 0.469659 0.580357 0.027864 0.151190
2 0.447988 0.564286 0.024149 0.202381
3 0.428173 0.556548 0.034056 0.198810
4 0.400929 0.551786 0.039009 0.170238
5 0.368731 0.556548 0.053870 0.160714
6 0.341486 0.480357 0.048916 0.141667
7 0.314241 0.444643 0.043963 0.089286
8 0.514861 0.594643 0.029102 0.141667
9 0.539628 0.589881 0.029102 0.151190
10 0.559443 0.566071 0.029102 0.198810
11 0.579257 0.570833 0.029102 0.170238
12 0.604025 0.529762 0.039009 0.157143
13 0.641176 0.570833 0.043963 0.151190
14 0.670898 0.499405 0.043963 0.141667
15 0.703096 0.466071 0.039009 0.094048
24 0.502477 0.737500 0.024149 0.141667
25 0.487616 0.741071 0.024149 0.148810
26 0.465325 0.747024 0.029102 0.179762
27 0.440557 0.741071 0.039009 0.182143
28 0.410217 0.732738 0.040248 0.170238
29 0.368731 0.717857 0.053870 0.159524
30 0.319195 0.704167 0.053870 0.132143
31 0.284520 0.649405 0.034056 0.079762
16 0.519814 0.738690 0.029102 0.134524
17 0.539628 0.744048 0.019195 0.147619
18 0.559443 0.756548 0.029102 0.179762
19 0.584211 0.747024 0.029102 0.179762
20 0.613932 0.751786 0.039009 0.170238
21 0.648916 0.727976 0.058204 0.160714
22 0.695666 0.718452 0.063777 0.122619
23 0.732817 0.680357 0.039009 0.103571