0 0.485139 0.506548 0.039009 0.213095
1 0.460372 0.527976 0.029102 0.160714
2 0.435604 0.504167 0.029102 0.227381
3 0.408359 0.502976 0.034056 0.225000
4 0.383591 0.502381 0.034056 0.192857
6 0.346440 0.488690 0.048916 0.215476
7 0.309288 0.499405 0.043963 0.179762
8 0.512384 0.499405 0.034056 0.217857
9 0.539628 0.502976 0.029102 0.210714
10 0.559443 0.491667 0.029102 0.214286
11 0.586687 0.489881 0.034056 0.217857
12 0.613932 0.494643 0.029102 0.189286
13 0.646130 0.485119 0.043963 0.208333
14 0.685759 0.489881 0.043963 0.179762
15 0.710526 0.427976 0.043963 0.132143
24 0.497523 0.713690 0.024149 0.189286
25 0.480186 0.713690 0.029102 0.170238
26 0.455418 0.732738 0.029102 0.208333
27 0.433127 0.732738 0.034056 0.208333
28 0.405882 0.718452 0.039009 0.198810
29 0.366254 0.704167 0.058824 0.189286
30 0.326006 0.694643 0.050155 0.189286
31 0.274613 0.656548 0.063777 0.151190
16 0.517337 0.709524 0.024149 0.178571
17 0.535913 0.722619 0.026625 0.188095
18 0.556966 0.723214 0.024149 0.189286
19 0.579257 0.708929 0.029102 0.198810
20 0.606502 0.723214 0.034056 0.208333
21 0.646130 0.699405 0.063777 0.179762
22 0.695666 0.684524 0.063777 0.188095
23 0.737771 0.645238 0.068731 0.128571