0 0.485139 0.498810 0.029102 0.197619
1 0.462848 0.485119 0.024149 0.189286
2 0.433127 0.466071 0.034056 0.227381
3 0.398452 0.482143 0.034056 0.195238
4 0.371207 0.478571 0.029102 0.164286
5 0.339628 0.451786 0.045201 0.179762
6 0.309288 0.408929 0.053870 0.151190
8 0.514861 0.499405 0.029102 0.198810
9 0.539628 0.494643 0.029102 0.170238
10 0.566873 0.492262 0.034056 0.203571
11 0.599071 0.508929 0.039009 0.179762
12 0.623839 0.497024 0.039009 0.184524
13 0.660991 0.475595 0.043963 0.189286
14 0.690712 0.423214 0.043963 0.160714
24 0.485139 0.675595 0.019195 0.132143
25 0.465325 0.675595 0.019195 0.151190
26 0.440557 0.689881 0.029102 0.179762
27 0.413313 0.680357 0.034056 0.160714
28 0.382353 0.670833 0.040248 0.160714
29 0.351393 0.656548 0.058824 0.189286
30 0.301858 0.637500 0.068731 0.170238
31 0.272136 0.582738 0.029102 0.070238
16 0.504954 0.675595 0.019195 0.132143
17 0.522291 0.675595 0.024149 0.132143
18 0.547059 0.704167 0.034056 0.170238
19 0.571827 0.718452 0.034056 0.160714
20 0.599071 0.704167 0.039009 0.170238
21 0.641796 0.680357 0.072446 0.179762
22 0.688235 0.658929 0.068731 0.175000
23 0.717957 0.619048 0.029102 0.092857