0 0.490093 0.594643 0.039009 0.198810
1 0.457895 0.594643 0.034056 0.179762
2 0.428173 0.570833 0.034056 0.246429
3 0.400929 0.599405 0.039009 0.189286
6 0.304334 0.594643 0.053870 0.198810
7 0.262229 0.594643 0.039009 0.179762
8 0.529721 0.594048 0.048916 0.197619
9 0.554489 0.618452 0.039009 0.170238
10 0.589164 0.599405 0.048916 0.208333
11 0.611455 0.611310 0.043963 0.194048
13 0.663467 0.642262 0.068731 0.160714
14 0.698142 0.647024 0.048916 0.170238
15 0.739319 0.647024 0.042105 0.167857
24 0.492570 0.789881 0.024149 0.170238
25 0.475232 0.799405 0.029102 0.189286
26 0.447988 0.818452 0.034056 0.227381
27 0.418266 0.818452 0.034056 0.208333
28 0.388545 0.808929 0.043963 0.189286
31 0.262229 0.763095 0.068731 0.135714
16 0.512384 0.799405 0.024149 0.170238
17 0.532198 0.799405 0.034056 0.189286
18 0.556966 0.818452 0.034056 0.227381
19 0.584211 0.818452 0.029102 0.170238
20 0.611455 0.823214 0.034056 0.179762
23 0.722910 0.804167 0.088545 0.122619