1 0.467802 0.485119 0.034056 0.189286
2 0.438080 0.466071 0.034056 0.246429
3 0.408359 0.474405 0.043963 0.210714
5 0.353870 0.461310 0.053870 0.198810
9 0.566873 0.475595 0.034056 0.208333
10 0.601548 0.470833 0.034056 0.236905
11 0.628793 0.466071 0.039009 0.227381
13 0.675851 0.470833 0.053870 0.198810
14 0.725387 0.429167 0.053870 0.205952
24 0.507430 0.675595 0.034056 0.170238
25 0.480186 0.675595 0.029102 0.170238
26 0.452941 0.675595 0.034056 0.189286
28 0.383591 0.663690 0.043963 0.184524
30 0.291950 0.625000 0.078638 0.176190
16 0.534675 0.670833 0.039009 0.160714
17 0.560372 0.678571 0.037152 0.176190
18 0.591641 0.685119 0.043963 0.189286
19 0.621362 0.670833 0.043963 0.179762
20 0.649226 0.670833 0.040248 0.198810
22 0.777399 0.570833 0.108359 0.151190