0 0.487616 0.437500 0.034056 0.208333
1 0.460372 0.427976 0.029102 0.208333
2 0.428173 0.418452 0.043963 0.246429
3 0.403406 0.418452 0.043963 0.246429
4 0.373684 0.442262 0.034056 0.198810
5 0.336533 0.451786 0.058824 0.179762
6 0.291950 0.461310 0.058824 0.160714
8 0.519814 0.432738 0.039009 0.198810
9 0.551393 0.425595 0.035294 0.203571
10 0.579257 0.408929 0.039009 0.227381
11 0.606502 0.418452 0.034056 0.189286
12 0.631269 0.423214 0.034056 0.179762
13 0.668421 0.413690 0.048916 0.179762
14 0.713003 0.413690 0.058824 0.160714
24 0.492570 0.632738 0.024149 0.160714
25 0.475232 0.627976 0.029102 0.170238
26 0.452941 0.651786 0.034056 0.217857
27 0.423220 0.651190 0.034056 0.197619
28 0.398452 0.647024 0.034056 0.208333
29 0.357276 0.642262 0.056966 0.179762
30 0.306811 0.637500 0.068731 0.170238
16 0.512384 0.613690 0.024149 0.141667
17 0.532198 0.618452 0.024149 0.151190
18 0.553560 0.627976 0.030960 0.189286
19 0.579257 0.632738 0.039009 0.198810
20 0.608978 0.627976 0.039009 0.208333
21 0.646130 0.618452 0.063777 0.189286
22 0.693189 0.608929 0.068731 0.170238