0 0.490093 0.580357 0.039009 0.208333
1 0.462848 0.566071 0.034056 0.198810
2 0.435604 0.466071 0.048916 0.170238
3 0.423220 0.580357 0.043963 0.170238
4 0.393498 0.530952 0.034056 0.147619
6 0.326625 0.499405 0.048916 0.141667
7 0.289474 0.432738 0.043963 0.084524
8 0.529721 0.570833 0.039009 0.227381
9 0.557585 0.556548 0.035294 0.217857
10 0.587616 0.470833 0.052012 0.160714
11 0.601238 0.554762 0.043344 0.214286
12 0.626316 0.556548 0.034056 0.217857
13 0.668111 0.551786 0.048297 0.208333
14 0.690712 0.470833 0.053870 0.160714
15 0.722910 0.423214 0.039009 0.084524
24 0.500000 0.751786 0.029102 0.151190
25 0.481424 0.756548 0.041486 0.160714
26 0.454799 0.804167 0.037771 0.179762
27 0.413313 0.818452 0.043963 0.151190
28 0.368731 0.799405 0.053870 0.151190
29 0.343963 0.718452 0.083591 0.198810
30 0.272136 0.713690 0.078638 0.151190
31 0.242415 0.627976 0.048916 0.113095
16 0.529721 0.747024 0.039009 0.141667
17 0.549536 0.751786 0.029102 0.151190
18 0.588545 0.777381 0.040248 0.195238
19 0.616409 0.764881 0.043963 0.158333
20 0.663467 0.785119 0.058824 0.122619
22 0.747678 0.704167 0.078638 0.151190
23 0.774923 0.613690 0.024149 0.103571
32 0.391022 0.623214 0.048916 0.084524
49 0.443034 0.708929 0.024149 0.065476
50 0.416409 0.742262 0.047678 0.132143