0 0.480186 0.518452 0.039009 0.217857
1 0.450464 0.527976 0.029102 0.179762
2 0.420743 0.504167 0.039009 0.227381
3 0.391022 0.508929 0.039009 0.198810
4 0.361300 0.518452 0.029102 0.179762
5 0.326625 0.513690 0.048916 0.170238
6 0.282043 0.488690 0.048916 0.177381
7 0.254799 0.475595 0.053870 0.151190
8 0.512384 0.518452 0.034056 0.217857
9 0.539628 0.518452 0.039009 0.198810
10 0.569350 0.499405 0.039009 0.217857
11 0.599071 0.504167 0.039009 0.208333
12 0.628793 0.508929 0.029102 0.198810
13 0.665944 0.514881 0.053870 0.186905
14 0.710526 0.494643 0.053870 0.189286
15 0.747678 0.485119 0.058824 0.151190
24 0.490093 0.713690 0.019195 0.151190
25 0.472755 0.718452 0.024149 0.179762
26 0.443034 0.737500 0.034056 0.217857
27 0.417337 0.721429 0.032198 0.185714
28 0.383591 0.717262 0.043963 0.177381
29 0.348916 0.704167 0.063777 0.189286
30 0.296904 0.675595 0.068731 0.170238
31 0.255108 0.637500 0.053251 0.151190
16 0.512074 0.713690 0.023529 0.151190
17 0.532198 0.713690 0.034056 0.170238
18 0.559443 0.737500 0.039009 0.217857
19 0.580805 0.732738 0.035913 0.189286
20 0.618885 0.737500 0.058824 0.198810
21 0.658514 0.718452 0.078638 0.198810
22 0.710526 0.689881 0.083591 0.179762
23 0.750155 0.666071 0.053870 0.151190