0 0.487616 0.470833 0.034056 0.217857
1 0.465325 0.466071 0.029102 0.208333
2 0.436842 0.461310 0.041486 0.217857
3 0.410836 0.447024 0.039009 0.227381
4 0.391022 0.456548 0.048916 0.208333
5 0.346440 0.480357 0.058824 0.179762
6 0.304334 0.466071 0.043963 0.208333
8 0.517337 0.466071 0.034056 0.227381
9 0.542105 0.470833 0.034056 0.198810
10 0.571827 0.461310 0.034056 0.236905
11 0.600929 0.470833 0.032817 0.198810
12 0.626316 0.456548 0.034056 0.227381
13 0.663467 0.475595 0.048916 0.189286
14 0.700619 0.475595 0.043963 0.170238
24 0.492570 0.670833 0.024149 0.160714
25 0.475232 0.670833 0.029102 0.160714
26 0.455418 0.718452 0.029102 0.236905
27 0.434985 0.713690 0.030341 0.227381
28 0.410836 0.708929 0.039009 0.217857
29 0.363777 0.708929 0.073684 0.198810
30 0.314241 0.685119 0.083591 0.189286
16 0.512384 0.680357 0.024149 0.179762
17 0.529721 0.686905 0.029102 0.185714
18 0.554489 0.718452 0.039009 0.217857
19 0.571827 0.704167 0.043963 0.208333
20 0.596594 0.708929 0.053870 0.217857
21 0.641176 0.694643 0.083591 0.189286
22 0.688235 0.671429 0.078638 0.197619