0 0.472755 0.356548 0.034056 0.198810
1 0.450464 0.356548 0.029102 0.198810
2 0.435604 0.313690 0.029102 0.170238
5 0.353870 0.325595 0.043963 0.194048
8 0.492570 0.356548 0.024149 0.198810
11 0.543034 0.341667 0.035913 0.169048
13 0.596594 0.313690 0.053870 0.189286
14 0.634675 0.299405 0.060681 0.198810
24 0.492570 0.537500 0.024149 0.179762
25 0.477709 0.542262 0.024149 0.189286
26 0.455418 0.556548 0.029102 0.217857
27 0.433127 0.542262 0.034056 0.189286
28 0.403406 0.551786 0.034056 0.151190
29 0.361300 0.532738 0.068731 0.208333
30 0.315480 0.516071 0.086068 0.241667
16 0.509907 0.532738 0.029102 0.170238
18 0.534675 0.547024 0.039009 0.217857
19 0.554489 0.518452 0.039009 0.198810
20 0.589164 0.547024 0.039009 0.198810
22 0.685759 0.504167 0.083591 0.170238