0 0.495666 0.437500 0.030341 0.246429
1 0.470279 0.447024 0.039009 0.227381
2 0.445511 0.442262 0.039009 0.255952
3 0.420743 0.447024 0.039009 0.227381
4 0.391022 0.461310 0.039009 0.198810
5 0.350464 0.461310 0.056966 0.198810
6 0.304334 0.442262 0.053870 0.217857
8 0.525387 0.460119 0.037771 0.220238
9 0.552012 0.451786 0.024149 0.198810
10 0.581734 0.442262 0.034056 0.236905
11 0.604025 0.456548 0.039009 0.189286
12 0.631269 0.451786 0.034056 0.198810
13 0.665944 0.447024 0.043963 0.189286
14 0.703096 0.427976 0.048916 0.208333
24 0.494118 0.661310 0.027245 0.179762
25 0.472755 0.673810 0.024149 0.192857
26 0.447988 0.670833 0.034056 0.217857
27 0.422601 0.666071 0.032817 0.208333
28 0.393498 0.675595 0.043963 0.208333
29 0.351393 0.666071 0.068731 0.189286
30 0.295046 0.647024 0.074923 0.189286
16 0.514861 0.661310 0.029102 0.179762
17 0.534675 0.666071 0.029102 0.189286
18 0.561920 0.675595 0.034056 0.227381
19 0.586687 0.661310 0.034056 0.198810
20 0.616099 0.666071 0.043344 0.208333
21 0.656037 0.651786 0.063777 0.198810
22 0.705573 0.622024 0.073684 0.182143