0 0.482663 0.522619 0.034056 0.188095
1 0.452941 0.508929 0.034056 0.217857
2 0.425697 0.476190 0.039009 0.264286
3 0.399071 0.498214 0.042724 0.196429
5 0.361300 0.480357 0.058824 0.217857
6 0.314241 0.475595 0.053870 0.208333
7 0.279567 0.461310 0.073684 0.198810
8 0.509598 0.513690 0.038390 0.208333
9 0.537152 0.506548 0.034056 0.194048
10 0.566873 0.466071 0.034056 0.265476
11 0.594118 0.494643 0.039009 0.208333
13 0.631269 0.485119 0.053870 0.208333
14 0.675851 0.470833 0.043963 0.198810
15 0.710526 0.461310 0.053870 0.198810
24 0.477709 0.701786 0.034056 0.146429
25 0.458204 0.699405 0.033437 0.160714
26 0.430650 0.718452 0.039009 0.217857
28 0.400310 0.708929 0.057585 0.217857
29 0.355108 0.689286 0.091022 0.216667
30 0.299381 0.661310 0.093498 0.198810
16 0.504954 0.708929 0.029102 0.160714
17 0.524768 0.704167 0.029102 0.170238
18 0.559443 0.732738 0.048916 0.227381
20 0.581734 0.713690 0.053870 0.208333
21 0.631269 0.694643 0.093498 0.208333
22 0.683282 0.661310 0.088545 0.198810
23 0.732817 0.627976 0.078638 0.170238