0 0.490093 0.507738 0.039009 0.201190
1 0.460372 0.513690 0.039009 0.170238
2 0.425697 0.489881 0.048916 0.236905
3 0.391022 0.532738 0.039009 0.170238
4 0.361920 0.531548 0.037771 0.186905
5 0.324149 0.542262 0.053870 0.170238
6 0.277090 0.532738 0.048916 0.189286
7 0.227554 0.447024 0.058824 0.132143
8 0.532198 0.518452 0.043963 0.198810
9 0.564396 0.525000 0.048916 0.204762
10 0.604025 0.513095 0.048916 0.245238
11 0.631269 0.547024 0.034056 0.179762
12 0.660991 0.561310 0.034056 0.170238
13 0.698142 0.573214 0.048916 0.155952
14 0.737771 0.561310 0.048916 0.170238
24 0.497523 0.680357 0.034056 0.179762
25 0.470279 0.675595 0.039009 0.170238
26 0.438080 0.708929 0.043963 0.236905
27 0.405263 0.704167 0.037771 0.208333
28 0.368731 0.708929 0.043963 0.217857
29 0.330341 0.704167 0.061300 0.189286
30 0.282043 0.699405 0.058824 0.179762
31 0.222601 0.680357 0.068731 0.103571
16 0.524768 0.685714 0.029102 0.169048
17 0.547059 0.689881 0.034056 0.160714
18 0.576780 0.727381 0.043963 0.252381
19 0.608978 0.723214 0.039009 0.208333
20 0.643653 0.737500 0.039009 0.217857
21 0.680805 0.723214 0.053870 0.189286
22 0.728483 0.718452 0.057585 0.179762
23 0.784830 0.699405 0.073684 0.122619