0 0.477709 0.504167 0.034056 0.208333
1 0.452941 0.499405 0.034056 0.198810
2 0.425697 0.480357 0.039009 0.236905
3 0.398452 0.489881 0.043963 0.179762
4 0.366254 0.489881 0.039009 0.179762
5 0.326625 0.475595 0.048916 0.208333
6 0.284520 0.479762 0.053870 0.197619
8 0.511765 0.499405 0.035294 0.217857
9 0.539628 0.504167 0.029102 0.189286
10 0.566873 0.475595 0.034056 0.246429
11 0.596594 0.494643 0.034056 0.208333
12 0.626316 0.490476 0.034056 0.197619
13 0.658514 0.499405 0.048916 0.179762
14 0.698142 0.475595 0.058824 0.170238
24 0.472446 0.694643 0.023529 0.151190
25 0.450464 0.699405 0.029102 0.179762
26 0.425697 0.713690 0.039009 0.208333
27 0.403406 0.704167 0.034056 0.189286
28 0.373065 0.689286 0.042724 0.178571
29 0.331579 0.686310 0.068731 0.186905
30 0.286997 0.666071 0.068731 0.189286
16 0.490093 0.689881 0.019195 0.160714
17 0.512384 0.699405 0.024149 0.179762
18 0.537152 0.713690 0.034056 0.208333
19 0.564396 0.699405 0.039009 0.198810
20 0.594118 0.700595 0.048916 0.215476
21 0.641176 0.680357 0.083591 0.198810
22 0.693189 0.656548 0.078638 0.189286