0 0.495046 0.518452 0.029102 0.217857
1 0.470279 0.537500 0.029102 0.179762
2 0.445511 0.508929 0.029102 0.236905
3 0.423839 0.510119 0.042724 0.234524
4 0.398452 0.504167 0.043963 0.208333
5 0.366254 0.500000 0.048916 0.197619
6 0.321672 0.489881 0.048916 0.179762
7 0.304644 0.375595 0.053251 0.084524
8 0.519814 0.527976 0.029102 0.217857
9 0.544582 0.543452 0.029102 0.167857
10 0.569350 0.517262 0.029102 0.215476
11 0.590712 0.518452 0.032198 0.179762
12 0.611455 0.508929 0.034056 0.198810
13 0.643653 0.494643 0.048916 0.189286
14 0.683282 0.480357 0.048916 0.179762
15 0.703096 0.375595 0.048916 0.103571
24 0.497523 0.708929 0.024149 0.141667
25 0.480186 0.718452 0.029102 0.141667
26 0.457895 0.718452 0.034056 0.179762
27 0.438080 0.723214 0.034056 0.189286
28 0.410836 0.708929 0.039009 0.179762
29 0.368731 0.708929 0.063777 0.198810
30 0.319195 0.666071 0.073684 0.170238
31 0.259752 0.632738 0.053870 0.103571
16 0.517337 0.718452 0.024149 0.141667
17 0.534675 0.718452 0.029102 0.141667
18 0.555728 0.723214 0.031579 0.170238
19 0.576780 0.713690 0.034056 0.170238
20 0.599071 0.711905 0.039009 0.173810
21 0.641176 0.704167 0.063777 0.189286
22 0.683282 0.661310 0.058824 0.160714
23 0.736842 0.637500 0.047059 0.094048