0 0.495046 0.499405 0.029102 0.198810
1 0.472755 0.493452 0.024149 0.186905
2 0.450464 0.474405 0.029102 0.225000
3 0.428173 0.475595 0.034056 0.208333
4 0.403406 0.466071 0.034056 0.208333
5 0.369350 0.461310 0.045201 0.198810
6 0.334056 0.447024 0.043963 0.170238
7 0.316718 0.379167 0.039009 0.115476
8 0.518576 0.504167 0.031579 0.189286
9 0.539628 0.494643 0.029102 0.189286
10 0.559443 0.472619 0.029102 0.221429
11 0.581734 0.483929 0.034056 0.191667
12 0.604025 0.470833 0.029102 0.179762
13 0.636223 0.461310 0.043963 0.179762
14 0.670898 0.442262 0.043963 0.179762
15 0.688235 0.380357 0.039009 0.094048
24 0.502477 0.704167 0.024149 0.189286
25 0.487616 0.699405 0.024149 0.179762
26 0.470279 0.699405 0.029102 0.179762
27 0.447988 0.708929 0.024149 0.179762
28 0.430650 0.699405 0.039009 0.179762
29 0.391022 0.685119 0.068731 0.189286
30 0.346440 0.642262 0.068731 0.179762
31 0.296904 0.618452 0.048916 0.094048
16 0.517337 0.704167 0.024149 0.189286
17 0.532198 0.694643 0.024149 0.170238
18 0.552012 0.689881 0.024149 0.198810
19 0.574303 0.694643 0.029102 0.189286
20 0.591950 0.685119 0.043344 0.189286
21 0.628793 0.675595 0.058824 0.189286
22 0.675851 0.637500 0.063777 0.170238
23 0.710526 0.613690 0.043963 0.084524