0 0.492570 0.475595 0.034056 0.208333
1 0.465325 0.470833 0.029102 0.198810
2 0.443034 0.451786 0.034056 0.255952
3 0.418266 0.461310 0.034056 0.198810
4 0.393498 0.456548 0.034056 0.189286
5 0.361300 0.451786 0.048916 0.198810
6 0.319195 0.437500 0.053870 0.189286
8 0.514861 0.480357 0.029102 0.198810
9 0.539628 0.485119 0.029102 0.170238
10 0.566873 0.447024 0.034056 0.246429
11 0.589164 0.456548 0.039009 0.189286
12 0.618885 0.432738 0.039009 0.217857
13 0.648607 0.432738 0.048916 0.198810
14 0.693189 0.418452 0.048916 0.189286
24 0.500619 0.666071 0.020433 0.151190
25 0.482663 0.670833 0.024149 0.160714
26 0.462848 0.674405 0.024149 0.167857
27 0.438080 0.666071 0.034056 0.189286
28 0.413313 0.670833 0.043963 0.198810
29 0.373684 0.661310 0.063777 0.198810
30 0.324149 0.640476 0.073684 0.195238
16 0.517337 0.666071 0.024149 0.151190
17 0.542105 0.670833 0.024149 0.160714
18 0.560991 0.673214 0.032198 0.165476
19 0.584211 0.661310 0.039009 0.198810
20 0.608978 0.666071 0.048916 0.208333
21 0.658514 0.651786 0.088545 0.198810
22 0.693498 0.623214 0.078019 0.198810