0 0.495666 0.523214 0.034056 0.208333
1 0.465325 0.499405 0.029102 0.217857
2 0.438080 0.489881 0.034056 0.236905
3 0.415789 0.495238 0.039009 0.207143
4 0.388545 0.489881 0.043963 0.198810
5 0.348916 0.489881 0.053870 0.179762
6 0.306811 0.466071 0.048916 0.170238
8 0.527245 0.523214 0.034056 0.208333
9 0.554489 0.508929 0.029102 0.198810
10 0.581734 0.494643 0.034056 0.227381
11 0.606502 0.494643 0.034056 0.208333
12 0.633746 0.499405 0.029102 0.179762
13 0.665944 0.485119 0.043963 0.189286
14 0.703096 0.461310 0.048916 0.179762
24 0.502477 0.713690 0.024149 0.151190
25 0.482663 0.723214 0.024149 0.170238
26 0.457895 0.737500 0.034056 0.217857
27 0.428173 0.723214 0.043963 0.189286
28 0.395975 0.713690 0.058824 0.189286
29 0.351393 0.704167 0.088545 0.208333
30 0.299381 0.666071 0.093498 0.170238
16 0.524768 0.718452 0.029102 0.160714
17 0.539628 0.727976 0.029102 0.179762
18 0.569040 0.737500 0.038390 0.217857
19 0.593808 0.727976 0.038390 0.198810
20 0.628793 0.723214 0.058824 0.208333
21 0.668421 0.704167 0.078638 0.208333
22 0.713003 0.661310 0.078638 0.179762