0 0.486378 0.485119 0.041486 0.227381
1 0.452941 0.475595 0.034056 0.208333
2 0.420743 0.456548 0.039009 0.246429
4 0.392570 0.456548 0.035913 0.208333
5 0.353870 0.456548 0.053870 0.189286
6 0.306811 0.427976 0.048916 0.189286
8 0.524768 0.485119 0.039009 0.227381
9 0.556966 0.485119 0.034056 0.208333
10 0.589164 0.480357 0.039009 0.236905
11 0.620433 0.486905 0.032198 0.185714
13 0.653560 0.470833 0.048916 0.198810
14 0.693189 0.456548 0.048916 0.170238
24 0.492570 0.732738 0.034056 0.189286
25 0.450464 0.730357 0.048916 0.175000
26 0.423220 0.713690 0.053870 0.189286
27 0.388854 0.714881 0.063158 0.205952
29 0.346440 0.688095 0.078638 0.195238
30 0.304334 0.656548 0.063777 0.189286
16 0.519195 0.732738 0.034056 0.189286
17 0.549536 0.737500 0.039009 0.160714
18 0.586687 0.737500 0.053870 0.198810
20 0.621362 0.727976 0.063777 0.179762
21 0.656037 0.694643 0.083591 0.189286
22 0.703096 0.656548 0.068731 0.170238