0 0.485139 0.537500 0.039009 0.198810
1 0.460372 0.505952 0.029102 0.135714
2 0.440557 0.394643 0.039009 0.160714
3 0.423220 0.466071 0.034056 0.132143
4 0.395975 0.442262 0.039009 0.103571
5 0.358824 0.479762 0.053870 0.178571
6 0.339009 0.404167 0.043963 0.103571
8 0.522291 0.532738 0.043963 0.189286
9 0.549536 0.513690 0.029102 0.151190
10 0.574303 0.408929 0.039009 0.151190
11 0.591641 0.473810 0.034056 0.147619
12 0.616409 0.461310 0.043963 0.122619
13 0.657585 0.499405 0.060681 0.179762
14 0.675851 0.423214 0.053870 0.122619
24 0.495046 0.711310 0.029102 0.136905
25 0.475232 0.708929 0.029102 0.141667
26 0.438080 0.808929 0.053870 0.132143
27 0.418266 0.747024 0.043963 0.103571
28 0.381115 0.742262 0.039009 0.094048
29 0.353870 0.656548 0.073684 0.189286
30 0.303715 0.666071 0.055108 0.113095
16 0.519505 0.716667 0.028483 0.138095
17 0.540557 0.723214 0.027245 0.132143
18 0.561920 0.827976 0.043963 0.132143
19 0.586687 0.775595 0.034056 0.103571
20 0.623839 0.766071 0.039009 0.103571
21 0.658514 0.675595 0.068731 0.170238
22 0.710526 0.689286 0.053870 0.121429
32 0.391022 0.523214 0.048916 0.113095
33 0.418266 0.551786 0.034056 0.113095
34 0.440557 0.537500 0.029102 0.141667
35 0.462539 0.589881 0.023529 0.055952
39 0.569350 0.551786 0.029102 0.151190
40 0.591641 0.561310 0.034056 0.113095
41 0.623839 0.552381 0.048916 0.111905
42 0.616409 0.680357 0.053870 0.122619
43 0.581734 0.685119 0.034056 0.113095
44 0.561920 0.704167 0.024149 0.132143
49 0.450464 0.685119 0.019195 0.113095
50 0.430650 0.663690 0.039009 0.105952
51 0.400929 0.647024 0.058824 0.132143