0 0.480186 0.480357 0.029102 0.179762
1 0.465325 0.480357 0.029102 0.179762
2 0.444892 0.394643 0.040248 0.236905
3 0.433127 0.494643 0.034056 0.151190
5 0.397214 0.470238 0.041486 0.197619
6 0.348916 0.475595 0.043963 0.170238
8 0.507430 0.480357 0.034056 0.179762
9 0.532198 0.489881 0.024149 0.160714
10 0.548607 0.475595 0.027245 0.208333
11 0.571827 0.475595 0.034056 0.189286
12 0.594118 0.489881 0.039009 0.179762
13 0.623839 0.480357 0.039009 0.179762
14 0.658514 0.485119 0.058824 0.189286
15 0.700619 0.444643 0.063777 0.184524
24 0.490093 0.694643 0.019195 0.170238
25 0.475232 0.704167 0.019195 0.189286
26 0.455418 0.713095 0.029102 0.226190
27 0.435604 0.708929 0.029102 0.198810
28 0.410836 0.704167 0.039009 0.189286
29 0.376161 0.699405 0.058824 0.198810
30 0.339009 0.666071 0.063777 0.170238
31 0.286997 0.632738 0.068731 0.103571
16 0.504954 0.694643 0.019195 0.170238
17 0.520743 0.704167 0.037152 0.189286
18 0.537152 0.723214 0.034056 0.227381
19 0.558514 0.713690 0.030960 0.208333
20 0.579257 0.708929 0.039009 0.179762
21 0.621362 0.708929 0.083591 0.198810
22 0.675851 0.685119 0.083591 0.170238