0 0.497523 0.499405 0.034056 0.198810
1 0.472755 0.480357 0.034056 0.198810
2 0.443034 0.470833 0.043963 0.236905
4 0.411146 0.475595 0.048297 0.189286
5 0.368731 0.470833 0.063777 0.179762
6 0.316718 0.470833 0.048916 0.160714
8 0.529721 0.499405 0.039009 0.179762
9 0.559443 0.500595 0.039009 0.177381
10 0.589164 0.485119 0.029102 0.208333
11 0.616409 0.494643 0.034056 0.189286
13 0.653560 0.507738 0.048916 0.163095
14 0.688235 0.494643 0.039009 0.170238
24 0.507430 0.681548 0.024149 0.158333
25 0.487616 0.680357 0.024149 0.160714
26 0.462848 0.694643 0.043963 0.189286
28 0.430650 0.689881 0.048916 0.179762
29 0.383591 0.675595 0.073684 0.151190
30 0.331579 0.666071 0.076161 0.170238
16 0.527245 0.689881 0.024149 0.160714
17 0.549536 0.689881 0.029102 0.179762
18 0.569350 0.713690 0.029102 0.189286
20 0.604025 0.713690 0.048916 0.170238
21 0.641176 0.717857 0.063777 0.178571
22 0.690712 0.694643 0.073684 0.170238