0 0.479567 0.475595 0.037771 0.208333
1 0.447988 0.456548 0.034056 0.227381
2 0.417647 0.438690 0.032817 0.263095
3 0.386068 0.451786 0.039009 0.217857
4 0.358824 0.451786 0.034056 0.217857
5 0.321672 0.451786 0.058824 0.198810
6 0.277090 0.427976 0.058824 0.208333
7 0.248297 0.385119 0.060681 0.103571
8 0.512384 0.470833 0.043963 0.217857
9 0.540867 0.475595 0.031579 0.208333
10 0.574303 0.456548 0.039009 0.246429
11 0.606502 0.475595 0.034056 0.208333
12 0.632198 0.470833 0.032198 0.217857
13 0.668421 0.480357 0.048916 0.179762
14 0.710526 0.466071 0.053870 0.189286
15 0.742724 0.408929 0.058824 0.132143
24 0.492570 0.669643 0.024149 0.163095
25 0.472755 0.672619 0.024149 0.176190
26 0.443034 0.675595 0.034056 0.208333
27 0.412384 0.670833 0.035913 0.198810
28 0.383591 0.658333 0.043963 0.192857
29 0.334056 0.656548 0.083591 0.208333
30 0.283282 0.632738 0.068731 0.198810
16 0.514861 0.675000 0.029102 0.169048
17 0.534675 0.670833 0.029102 0.179762
18 0.561300 0.680357 0.032817 0.198810
19 0.589164 0.675595 0.039009 0.189286
20 0.616409 0.680357 0.034056 0.198810
21 0.658514 0.666071 0.068731 0.189286
22 0.710526 0.656548 0.063777 0.189286