0 0.485139 0.525000 0.039009 0.223810
1 0.457895 0.518452 0.034056 0.198810
2 0.430650 0.508929 0.039009 0.236905
3 0.405882 0.508929 0.039009 0.217857
4 0.378947 0.523214 0.043344 0.189286
5 0.341796 0.523214 0.058204 0.170238
6 0.299381 0.499405 0.053870 0.179762
7 0.265635 0.461310 0.055728 0.160714
8 0.519814 0.527976 0.039009 0.217857
9 0.549536 0.530357 0.029102 0.184524
10 0.579257 0.523214 0.039009 0.208333
11 0.605573 0.527976 0.035913 0.179762
12 0.633437 0.527976 0.038390 0.179762
13 0.665944 0.537500 0.043963 0.160714
14 0.700619 0.517857 0.053870 0.171429
15 0.727864 0.461905 0.048916 0.159524
24 0.497523 0.719643 0.024149 0.163095
25 0.475232 0.723214 0.029102 0.151190
26 0.447988 0.723810 0.034056 0.188095
27 0.418266 0.732738 0.034056 0.189286
28 0.395975 0.727976 0.039009 0.179762
29 0.351393 0.713690 0.068731 0.170238
30 0.296904 0.685119 0.078638 0.170238
31 0.242415 0.656548 0.068731 0.132143
16 0.519814 0.723214 0.029102 0.170238
17 0.544582 0.732738 0.029102 0.170238
18 0.574303 0.733929 0.039009 0.172619
19 0.596594 0.718452 0.034056 0.160714
20 0.621362 0.727976 0.034056 0.198810
21 0.663467 0.723214 0.058824 0.170238
22 0.715480 0.689881 0.073684 0.160714
23 0.760062 0.656548 0.063777 0.132143