0 0.492570 0.489881 0.034056 0.236905
1 0.462848 0.485119 0.034056 0.227381
2 0.437461 0.456548 0.042724 0.265476
3 0.413313 0.470833 0.043963 0.198810
4 0.388545 0.466667 0.043963 0.207143
5 0.346130 0.451786 0.058204 0.198810
6 0.299381 0.432738 0.063777 0.198810
8 0.524768 0.499405 0.039009 0.236905
9 0.549536 0.489881 0.029102 0.217857
10 0.576780 0.470833 0.034056 0.255952
11 0.601548 0.485119 0.034056 0.208333
12 0.628793 0.475595 0.039009 0.208333
13 0.665944 0.462500 0.053870 0.215476
14 0.708050 0.427976 0.058824 0.227381
24 0.497523 0.689881 0.024149 0.141667
25 0.478019 0.689881 0.023529 0.141667
26 0.457895 0.704167 0.034056 0.208333
27 0.433127 0.680357 0.043963 0.198810
28 0.408359 0.670833 0.053870 0.198810
29 0.356037 0.661310 0.087926 0.179762
30 0.304334 0.632738 0.093498 0.198810
16 0.517337 0.694643 0.024149 0.132143
17 0.534675 0.704167 0.029102 0.151190
18 0.564396 0.704167 0.048916 0.189286
19 0.586687 0.696429 0.053870 0.204762
20 0.606502 0.685119 0.043963 0.189286
21 0.656037 0.675595 0.083591 0.208333
22 0.708050 0.642262 0.078638 0.198810