0 0.490093 0.527976 0.039009 0.141667
1 0.460372 0.513690 0.039009 0.094048
2 0.435604 0.442262 0.039009 0.122619
3 0.425697 0.513690 0.039009 0.094048
4 0.398452 0.508929 0.034056 0.084524
5 0.371207 0.566667 0.048916 0.140476
6 0.336533 0.499405 0.058824 0.103571
8 0.531579 0.523214 0.042724 0.170238
9 0.564396 0.508929 0.039009 0.122619
10 0.586687 0.447024 0.043963 0.113095
11 0.599071 0.523214 0.029102 0.094048
12 0.623839 0.513690 0.029102 0.094048
13 0.651393 0.556548 0.043344 0.141667
14 0.680805 0.499405 0.053870 0.103571
24 0.502477 0.723214 0.034056 0.170238
26 0.475232 0.813690 0.039009 0.122619
27 0.443034 0.799405 0.034056 0.094048
28 0.408359 0.794643 0.034056 0.084524
29 0.376780 0.718452 0.067492 0.160714
30 0.319195 0.742262 0.053870 0.094048
16 0.532198 0.713690 0.024149 0.151190
18 0.559443 0.799405 0.029102 0.132143
19 0.589164 0.799405 0.029102 0.094048
20 0.621362 0.804167 0.034056 0.084524
21 0.651084 0.732738 0.053870 0.151190
22 0.698142 0.747024 0.048916 0.084524
32 0.396594 0.589881 0.037771 0.094048
33 0.427554 0.589881 0.035294 0.094048
34 0.445511 0.582738 0.029102 0.117857
35 0.467802 0.594643 0.024149 0.084524
38 0.554489 0.599405 0.019195 0.075000
39 0.574303 0.589881 0.029102 0.132143
40 0.599071 0.604167 0.029102 0.103571
41 0.621362 0.592262 0.034056 0.108333
42 0.616409 0.727976 0.043963 0.122619
43 0.584211 0.713690 0.039009 0.113095
44 0.559443 0.694643 0.029102 0.094048
49 0.472755 0.713690 0.024149 0.113095
50 0.445511 0.713690 0.039009 0.113095
51 0.413313 0.713690 0.043963 0.113095