0 0.482043 0.466071 0.035294 0.227381
1 0.455418 0.470833 0.029102 0.198810
2 0.428173 0.456548 0.043963 0.246429
3 0.398452 0.467857 0.043963 0.223810
4 0.371207 0.485119 0.039009 0.170238
5 0.336533 0.466071 0.048916 0.208333
6 0.296904 0.466071 0.048916 0.189286
8 0.512384 0.461310 0.034056 0.217857
9 0.539628 0.463095 0.029102 0.195238
10 0.565635 0.432738 0.041486 0.255952
11 0.597214 0.442262 0.042724 0.236905
12 0.623839 0.466071 0.029102 0.189286
13 0.658514 0.447024 0.048916 0.208333
14 0.706811 0.432738 0.056347 0.198810
24 0.487616 0.670833 0.024149 0.179762
25 0.475232 0.685119 0.029102 0.208333
26 0.450464 0.692262 0.039009 0.241667
27 0.418266 0.689881 0.034056 0.217857
28 0.374923 0.670833 0.056347 0.198810
29 0.331579 0.666071 0.088545 0.208333
30 0.289474 0.627976 0.073684 0.170238
16 0.507430 0.675595 0.024149 0.189286
17 0.529721 0.680357 0.029102 0.198810
18 0.552012 0.689881 0.034056 0.236905
19 0.581734 0.675595 0.043963 0.208333
20 0.608978 0.656548 0.048916 0.189286
21 0.658514 0.647024 0.098452 0.189286
22 0.698142 0.611310 0.078638 0.155952