0 0.492570 0.479167 0.053870 0.144048
1 0.452941 0.508929 0.043963 0.103571
2 0.430650 0.442262 0.048916 0.122619
3 0.410836 0.488095 0.048916 0.126190
4 0.391022 0.466071 0.048916 0.094048
6 0.341486 0.508929 0.058824 0.160714
7 0.304334 0.442262 0.063777 0.122619
8 0.544582 0.475595 0.048916 0.170238
9 0.574303 0.480357 0.039009 0.160714
10 0.594118 0.437500 0.048916 0.132143
11 0.616409 0.504167 0.043963 0.113095
12 0.643653 0.495833 0.039009 0.110714
14 0.680805 0.508929 0.043963 0.141667
15 0.713313 0.455357 0.058204 0.115476
24 0.500000 0.737500 0.029102 0.179762
25 0.477709 0.775595 0.034056 0.160714
26 0.450464 0.847024 0.048916 0.132143
27 0.425697 0.813690 0.039009 0.122619
28 0.388545 0.808929 0.043963 0.094048
29 0.343034 0.727976 0.081734 0.198810
30 0.291950 0.727976 0.058824 0.103571
16 0.524149 0.739286 0.030341 0.195238
17 0.547059 0.789881 0.034056 0.170238
18 0.566873 0.851786 0.043963 0.122619
19 0.594737 0.823214 0.037771 0.122619
20 0.633746 0.808929 0.039009 0.094048
21 0.673375 0.732738 0.068731 0.189286
22 0.720433 0.742262 0.053870 0.113095
32 0.376161 0.561310 0.048916 0.132143
33 0.405882 0.575595 0.039009 0.103571
34 0.437152 0.570833 0.035913 0.113095
35 0.470279 0.580357 0.029102 0.094048
36 0.498142 0.575595 0.032817 0.084524
37 0.527245 0.575595 0.034056 0.103571
38 0.554489 0.585119 0.029102 0.084524
39 0.586687 0.570238 0.034056 0.130952
40 0.618885 0.580357 0.039009 0.113095
41 0.646130 0.589881 0.043963 0.113095
42 0.621362 0.724405 0.053870 0.134524
43 0.589164 0.718452 0.039009 0.141667
44 0.569350 0.723214 0.029102 0.151190
45 0.547059 0.713690 0.024149 0.132143
48 0.475232 0.708929 0.029102 0.122619
49 0.452941 0.723214 0.024149 0.151190
50 0.428173 0.718452 0.043963 0.141667
51 0.395975 0.718452 0.056347 0.141667