0 0.500000 0.402976 0.039009 0.201190
1 0.477709 0.385119 0.034056 0.217857
2 0.450464 0.380357 0.039009 0.246429
3 0.428173 0.394643 0.053870 0.217857
4 0.397833 0.389881 0.045201 0.208333
5 0.357895 0.394643 0.071827 0.198810
6 0.311765 0.361310 0.058824 0.227381
7 0.267183 0.356548 0.058824 0.198810
8 0.532198 0.406548 0.034056 0.213095
9 0.556966 0.408929 0.024149 0.189286
10 0.581734 0.404167 0.034056 0.236905
11 0.608359 0.418452 0.030341 0.189286
12 0.633746 0.404167 0.039009 0.217857
14 0.690712 0.413690 0.063777 0.179762
15 0.730341 0.418452 0.043963 0.170238
24 0.504954 0.605357 0.029102 0.158333
25 0.480186 0.604167 0.029102 0.160714
26 0.450464 0.632738 0.039009 0.255952
27 0.420743 0.604167 0.039009 0.198810
28 0.391022 0.589881 0.039009 0.208333
29 0.316718 0.575595 0.118266 0.198810
30 0.269659 0.527976 0.093498 0.160714
16 0.524768 0.618452 0.029102 0.170238
17 0.542105 0.618452 0.034056 0.170238
18 0.571827 0.627976 0.034056 0.227381
19 0.604025 0.627976 0.048916 0.208333
20 0.623839 0.599405 0.048916 0.189286