0 0.483901 0.494643 0.031579 0.208333
1 0.460062 0.475595 0.038390 0.208333
2 0.430650 0.451786 0.039009 0.255952
3 0.408359 0.466071 0.043963 0.189286
4 0.378638 0.466071 0.043963 0.189286
5 0.341486 0.470833 0.058824 0.198810
6 0.294427 0.451786 0.053870 0.179762
8 0.514861 0.492857 0.039009 0.192857
9 0.542105 0.494643 0.034056 0.189286
10 0.566873 0.466071 0.034056 0.246429
11 0.596594 0.475595 0.034056 0.208333
12 0.623839 0.470833 0.029102 0.198810
13 0.653560 0.470833 0.048916 0.198810
14 0.695666 0.456548 0.043963 0.189286
24 0.497523 0.694048 0.024149 0.150000
25 0.483901 0.694643 0.031579 0.189286
26 0.457895 0.694643 0.034056 0.208333
27 0.425697 0.689881 0.039009 0.179762
28 0.398452 0.675595 0.043963 0.170238
31 0.254799 0.580357 0.093498 0.132143
16 0.517337 0.689881 0.024149 0.160714
17 0.534675 0.693452 0.029102 0.186905
18 0.561920 0.699405 0.034056 0.198810
19 0.586687 0.683929 0.034056 0.167857
20 0.616409 0.675595 0.043963 0.170238
21 0.697523 0.651786 0.087307 0.160714
23 0.732817 0.599405 0.078638 0.151190