0 0.485139 0.472024 0.039009 0.182143
1 0.450774 0.470833 0.038390 0.179762
2 0.425697 0.456548 0.039009 0.227381
3 0.395975 0.461310 0.039009 0.141667
4 0.374613 0.465476 0.042105 0.204762
6 0.291950 0.442262 0.058824 0.179762
8 0.513932 0.461310 0.030960 0.179762
9 0.544582 0.451786 0.039009 0.179762
10 0.571827 0.451786 0.034056 0.198810
12 0.616409 0.442262 0.034056 0.179762
13 0.651084 0.439881 0.043963 0.184524
14 0.695666 0.423214 0.043963 0.179762
24 0.495046 0.689881 0.039009 0.141667
25 0.470279 0.704167 0.039009 0.170238
26 0.447368 0.694643 0.042724 0.170238
27 0.417647 0.685119 0.035294 0.151190
28 0.390093 0.681548 0.056966 0.177381
29 0.334056 0.651786 0.063777 0.160714
30 0.284520 0.637500 0.083591 0.170238
16 0.519814 0.689881 0.039009 0.160714
17 0.541486 0.685119 0.035294 0.170238
18 0.569350 0.685119 0.048916 0.189286
19 0.589164 0.666071 0.039009 0.170238
20 0.621362 0.663095 0.053870 0.183333
21 0.660991 0.642262 0.063777 0.160714
22 0.708050 0.618452 0.078638 0.170238