0 0.492570 0.518452 0.034056 0.198810
1 0.472755 0.523214 0.024149 0.189286
2 0.450464 0.529167 0.029102 0.175000
6 0.367183 0.508929 0.060681 0.179762
7 0.329102 0.466071 0.043963 0.132143
8 0.519814 0.518452 0.029102 0.198810
10 0.564396 0.489881 0.039009 0.179762
13 0.641176 0.485714 0.053870 0.188095
14 0.675851 0.451786 0.053870 0.160714
24 0.497523 0.695238 0.024149 0.169048
25 0.477709 0.694643 0.024149 0.170238
26 0.455418 0.686905 0.029102 0.154762
27 0.433127 0.685119 0.034056 0.170238
30 0.334056 0.670833 0.063777 0.160714
16 0.517337 0.695238 0.024149 0.169048
17 0.535294 0.685119 0.030341 0.151190
18 0.556966 0.670833 0.034056 0.160714
22 0.675851 0.656548 0.083591 0.170238