0 0.482663 0.494643 0.034056 0.189286
1 0.455418 0.485119 0.039009 0.189286
2 0.420743 0.475595 0.039009 0.208333
3 0.395356 0.485119 0.040248 0.208333
4 0.363777 0.489881 0.043963 0.179762
5 0.330341 0.461310 0.061300 0.198810
6 0.289474 0.461310 0.063777 0.179762
8 0.512384 0.499405 0.034056 0.198810
9 0.537152 0.494643 0.034056 0.189286
10 0.574303 0.488095 0.039009 0.233333
11 0.605263 0.485119 0.041486 0.208333
12 0.633746 0.489881 0.039009 0.198810
13 0.665944 0.470833 0.053870 0.198810
14 0.700619 0.461310 0.073684 0.179762
24 0.487616 0.685119 0.024149 0.151190
25 0.465325 0.680357 0.029102 0.160714
26 0.433127 0.685119 0.043963 0.189286
27 0.405882 0.675595 0.048916 0.189286
28 0.376161 0.656548 0.051393 0.170238
29 0.329102 0.651786 0.083591 0.179762
30 0.291022 0.627976 0.070588 0.170238
16 0.502477 0.680357 0.024149 0.160714
17 0.527245 0.688690 0.034056 0.163095
18 0.556966 0.688095 0.043963 0.176190
19 0.584211 0.680357 0.048916 0.179762
20 0.617028 0.669048 0.062539 0.164286
21 0.660991 0.656548 0.083591 0.189286
22 0.703096 0.637500 0.058824 0.170238
23 0.760062 0.642262 0.083591 0.122619