0 0.485139 0.499405 0.029102 0.217857
1 0.465325 0.504167 0.029102 0.208333
2 0.438080 0.480357 0.034056 0.236905
3 0.420743 0.480357 0.039009 0.217857
4 0.391022 0.485119 0.039009 0.189286
5 0.356347 0.470833 0.048916 0.198810
6 0.311765 0.456548 0.048916 0.208333
8 0.509907 0.504167 0.029102 0.208333
9 0.534675 0.494643 0.029102 0.208333
10 0.559443 0.489881 0.029102 0.236905
11 0.584211 0.495238 0.029102 0.207143
12 0.610217 0.501190 0.036533 0.183333
13 0.643653 0.489881 0.048916 0.179762
14 0.684520 0.470833 0.051393 0.198810
24 0.492879 0.699405 0.023529 0.160714
25 0.472755 0.694643 0.024149 0.170238
26 0.455418 0.704167 0.029102 0.189286
27 0.433127 0.689881 0.034056 0.198810
28 0.405882 0.687500 0.048916 0.203571
29 0.361300 0.675595 0.078638 0.189286
30 0.319195 0.655952 0.073684 0.207143
16 0.507430 0.694643 0.024149 0.151190
17 0.524768 0.699405 0.029102 0.160714
18 0.543344 0.713690 0.026625 0.189286
19 0.564396 0.704167 0.039009 0.189286
20 0.591641 0.697619 0.043963 0.195238
21 0.632817 0.685119 0.076780 0.189286
22 0.680805 0.666071 0.073684 0.170238