0 0.492570 0.480357 0.043963 0.217857
1 0.460372 0.489881 0.029102 0.198810
2 0.433127 0.464881 0.043963 0.225000
3 0.408359 0.489881 0.043963 0.198810
4 0.376161 0.499405 0.048916 0.198810
5 0.332508 0.514286 0.076780 0.188095
6 0.286997 0.527976 0.058824 0.198810
8 0.525077 0.485119 0.038390 0.189286
9 0.550155 0.489881 0.030341 0.179762
10 0.581115 0.461310 0.035294 0.236905
11 0.608978 0.477976 0.029102 0.203571
12 0.651084 0.475595 0.063777 0.208333
24 0.480186 0.651786 0.029102 0.160714
26 0.455418 0.685119 0.039009 0.227381
27 0.425697 0.685119 0.039009 0.189286
16 0.507430 0.651786 0.024149 0.141667
17 0.529721 0.656548 0.029102 0.151190
18 0.556966 0.681548 0.043963 0.215476
19 0.579257 0.675595 0.039009 0.189286
20 0.618576 0.639881 0.058204 0.079762
21 0.665944 0.649405 0.043963 0.060714
22 0.722910 0.670833 0.088545 0.141667