0 0.493189 0.461310 0.032817 0.198810
1 0.467802 0.451786 0.024149 0.198810
2 0.440557 0.423214 0.029102 0.217857
3 0.418266 0.423214 0.034056 0.179762
4 0.398452 0.418452 0.034056 0.170238
5 0.363777 0.394643 0.043963 0.179762
6 0.323220 0.380357 0.045820 0.170238
8 0.519814 0.456548 0.029102 0.208333
9 0.544582 0.456548 0.029102 0.189286
10 0.569350 0.427976 0.029102 0.227381
11 0.594118 0.432738 0.029102 0.179762
12 0.616409 0.423214 0.034056 0.179762
13 0.648607 0.394643 0.048916 0.198810
14 0.685759 0.385119 0.043963 0.179762
25 0.480186 0.628571 0.029102 0.169048
26 0.455418 0.627976 0.039009 0.189286
27 0.428173 0.604167 0.043963 0.179762
28 0.398452 0.585119 0.053870 0.179762
29 0.363777 0.580357 0.063777 0.189286
30 0.319195 0.547024 0.063777 0.160714
31 0.264706 0.523214 0.073684 0.132143
16 0.504954 0.632738 0.029102 0.160714
17 0.530031 0.632738 0.039628 0.160714
18 0.560372 0.632738 0.047059 0.179762
19 0.584211 0.618452 0.039009 0.170238
20 0.608359 0.600595 0.047678 0.172619
21 0.646130 0.589881 0.073684 0.189286
22 0.684520 0.551786 0.056347 0.170238
23 0.740248 0.527976 0.073684 0.122619