0 0.497523 0.508929 0.043963 0.198810
1 0.467802 0.505357 0.034056 0.186905
2 0.438080 0.477381 0.034056 0.223810
3 0.415170 0.467857 0.040248 0.211905
4 0.383591 0.461310 0.034056 0.198810
5 0.352012 0.466071 0.047678 0.189286
6 0.311765 0.437500 0.048916 0.189286
7 0.286997 0.375595 0.048916 0.122619
8 0.534675 0.508929 0.039009 0.198810
9 0.568111 0.504167 0.031579 0.170238
10 0.591641 0.480357 0.034056 0.236905
11 0.620124 0.480357 0.036533 0.217857
12 0.643653 0.480357 0.039009 0.198810
13 0.675851 0.466071 0.043963 0.189286
14 0.715480 0.442262 0.053870 0.179762
15 0.734365 0.361310 0.055728 0.132143
24 0.504954 0.680357 0.029102 0.141667
25 0.477709 0.682738 0.034056 0.146429
26 0.450464 0.699405 0.039009 0.179762
27 0.423220 0.680357 0.034056 0.179762
28 0.395975 0.675595 0.039009 0.170238
29 0.356347 0.656548 0.078638 0.189286
30 0.304334 0.627976 0.083591 0.189286
31 0.252322 0.608929 0.068731 0.132143
16 0.532198 0.685119 0.034056 0.132143
17 0.554489 0.689881 0.029102 0.141667
18 0.581734 0.694643 0.034056 0.189286
19 0.611455 0.689881 0.034056 0.179762
20 0.638700 0.680357 0.048916 0.160714
21 0.675851 0.661310 0.073684 0.179762
22 0.720433 0.632738 0.073684 0.179762
23 0.772446 0.613690 0.068731 0.141667