0 0.495046 0.547024 0.029102 0.179762
1 0.472755 0.547024 0.024149 0.179762
2 0.452941 0.532738 0.024149 0.189286
3 0.433127 0.523214 0.034056 0.170238
4 0.411765 0.513690 0.030960 0.170238
5 0.378638 0.499405 0.053870 0.179762
6 0.339009 0.480357 0.043963 0.160714
7 0.316718 0.423214 0.048916 0.103571
8 0.514861 0.556548 0.029102 0.179762
9 0.537152 0.547024 0.024149 0.179762
10 0.556966 0.527976 0.024149 0.198810
11 0.579257 0.518452 0.029102 0.179762
12 0.601548 0.504167 0.034056 0.170238
13 0.631269 0.485119 0.053870 0.189286
14 0.668421 0.466071 0.048916 0.170238
15 0.688235 0.399405 0.048916 0.113095
24 0.485139 0.732738 0.019195 0.132143
26 0.465325 0.748810 0.029102 0.176190
27 0.443034 0.732738 0.024149 0.151190
28 0.420743 0.718452 0.039009 0.160714
29 0.381734 0.699405 0.060062 0.179762
30 0.341486 0.675595 0.058824 0.170238
31 0.291950 0.661310 0.058824 0.122619
17 0.500000 0.732738 0.019195 0.132143
18 0.519814 0.747024 0.029102 0.160714
19 0.539628 0.732738 0.029102 0.170238
20 0.569350 0.713690 0.048916 0.170238
21 0.606502 0.704167 0.073684 0.189286
22 0.644272 0.680357 0.050155 0.179762
23 0.703096 0.680357 0.068731 0.141667