0 0.477709 0.449405 0.043963 0.232143
1 0.450464 0.466071 0.039009 0.208333
2 0.420743 0.461310 0.039009 0.236905
3 0.398452 0.470833 0.034056 0.217857
4 0.371207 0.470833 0.039009 0.217857
5 0.336533 0.485119 0.048916 0.170238
6 0.294427 0.459524 0.043963 0.195238
7 0.264706 0.404167 0.043963 0.160714
8 0.512384 0.447024 0.034056 0.227381
9 0.539628 0.456548 0.029102 0.208333
10 0.569350 0.461310 0.039009 0.217857
11 0.596594 0.461310 0.043963 0.217857
12 0.627864 0.461310 0.037152 0.198810
13 0.663467 0.470833 0.048916 0.179762
14 0.708050 0.444048 0.048916 0.214286
15 0.732817 0.385119 0.058824 0.160714
24 0.482663 0.651786 0.024149 0.160714
25 0.465325 0.666071 0.029102 0.170238
26 0.445511 0.689881 0.039009 0.217857
27 0.414551 0.683333 0.031579 0.185714
28 0.388545 0.694643 0.034056 0.208333
29 0.339009 0.685119 0.073684 0.208333
30 0.294427 0.661310 0.063777 0.198810
31 0.242415 0.637500 0.078638 0.151190
16 0.502477 0.651786 0.024149 0.160714
17 0.519814 0.666071 0.029102 0.170238
18 0.544582 0.680357 0.029102 0.217857
19 0.568731 0.689881 0.037771 0.217857
20 0.604025 0.685119 0.048916 0.208333
21 0.650464 0.670833 0.082353 0.198810
22 0.691950 0.647619 0.061300 0.188095
23 0.750155 0.647024 0.073684 0.151190