0 0.501548 0.423214 0.034675 0.198810
1 0.477709 0.408929 0.024149 0.189286
2 0.455418 0.385119 0.039009 0.236905
3 0.433127 0.399405 0.043963 0.246429
4 0.403406 0.392857 0.043963 0.240476
5 0.358824 0.413690 0.073684 0.198810
6 0.316409 0.408929 0.059443 0.246429
7 0.259752 0.461310 0.073684 0.217857
8 0.524768 0.423214 0.039009 0.198810
9 0.549536 0.427976 0.029102 0.189286
10 0.574303 0.404167 0.039009 0.236905
11 0.596594 0.408929 0.034056 0.246429
12 0.626316 0.427976 0.034056 0.208333
13 0.656037 0.442262 0.043963 0.198810
14 0.700619 0.423214 0.053870 0.217857
15 0.745201 0.413690 0.053870 0.217857
24 0.507430 0.623214 0.024149 0.160714
25 0.492570 0.625595 0.024149 0.165476
26 0.472755 0.632738 0.024149 0.198810
27 0.447988 0.632738 0.034056 0.198810
28 0.418266 0.632738 0.043963 0.217857
29 0.378638 0.627976 0.063777 0.227381
30 0.316718 0.632738 0.068731 0.217857
16 0.522291 0.613690 0.024149 0.160714
17 0.537152 0.623214 0.024149 0.179762
18 0.559443 0.647024 0.029102 0.227381
19 0.584211 0.647024 0.029102 0.208333
20 0.611455 0.647024 0.034056 0.227381
21 0.648607 0.642262 0.058824 0.217857
22 0.698142 0.632738 0.058824 0.198810
23 0.760062 0.613690 0.083591 0.217857