0 0.485139 0.432738 0.039009 0.236905
1 0.452941 0.442262 0.034056 0.236905
2 0.415789 0.423214 0.058824 0.255952
3 0.391022 0.442262 0.058824 0.236905
4 0.356347 0.461310 0.039009 0.217857
8 0.527245 0.451786 0.043963 0.236905
9 0.556966 0.466071 0.034056 0.208333
10 0.591641 0.447024 0.043963 0.246429
11 0.617647 0.489881 0.041486 0.198810
12 0.643653 0.486905 0.039009 0.211905
24 0.500000 0.585119 0.029102 0.141667
25 0.472755 0.610119 0.034056 0.148810
26 0.438390 0.625000 0.043344 0.214286
27 0.408359 0.627976 0.043963 0.189286
28 0.378638 0.645238 0.034056 0.204762
16 0.519814 0.605952 0.029102 0.119048
17 0.544582 0.616071 0.029102 0.136905
18 0.574303 0.631548 0.039009 0.201190