0 0.487616 0.501786 0.034056 0.184524
1 0.462848 0.489881 0.034056 0.160714
2 0.438080 0.456548 0.034056 0.227381
4 0.414241 0.461310 0.032198 0.179762
5 0.380805 0.461310 0.048297 0.179762
6 0.341486 0.461310 0.048916 0.179762
7 0.331579 0.356548 0.048916 0.103571
8 0.509907 0.494643 0.029102 0.189286
9 0.539628 0.502976 0.029102 0.172619
10 0.566873 0.480357 0.034056 0.217857
11 0.591641 0.489881 0.034056 0.179762
13 0.623839 0.480357 0.039009 0.198810
14 0.658514 0.470833 0.048916 0.179762
15 0.683282 0.380357 0.048916 0.113095
24 0.490093 0.675595 0.019195 0.151190
25 0.470279 0.685119 0.029102 0.189286
26 0.450464 0.675595 0.029102 0.189286
28 0.428173 0.661905 0.034056 0.178571
29 0.392260 0.651786 0.056347 0.179762
30 0.346440 0.627976 0.048916 0.170238
31 0.304334 0.623214 0.043963 0.122619
16 0.504954 0.675595 0.019195 0.170238
17 0.524768 0.689881 0.029102 0.179762
18 0.544582 0.685119 0.029102 0.170238
20 0.571827 0.678571 0.034056 0.176190
21 0.605263 0.673214 0.061300 0.175000
22 0.654180 0.651786 0.060062 0.160714
23 0.698142 0.637500 0.058824 0.113095