0 0.504954 0.475595 0.039009 0.227381
1 0.482663 0.495833 0.034056 0.167857
2 0.457895 0.480357 0.034056 0.217857
3 0.430650 0.494643 0.048916 0.189286
4 0.405882 0.494643 0.039009 0.170238
5 0.373684 0.489881 0.053870 0.179762
6 0.326625 0.475595 0.058824 0.189286
7 0.297523 0.404167 0.057585 0.141667
8 0.537152 0.480357 0.034056 0.217857
9 0.566873 0.489881 0.024149 0.198810
10 0.589164 0.475595 0.029102 0.227381
11 0.611455 0.480357 0.034056 0.198810
12 0.636223 0.494643 0.034056 0.170238
13 0.668421 0.485119 0.048916 0.170238
14 0.710526 0.470833 0.043963 0.198810
15 0.730341 0.410714 0.053870 0.128571
24 0.497523 0.670833 0.024149 0.141667
25 0.477709 0.675595 0.034056 0.151190
26 0.452941 0.680357 0.034056 0.179762
27 0.428173 0.675595 0.034056 0.151190
28 0.413313 0.666071 0.043963 0.170238
29 0.366254 0.685119 0.058824 0.189286
30 0.321672 0.657143 0.068731 0.188095
31 0.259752 0.647024 0.073684 0.132143
16 0.519814 0.666071 0.029102 0.132143
17 0.542105 0.675595 0.024149 0.151190
18 0.565944 0.680357 0.026006 0.160714
19 0.591641 0.675595 0.034056 0.151190
20 0.613932 0.675595 0.039009 0.170238
21 0.649226 0.680357 0.057585 0.179762
22 0.698142 0.670833 0.058824 0.179762
23 0.750155 0.664286 0.073684 0.135714