0 0.490093 0.423214 0.039009 0.236905
1 0.462539 0.420833 0.033437 0.213095
2 0.441796 0.399405 0.036533 0.246429
3 0.420743 0.404167 0.039009 0.217857
4 0.395975 0.389881 0.039009 0.189286
5 0.371207 0.368452 0.048916 0.213095
6 0.334056 0.356548 0.043963 0.179762
7 0.305882 0.280357 0.066873 0.141667
8 0.522291 0.413690 0.034056 0.236905
9 0.547059 0.413690 0.034056 0.217857
10 0.574303 0.399405 0.029102 0.246429
11 0.596594 0.404167 0.034056 0.217857
12 0.618576 0.389881 0.038390 0.208333
13 0.646130 0.361310 0.053870 0.227381
14 0.680805 0.327976 0.043963 0.236905
15 0.710526 0.280357 0.053870 0.160714
24 0.497523 0.627976 0.024149 0.170238
25 0.477709 0.623214 0.024149 0.179762
26 0.452941 0.637500 0.034056 0.208333
27 0.433127 0.608929 0.034056 0.189286
28 0.410217 0.587500 0.047678 0.165476
29 0.373684 0.566071 0.073684 0.198810
30 0.326625 0.523214 0.078638 0.170238
31 0.282043 0.480357 0.068731 0.141667
16 0.517337 0.623810 0.024149 0.178571
17 0.539628 0.620833 0.029102 0.165476
18 0.561920 0.632738 0.024149 0.217857
19 0.584211 0.613690 0.039009 0.198810
20 0.611455 0.604167 0.043963 0.198810
21 0.653560 0.561310 0.078638 0.208333
22 0.693189 0.518452 0.078638 0.179762
23 0.742724 0.499405 0.058824 0.141667