0 0.492570 0.575595 0.034056 0.141667
1 0.467802 0.523214 0.034056 0.132143
2 0.452941 0.447024 0.034056 0.132143
3 0.435604 0.527976 0.039009 0.084524
4 0.420743 0.475595 0.039009 0.094048
5 0.381115 0.513690 0.048916 0.170238
6 0.366254 0.432738 0.048916 0.103571
8 0.521981 0.575595 0.033437 0.141667
9 0.542105 0.532738 0.024149 0.132143
10 0.554489 0.451786 0.029102 0.141667
11 0.571827 0.518452 0.034056 0.103571
12 0.591641 0.499405 0.034056 0.122619
13 0.623839 0.527976 0.048916 0.160714
14 0.634365 0.451786 0.050155 0.103571
24 0.500000 0.747024 0.029102 0.141667
25 0.475232 0.742262 0.029102 0.132143
26 0.450464 0.837500 0.039009 0.132143
27 0.428173 0.794643 0.034056 0.103571
28 0.391022 0.766071 0.039009 0.084524
29 0.366254 0.664286 0.058824 0.166667
30 0.314241 0.656548 0.053870 0.094048
16 0.519814 0.739881 0.019195 0.117857
17 0.537152 0.742262 0.024149 0.132143
18 0.559443 0.842262 0.039009 0.122619
19 0.586687 0.804167 0.034056 0.103571
20 0.618885 0.789881 0.039009 0.094048
21 0.636223 0.699405 0.073684 0.179762
22 0.693189 0.689881 0.048916 0.103571
32 0.413313 0.566071 0.053870 0.122619
33 0.447988 0.594643 0.034056 0.122619
34 0.467802 0.623214 0.024149 0.084524
38 0.542105 0.632738 0.024149 0.084524
39 0.561920 0.613690 0.024149 0.122619
40 0.579257 0.608929 0.029102 0.094048
41 0.604025 0.600595 0.039009 0.110714
43 0.579257 0.727976 0.039009 0.122619
44 0.557276 0.727976 0.023529 0.122619
49 0.455418 0.721429 0.019195 0.109524
50 0.431269 0.704167 0.040248 0.113095
51 0.403096 0.685119 0.063158 0.132143