0 0.490093 0.461310 0.029102 0.179762
1 0.470279 0.457738 0.029102 0.186905
2 0.450464 0.450000 0.029102 0.221429
3 0.425697 0.459524 0.029102 0.195238
4 0.405882 0.456548 0.029102 0.189286
5 0.371207 0.475595 0.048916 0.170238
6 0.334056 0.456548 0.043963 0.170238
7 0.324149 0.356548 0.043963 0.084524
8 0.512384 0.451786 0.034056 0.198810
9 0.535913 0.475595 0.026625 0.151190
10 0.554489 0.442262 0.029102 0.236905
11 0.576161 0.451786 0.032817 0.198810
12 0.599071 0.456548 0.029102 0.189286
13 0.628793 0.467857 0.048916 0.166667
14 0.663467 0.456548 0.058824 0.170238
15 0.675851 0.366071 0.053870 0.084524
24 0.500000 0.656548 0.019195 0.151190
25 0.482663 0.666071 0.024149 0.170238
26 0.457895 0.675595 0.024149 0.208333
27 0.440557 0.666071 0.029102 0.189286
28 0.413313 0.669643 0.034056 0.177381
29 0.376161 0.670833 0.068731 0.198810
30 0.334056 0.647024 0.053870 0.170238
31 0.294427 0.637500 0.043963 0.094048
16 0.517337 0.656548 0.024149 0.151190
17 0.532198 0.670833 0.024149 0.179762
18 0.554489 0.689881 0.029102 0.217857
19 0.574303 0.680357 0.029102 0.198810
20 0.596594 0.675595 0.034056 0.189286
21 0.641176 0.670833 0.073684 0.198810
22 0.678328 0.647024 0.058824 0.170238
23 0.728793 0.632738 0.047059 0.103571