0 0.472755 0.489881 0.043963 0.179762
1 0.428483 0.485119 0.043344 0.170238
2 0.395975 0.466071 0.039009 0.227381
3 0.361300 0.466071 0.039009 0.208333
4 0.329102 0.451786 0.034056 0.198810
5 0.291950 0.461310 0.048916 0.179762
6 0.244892 0.437500 0.053870 0.189286
7 0.205263 0.404167 0.053870 0.179762
9 0.574303 0.499405 0.048916 0.198810
10 0.604025 0.485119 0.039009 0.227381
11 0.636223 0.497024 0.043963 0.203571
12 0.668421 0.485119 0.039009 0.208333
13 0.709907 0.489881 0.052632 0.179762
14 0.757585 0.461310 0.048916 0.198810
24 0.485139 0.661310 0.029102 0.141667
25 0.450464 0.651786 0.039009 0.141667
26 0.415789 0.661310 0.048916 0.160714
27 0.383591 0.651786 0.043963 0.160714
28 0.346440 0.637500 0.048916 0.151190
29 0.304334 0.627976 0.063777 0.170238
30 0.254799 0.608929 0.073684 0.170238
31 0.205263 0.556548 0.083591 0.160714
16 0.514861 0.660714 0.039009 0.140476
17 0.549226 0.675595 0.047059 0.151190
18 0.586687 0.694643 0.053870 0.189286
19 0.618885 0.680357 0.039009 0.160714
20 0.651084 0.675595 0.043963 0.170238
21 0.705573 0.670833 0.073684 0.179762
22 0.762539 0.647024 0.078638 0.170238
23 0.829412 0.604167 0.093498 0.122619