0 0.497523 0.513690 0.034056 0.208333
1 0.475232 0.519643 0.029102 0.182143
2 0.450464 0.504167 0.029102 0.227381
3 0.430650 0.508929 0.039009 0.198810
4 0.408359 0.504167 0.034056 0.189286
5 0.371207 0.497024 0.048916 0.203571
6 0.334056 0.489881 0.053870 0.217857
7 0.303715 0.451786 0.052632 0.160714
8 0.524768 0.499405 0.029102 0.217857
9 0.552012 0.518452 0.034056 0.198810
10 0.574613 0.508929 0.038390 0.236905
11 0.596594 0.532738 0.034056 0.189286
12 0.621362 0.523214 0.034056 0.189286
13 0.653560 0.523214 0.048916 0.208333
14 0.693189 0.513690 0.048916 0.208333
15 0.720433 0.451786 0.053870 0.179762
24 0.502477 0.699405 0.024149 0.160714
25 0.480186 0.704167 0.029102 0.151190
26 0.457895 0.713690 0.034056 0.208333
27 0.435604 0.716071 0.039009 0.194048
28 0.405882 0.708929 0.048916 0.198810
29 0.363777 0.699405 0.073684 0.198810
30 0.319195 0.680357 0.063777 0.198810
31 0.262229 0.647024 0.078638 0.113095
16 0.519814 0.694643 0.029102 0.151190
17 0.539009 0.698810 0.027864 0.159524
18 0.561920 0.727976 0.034056 0.217857
19 0.591950 0.747024 0.043344 0.217857
20 0.618885 0.737500 0.048916 0.198810
21 0.660991 0.727976 0.083591 0.198810
22 0.703715 0.713690 0.057585 0.208333
23 0.763158 0.675595 0.087307 0.113095