0 0.485139 0.442262 0.039009 0.236905
1 0.457895 0.437500 0.034056 0.208333
2 0.443034 0.393452 0.053870 0.253571
3 0.418266 0.351786 0.053870 0.246429
4 0.387926 0.342262 0.052632 0.246429
5 0.348916 0.332738 0.063777 0.227381
6 0.306811 0.296429 0.068731 0.230952
7 0.274613 0.285119 0.073684 0.170238
8 0.521981 0.456548 0.043344 0.208333
9 0.549536 0.437500 0.029102 0.208333
10 0.574303 0.404167 0.039009 0.275000
11 0.596594 0.404167 0.043963 0.236905
12 0.626625 0.389881 0.043344 0.227381
13 0.663467 0.370833 0.048916 0.227381
14 0.703096 0.366071 0.048916 0.198810
15 0.740248 0.342262 0.063777 0.170238
24 0.490093 0.638690 0.029102 0.153571
25 0.467802 0.632738 0.034056 0.160714
26 0.430650 0.647024 0.058824 0.227381
27 0.398452 0.627976 0.063777 0.208333
28 0.368731 0.599405 0.063777 0.189286
29 0.321672 0.580357 0.118266 0.227381
30 0.277090 0.527976 0.108359 0.217857
31 0.220124 0.459524 0.083591 0.176190
16 0.512384 0.642262 0.034056 0.160714
17 0.542105 0.656548 0.034056 0.170238
18 0.574613 0.675595 0.048297 0.227381
19 0.607121 0.657738 0.045201 0.205952
20 0.636223 0.625000 0.053870 0.183333
21 0.683282 0.623214 0.098452 0.236905
22 0.727864 0.580357 0.098452 0.208333
23 0.779257 0.504167 0.084830 0.113095