0 0.492570 0.473810 0.034056 0.204762
1 0.465325 0.475595 0.029102 0.189286
2 0.439009 0.470833 0.032198 0.217857
3 0.418266 0.475595 0.043963 0.208333
4 0.386068 0.480357 0.039009 0.198810
5 0.346440 0.481548 0.058824 0.196429
6 0.304334 0.475595 0.053870 0.189286
8 0.524768 0.474405 0.039009 0.205952
9 0.554489 0.475595 0.029102 0.189286
10 0.584830 0.468452 0.037771 0.222619
11 0.606502 0.487500 0.034056 0.184524
12 0.636223 0.480357 0.034056 0.179762
13 0.668421 0.475595 0.048916 0.189286
14 0.707430 0.475595 0.047678 0.189286
24 0.490093 0.689881 0.029102 0.160714
25 0.467802 0.694643 0.034056 0.170238
26 0.440557 0.712500 0.039009 0.205952
27 0.410836 0.704167 0.039009 0.189286
28 0.375851 0.699405 0.048297 0.198810
29 0.337771 0.694643 0.071207 0.189286
30 0.286997 0.683333 0.068731 0.192857
16 0.514861 0.689881 0.029102 0.160714
17 0.539628 0.699405 0.029102 0.198810
18 0.566873 0.699405 0.034056 0.198810
19 0.596594 0.702976 0.034056 0.186905
20 0.626316 0.700595 0.043963 0.201190
21 0.668421 0.693452 0.068731 0.186905
22 0.713003 0.675595 0.068731 0.189286