0 0.490093 0.427976 0.039009 0.227381
1 0.460991 0.423214 0.037771 0.198810
2 0.428173 0.408929 0.043963 0.227381
3 0.401548 0.423214 0.040248 0.198810
4 0.371207 0.408929 0.039009 0.227381
6 0.331579 0.399405 0.058824 0.189286
7 0.291950 0.385119 0.078638 0.198810
8 0.524768 0.432738 0.039009 0.217857
9 0.556966 0.437500 0.034056 0.189286
10 0.581734 0.418452 0.034056 0.246429
11 0.611765 0.432738 0.034675 0.198810
12 0.641796 0.432738 0.042724 0.217857
13 0.675851 0.426786 0.053870 0.186905
14 0.720124 0.408929 0.063158 0.208333
24 0.477709 0.608929 0.024149 0.151190
25 0.455418 0.615476 0.029102 0.176190
26 0.433127 0.627976 0.034056 0.208333
27 0.405882 0.613690 0.039009 0.198810
28 0.375542 0.613690 0.047678 0.198810
29 0.331269 0.599405 0.078019 0.189286
30 0.279567 0.575595 0.063777 0.179762
16 0.495046 0.608929 0.029102 0.151190
17 0.514861 0.623214 0.029102 0.160714
18 0.539628 0.642262 0.039009 0.236905
19 0.571827 0.631548 0.034056 0.196429
20 0.604025 0.629762 0.039009 0.204762
21 0.650464 0.627976 0.082353 0.227381
22 0.698142 0.599405 0.068731 0.189286