0 0.492570 0.518452 0.034056 0.198810
1 0.470279 0.523214 0.029102 0.189286
2 0.443034 0.508929 0.034056 0.217857
3 0.425697 0.508929 0.039009 0.198810
4 0.398452 0.504167 0.034056 0.189286
5 0.366254 0.494643 0.048916 0.189286
6 0.326625 0.475595 0.048916 0.189286
7 0.316718 0.385119 0.058824 0.103571
8 0.524768 0.526786 0.039009 0.201190
9 0.547059 0.523214 0.034056 0.189286
10 0.571827 0.504167 0.034056 0.227381
11 0.591641 0.508929 0.034056 0.198810
12 0.616409 0.502976 0.043963 0.186905
13 0.651084 0.485119 0.053870 0.189286
14 0.688235 0.464881 0.048916 0.186905
15 0.702477 0.366071 0.047678 0.084524
24 0.497523 0.708929 0.024149 0.141667
25 0.480186 0.711310 0.019195 0.165476
26 0.457895 0.708929 0.024149 0.179762
27 0.438080 0.706548 0.034056 0.184524
28 0.415789 0.694643 0.048916 0.189286
29 0.371207 0.675595 0.078638 0.189286
30 0.326625 0.650595 0.068731 0.182143
31 0.279567 0.632738 0.063777 0.122619
16 0.517337 0.707738 0.024149 0.144048
17 0.537152 0.712500 0.034056 0.172619
18 0.559443 0.713690 0.029102 0.189286
19 0.576780 0.699405 0.034056 0.179762
20 0.601548 0.694643 0.053870 0.189286
21 0.646130 0.675595 0.083591 0.189286
22 0.693189 0.639881 0.078638 0.175000
23 0.740248 0.613690 0.053870 0.103571