0 0.472755 0.404167 0.034056 0.217857
1 0.440557 0.392857 0.029102 0.214286
2 0.409288 0.389881 0.042105 0.246429
3 0.386068 0.414286 0.039009 0.216667
4 0.360372 0.418452 0.040867 0.208333
5 0.324768 0.408929 0.062539 0.227381
6 0.272136 0.413690 0.058824 0.198810
8 0.504954 0.408333 0.039009 0.226190
9 0.536223 0.408929 0.035913 0.227381
10 0.566873 0.404167 0.043963 0.255952
11 0.594118 0.423214 0.048916 0.217857
12 0.621362 0.430357 0.034056 0.222619
13 0.659133 0.456548 0.057585 0.189286
14 0.705573 0.447024 0.053870 0.208333
24 0.487616 0.627976 0.024149 0.189286
25 0.465325 0.623214 0.029102 0.198810
26 0.443034 0.656548 0.034056 0.265476
27 0.418266 0.654167 0.034056 0.232143
28 0.387307 0.656548 0.046440 0.246429
29 0.336223 0.651786 0.087926 0.236905
30 0.279567 0.637500 0.093498 0.227381
16 0.507430 0.623214 0.024149 0.179762
17 0.527245 0.632738 0.024149 0.198810
18 0.549536 0.666071 0.039009 0.246429
19 0.579257 0.661310 0.039009 0.236905
20 0.608978 0.674405 0.039009 0.244048
21 0.653560 0.675595 0.068731 0.227381