0 0.492570 0.489881 0.034056 0.198810
1 0.462848 0.494643 0.034056 0.189286
2 0.438080 0.461310 0.034056 0.236905
3 0.408050 0.485119 0.042105 0.189286
4 0.378638 0.475595 0.034056 0.189286
5 0.343963 0.451786 0.053870 0.198810
6 0.314241 0.394643 0.053870 0.122619
8 0.524768 0.485119 0.039009 0.208333
9 0.552012 0.499405 0.034056 0.179762
10 0.581734 0.475595 0.034056 0.227381
11 0.606502 0.492262 0.034056 0.184524
12 0.636223 0.489881 0.034056 0.160714
13 0.670898 0.470833 0.043963 0.179762
14 0.700619 0.413690 0.053870 0.141667
24 0.504954 0.680357 0.019195 0.160714
25 0.485139 0.680357 0.029102 0.160714
26 0.462848 0.694643 0.034056 0.189286
27 0.435604 0.675595 0.029102 0.170238
28 0.403406 0.694643 0.043963 0.151190
29 0.358824 0.642262 0.073684 0.179762
30 0.301858 0.604167 0.068731 0.160714
16 0.522291 0.685119 0.024149 0.170238
17 0.547059 0.685119 0.024149 0.151190
18 0.564396 0.699405 0.029102 0.179762
19 0.589164 0.704167 0.039009 0.151190
20 0.626316 0.727976 0.043963 0.141667
21 0.663467 0.651786 0.058824 0.179762
22 0.717957 0.623214 0.068731 0.160714
23 0.752632 0.566071 0.039009 0.084524
42 0.623839 0.637500 0.048916 0.113095
43 0.586687 0.608929 0.034056 0.055952
51 0.410836 0.595238 0.048916 0.064286