0 0.485139 0.470833 0.039009 0.217857
1 0.455418 0.466071 0.029102 0.208333
2 0.425697 0.456548 0.039009 0.246429
3 0.398452 0.456548 0.043963 0.227381
4 0.370588 0.466071 0.040248 0.208333
5 0.331889 0.461310 0.058204 0.198810
6 0.286997 0.432738 0.058824 0.217857
8 0.517337 0.470833 0.034056 0.217857
9 0.544582 0.470833 0.029102 0.179762
10 0.572136 0.437500 0.033437 0.246429
11 0.596594 0.447024 0.034056 0.227381
12 0.626316 0.461310 0.034056 0.198810
14 0.698142 0.442262 0.048916 0.217857
24 0.500000 0.642262 0.029102 0.160714
25 0.472755 0.647024 0.024149 0.170238
26 0.447988 0.670833 0.034056 0.217857
27 0.410836 0.666071 0.039009 0.208333
28 0.375851 0.673214 0.038390 0.213095
30 0.301858 0.642262 0.088545 0.198810
31 0.253560 0.589881 0.091022 0.170238
16 0.522291 0.653571 0.024149 0.164286
17 0.544582 0.661310 0.029102 0.198810
18 0.574303 0.666071 0.029102 0.227381
19 0.604025 0.661310 0.039009 0.217857
20 0.633746 0.666071 0.039009 0.208333
21 0.683282 0.642857 0.068731 0.197619
22 0.732817 0.594643 0.078638 0.160714