0 0.440557 0.523214 0.039009 0.094048
2 0.408359 0.532738 0.043963 0.094048
3 0.373684 0.494643 0.034056 0.151190
4 0.346440 0.489881 0.039009 0.179762
5 0.309288 0.499405 0.053870 0.179762
8 0.475232 0.475595 0.039009 0.208333
9 0.512384 0.470833 0.043963 0.217857
12 0.638700 0.492857 0.039009 0.185714
13 0.680805 0.504167 0.053870 0.189286
14 0.725387 0.499405 0.043963 0.160714
24 0.489164 0.675595 0.030960 0.151190
25 0.463158 0.675595 0.043344 0.170238
26 0.430650 0.694643 0.039009 0.189286
30 0.279567 0.655952 0.073684 0.169048
16 0.512384 0.666071 0.024149 0.151190
17 0.537771 0.666071 0.032817 0.170238
18 0.571827 0.689881 0.043963 0.236905
19 0.606502 0.685119 0.043963 0.189286