0 0.460372 0.520833 0.068731 0.289286
1 0.425697 0.585119 0.039009 0.141667
2 0.388545 0.523214 0.043963 0.284524
3 0.346440 0.525595 0.048916 0.279762
4 0.309907 0.527976 0.052632 0.275000
5 0.277090 0.585119 0.058824 0.179762
8 0.512384 0.523810 0.053870 0.302381
9 0.554489 0.594643 0.039009 0.141667
10 0.586687 0.537500 0.043963 0.255952
11 0.618885 0.597024 0.039009 0.127381
12 0.651084 0.527976 0.043963 0.255952
13 0.695666 0.523214 0.053870 0.284524
26 0.395975 0.732738 0.029102 0.170238
18 0.599071 0.732738 0.029102 0.170238