0 0.537152 0.442262 0.043963 0.198810
1 0.504954 0.432738 0.039009 0.198810
2 0.475232 0.413690 0.039009 0.217857
3 0.415789 0.423214 0.048916 0.160714
6 0.331579 0.475595 0.058824 0.208333
7 0.286997 0.470833 0.058824 0.198810
8 0.576780 0.448810 0.053870 0.223810
9 0.604025 0.461310 0.048916 0.198810
10 0.633746 0.477381 0.048916 0.221429
11 0.656037 0.489881 0.043963 0.198810
12 0.681424 0.494643 0.042724 0.227381
13 0.695666 0.556548 0.034056 0.122619
14 0.725387 0.508929 0.053870 0.198810
15 0.755108 0.504167 0.043963 0.170238
24 0.514861 0.637500 0.029102 0.170238
25 0.493808 0.635119 0.031579 0.184524
26 0.465325 0.661310 0.039009 0.255952
27 0.430650 0.642262 0.039009 0.198810
28 0.397523 0.656548 0.042105 0.208333
30 0.297214 0.651786 0.087926 0.179762
16 0.539628 0.637500 0.029102 0.170238
17 0.562229 0.661310 0.033437 0.179762
18 0.586687 0.675595 0.034056 0.227381
19 0.614861 0.675595 0.030960 0.189286
20 0.639009 0.694643 0.038390 0.170238
21 0.683282 0.661310 0.068731 0.065476
22 0.745201 0.675595 0.073684 0.189286