0 0.490093 0.418452 0.039009 0.208333
1 0.462848 0.408929 0.034056 0.208333
2 0.433127 0.404167 0.034056 0.217857
3 0.400929 0.418452 0.039009 0.189286
4 0.369350 0.408929 0.042724 0.189286
5 0.326625 0.418452 0.058824 0.170238
6 0.277090 0.413690 0.058824 0.179762
8 0.522291 0.423214 0.034056 0.217857
9 0.552012 0.432738 0.034056 0.198810
10 0.581734 0.427976 0.034056 0.227381
11 0.612384 0.430952 0.035913 0.195238
12 0.641176 0.432738 0.034056 0.179762
13 0.678328 0.437500 0.048916 0.189286
14 0.717957 0.432738 0.048916 0.179762
24 0.502477 0.618452 0.024149 0.151190
25 0.485139 0.608929 0.029102 0.170238
26 0.456347 0.613690 0.037152 0.179762
27 0.430650 0.608929 0.039009 0.189286
28 0.403406 0.604167 0.043963 0.198810
29 0.353870 0.600000 0.063777 0.188095
31 0.294427 0.580357 0.073684 0.170238
16 0.522291 0.608929 0.024149 0.151190
17 0.544582 0.610714 0.029102 0.166667
18 0.571827 0.618452 0.034056 0.189286
19 0.601548 0.618452 0.034056 0.170238
20 0.629102 0.623214 0.038390 0.179762
21 0.668421 0.610714 0.058824 0.185714
22 0.710526 0.608929 0.053870 0.189286