0 0.492570 0.494643 0.034056 0.208333
1 0.465325 0.485119 0.029102 0.189286
2 0.440557 0.466071 0.029102 0.227381
3 0.418266 0.485119 0.034056 0.208333
4 0.393498 0.489881 0.034056 0.198810
5 0.356347 0.485119 0.048916 0.189286
6 0.314241 0.469048 0.043963 0.214286
8 0.519814 0.499405 0.039009 0.198810
9 0.544582 0.489881 0.029102 0.198810
10 0.569350 0.470833 0.039009 0.217857
11 0.599071 0.480357 0.039009 0.198810
13 0.638700 0.485119 0.048916 0.189286
14 0.678328 0.470833 0.048916 0.198810
24 0.495046 0.699405 0.029102 0.160714
25 0.477709 0.694643 0.034056 0.170238
26 0.462848 0.718452 0.034056 0.198810
27 0.433127 0.718452 0.034056 0.217857
29 0.388545 0.704167 0.073684 0.208333
30 0.353870 0.694643 0.053870 0.189286
16 0.504954 0.680357 0.029102 0.160714
17 0.522291 0.694643 0.024149 0.170238
18 0.544582 0.704167 0.029102 0.208333
19 0.569350 0.704167 0.039009 0.189286
20 0.594118 0.699405 0.039009 0.179762
21 0.632198 0.689881 0.071827 0.198810
22 0.675232 0.685119 0.065015 0.189286