0 0.509907 0.466071 0.048916 0.208333
1 0.485449 0.466071 0.048297 0.189286
2 0.452941 0.456548 0.053870 0.208333
3 0.413313 0.466071 0.043963 0.189286
4 0.378638 0.461310 0.043963 0.217857
5 0.334056 0.461310 0.073684 0.217857
6 0.277090 0.456548 0.078638 0.208333
7 0.230031 0.447024 0.063777 0.189286
9 0.564396 0.480357 0.029102 0.160714
10 0.591641 0.470833 0.034056 0.198810
11 0.611455 0.489881 0.034056 0.179762
12 0.638700 0.486905 0.029102 0.173810
13 0.673375 0.470833 0.048916 0.198810
14 0.717957 0.470833 0.058824 0.198810
15 0.760062 0.456548 0.043963 0.189286
24 0.502477 0.664286 0.024149 0.166667
25 0.482663 0.675595 0.034056 0.189286
26 0.452941 0.682143 0.034056 0.211905
27 0.420743 0.685119 0.048916 0.227381
28 0.384211 0.685119 0.045201 0.208333
29 0.336533 0.675595 0.078638 0.208333
30 0.282043 0.656548 0.088545 0.189286
31 0.220124 0.613690 0.093498 0.160714
16 0.519814 0.666071 0.029102 0.170238
17 0.538700 0.666071 0.027245 0.151190
18 0.564396 0.672024 0.029102 0.196429
19 0.584211 0.667262 0.029102 0.186905
20 0.613932 0.685119 0.039009 0.189286
21 0.658514 0.670833 0.068731 0.179762
22 0.701858 0.660714 0.086068 0.178571
23 0.760062 0.630952 0.083591 0.157143