0 0.500000 0.394643 0.039009 0.179762
1 0.472755 0.380357 0.034056 0.208333
2 0.445511 0.381548 0.039009 0.244048
3 0.418266 0.385119 0.063777 0.236905
4 0.388545 0.399405 0.063777 0.208333
5 0.343963 0.394643 0.083591 0.236905
6 0.295356 0.404167 0.065635 0.217857
8 0.534675 0.385119 0.039009 0.198810
9 0.564396 0.375595 0.029102 0.217857
10 0.602167 0.380357 0.062539 0.246429
11 0.621362 0.413690 0.053870 0.217857
12 0.643653 0.408929 0.039009 0.227381
14 0.708050 0.413690 0.058824 0.198810
24 0.504954 0.600000 0.029102 0.207143
25 0.487616 0.604167 0.034056 0.198810
26 0.462229 0.627976 0.035294 0.246429
27 0.430650 0.632738 0.039009 0.236905
28 0.366254 0.632738 0.118266 0.236905
30 0.294427 0.618452 0.083591 0.208333
16 0.522291 0.594643 0.024149 0.198810
17 0.542105 0.608929 0.034056 0.208333
18 0.571827 0.637500 0.034056 0.246429
19 0.599071 0.627976 0.039009 0.213095
20 0.628793 0.637500 0.039009 0.227381
22 0.700619 0.604167 0.063777 0.179762