0 0.504954 0.404167 0.029102 0.217857
1 0.485139 0.408929 0.029102 0.189286
2 0.457895 0.380357 0.034056 0.246429
3 0.435604 0.399405 0.048916 0.189286
4 0.408978 0.399405 0.045201 0.208333
5 0.370588 0.397619 0.057585 0.204762
6 0.323529 0.394643 0.045201 0.198810
8 0.533437 0.418452 0.036533 0.208333
9 0.559443 0.423214 0.029102 0.179762
10 0.586687 0.408929 0.034056 0.227381
11 0.608978 0.423214 0.039009 0.198810
12 0.631269 0.427976 0.034056 0.189286
13 0.660991 0.432738 0.043963 0.179762
14 0.700619 0.427976 0.043963 0.170238
24 0.514861 0.664286 0.029102 0.166667
25 0.492570 0.656548 0.034056 0.170238
26 0.462848 0.661310 0.043963 0.198810
27 0.430650 0.654762 0.039009 0.204762
28 0.398452 0.651786 0.053870 0.198810
29 0.346440 0.642262 0.088545 0.198810
30 0.286997 0.618452 0.088545 0.208333
16 0.535913 0.661310 0.031579 0.179762
17 0.561920 0.670833 0.034056 0.179762
18 0.582353 0.670833 0.042724 0.217857
19 0.608978 0.675595 0.039009 0.208333
20 0.638700 0.661310 0.048916 0.198810
22 0.732817 0.623214 0.078638 0.179762