0 0.475232 0.461310 0.039009 0.160714
1 0.455418 0.518452 0.029102 0.141667
2 0.430650 0.394643 0.039009 0.122619
3 0.418266 0.456548 0.034056 0.113095
4 0.398452 0.432738 0.024149 0.122619
5 0.373684 0.476786 0.043963 0.146429
6 0.341486 0.427976 0.048916 0.113095
8 0.509907 0.451786 0.039009 0.179762
9 0.532817 0.519643 0.022910 0.144048
10 0.552012 0.394643 0.043963 0.122619
11 0.571827 0.456548 0.043963 0.113095
12 0.604025 0.456548 0.039009 0.113095
13 0.631269 0.494643 0.053870 0.132143
14 0.658514 0.447024 0.048916 0.094048
24 0.485139 0.699405 0.029102 0.160714
25 0.466563 0.737500 0.036533 0.122619
26 0.443034 0.811905 0.034056 0.100000
27 0.420743 0.763690 0.039009 0.098810
28 0.388545 0.756548 0.034056 0.084524
29 0.348916 0.689881 0.063777 0.160714
30 0.306811 0.651786 0.048916 0.103571
16 0.507430 0.708929 0.024149 0.160714
17 0.527245 0.742262 0.034056 0.113095
18 0.544582 0.813690 0.039009 0.103571
19 0.574303 0.770833 0.039009 0.094048
20 0.611455 0.770833 0.043963 0.094048
21 0.651084 0.702381 0.063777 0.147619
22 0.700619 0.667262 0.053870 0.096429
32 0.398452 0.541071 0.034056 0.115476
33 0.425697 0.540476 0.029102 0.116667
34 0.443034 0.530952 0.024149 0.147619
39 0.552012 0.527976 0.024149 0.141667
40 0.574303 0.542262 0.039009 0.113095
41 0.597214 0.542262 0.042724 0.113095
42 0.606502 0.675595 0.053870 0.132143
43 0.570279 0.670833 0.037152 0.122619
44 0.544582 0.680357 0.029102 0.141667
45 0.527245 0.656548 0.024149 0.075000
48 0.467802 0.651786 0.024149 0.065476
49 0.450464 0.670833 0.029102 0.122619
50 0.423220 0.675595 0.043963 0.132143
51 0.391022 0.670833 0.048916 0.141667