0 0.475232 0.461310 0.048916 0.217857
1 0.452322 0.466071 0.042724 0.189286
2 0.418266 0.483929 0.053870 0.225000
3 0.393498 0.480357 0.043963 0.217857
4 0.366254 0.489881 0.039009 0.198810
5 0.331579 0.497619 0.058824 0.195238
6 0.286997 0.489286 0.048916 0.197619
8 0.514861 0.461310 0.039009 0.217857
9 0.547059 0.475595 0.034056 0.189286
10 0.579257 0.466071 0.039009 0.208333
11 0.599071 0.475595 0.039009 0.208333
12 0.631269 0.480357 0.034056 0.198810
13 0.670898 0.475595 0.063777 0.208333
14 0.713003 0.475595 0.048916 0.189286
24 0.492570 0.675595 0.024149 0.189286
25 0.475232 0.679167 0.029102 0.177381
26 0.450464 0.694643 0.039009 0.189286
27 0.423220 0.699405 0.034056 0.198810
28 0.395666 0.708929 0.038390 0.198810
29 0.356347 0.699405 0.068731 0.198810
30 0.304334 0.694643 0.063777 0.189286
16 0.512384 0.666071 0.024149 0.170238
17 0.529721 0.675595 0.029102 0.189286
18 0.549536 0.689881 0.029102 0.217857
19 0.576780 0.694643 0.034056 0.208333
20 0.604025 0.689881 0.039009 0.198810
21 0.648607 0.694643 0.068731 0.208333
22 0.698142 0.675595 0.068731 0.189286