0 0.492570 0.499405 0.043963 0.217857
1 0.457895 0.504762 0.034056 0.169048
2 0.426006 0.507738 0.038390 0.196429
3 0.405882 0.508929 0.048916 0.198810
4 0.371517 0.513690 0.048297 0.189286
6 0.289474 0.523214 0.063777 0.189286
8 0.529721 0.489881 0.048916 0.217857
9 0.564396 0.513690 0.029102 0.189286
10 0.596594 0.499405 0.043963 0.217857
11 0.621362 0.519643 0.043963 0.177381
12 0.651084 0.523214 0.034056 0.170238
14 0.729721 0.523214 0.052632 0.170238
24 0.509907 0.666071 0.029102 0.151190
25 0.485139 0.675595 0.029102 0.170238
26 0.452941 0.670833 0.043963 0.198810
27 0.418266 0.680357 0.043963 0.198810
28 0.386068 0.695238 0.048916 0.226190
16 0.529721 0.675595 0.029102 0.170238
17 0.552012 0.670833 0.034056 0.217857
18 0.576780 0.689881 0.034056 0.217857
19 0.606502 0.689881 0.034056 0.198810
20 0.634985 0.694643 0.046440 0.189286
21 0.675851 0.685119 0.073684 0.189286
22 0.727864 0.675595 0.068731 0.189286