0 0.457895 0.466071 0.043963 0.208333
1 0.430650 0.461310 0.029102 0.198810
2 0.403406 0.470833 0.034056 0.198810
3 0.379257 0.475595 0.032817 0.170238
4 0.356347 0.480357 0.029102 0.179762
5 0.324149 0.480357 0.043963 0.179762
6 0.286997 0.466071 0.048916 0.208333
8 0.492570 0.470833 0.043963 0.198810
9 0.527245 0.461310 0.034056 0.217857
10 0.561920 0.447024 0.043963 0.246429
11 0.586687 0.470833 0.034056 0.198810
12 0.611455 0.472024 0.034056 0.186905
13 0.643653 0.489881 0.058824 0.179762
14 0.685759 0.490476 0.053870 0.192857
24 0.460372 0.627976 0.039009 0.132143
25 0.443034 0.637500 0.043963 0.170238
26 0.413313 0.656548 0.053870 0.208333
27 0.393498 0.642262 0.043963 0.160714
28 0.366254 0.637500 0.039009 0.170238
16 0.490093 0.623214 0.029102 0.122619
17 0.512384 0.632738 0.034056 0.141667
18 0.534675 0.660119 0.039009 0.220238
19 0.566873 0.632738 0.034056 0.160714
20 0.599071 0.647024 0.048916 0.189286
21 0.643653 0.661310 0.048916 0.198810
22 0.687926 0.656548 0.058204 0.189286