0 0.475542 0.513690 0.038390 0.189286
1 0.447988 0.523214 0.034056 0.170238
2 0.424149 0.527976 0.032198 0.179762
3 0.403406 0.542262 0.043963 0.151190
4 0.376161 0.527976 0.039009 0.179762
5 0.341486 0.527976 0.058824 0.179762
6 0.304334 0.537500 0.043963 0.179762
8 0.507430 0.513690 0.034056 0.189286
9 0.536842 0.513690 0.033437 0.170238
10 0.564396 0.513690 0.039009 0.189286
11 0.591641 0.523214 0.034056 0.170238
12 0.611455 0.523214 0.034056 0.170238
15 0.675851 0.532738 0.053870 0.170238
24 0.487616 0.708929 0.024149 0.160714
25 0.467802 0.718452 0.024149 0.179762
26 0.443963 0.725000 0.032198 0.192857
27 0.415789 0.726786 0.029102 0.182143
28 0.387616 0.723214 0.042105 0.189286
29 0.347678 0.718452 0.061300 0.179762
30 0.306811 0.708929 0.058824 0.160714
16 0.507430 0.699405 0.024149 0.160714
17 0.527245 0.704167 0.024149 0.151190
18 0.551393 0.713690 0.032817 0.189286
19 0.574303 0.713690 0.039009 0.189286
20 0.606502 0.718452 0.043963 0.179762
21 0.643653 0.713690 0.068731 0.189286
22 0.688235 0.694643 0.068731 0.170238