10 0.554180 0.432738 0.038390 0.160714
11 0.579257 0.447024 0.029102 0.132143
24 0.485139 0.651786 0.019195 0.084524
25 0.465325 0.704167 0.029102 0.170238
26 0.445511 0.709524 0.029102 0.197619
27 0.415789 0.704167 0.039009 0.189286
28 0.388545 0.704167 0.034056 0.170238
30 0.299381 0.699405 0.053870 0.179762
16 0.504954 0.647024 0.029102 0.094048
17 0.523220 0.651786 0.026006 0.084524
18 0.547059 0.699405 0.034056 0.198810
19 0.571827 0.689881 0.034056 0.198810
20 0.598142 0.680357 0.047059 0.198810
21 0.651084 0.675595 0.073684 0.208333
22 0.700619 0.661310 0.073684 0.179762