0 0.480186 0.427976 0.048916 0.208333
1 0.440557 0.423214 0.048916 0.217857
2 0.396904 0.427976 0.047059 0.246429
3 0.358824 0.423214 0.043963 0.122619
4 0.334056 0.451786 0.043963 0.198810
5 0.284520 0.466071 0.063777 0.208333
6 0.234985 0.451786 0.053870 0.160714
8 0.527245 0.442262 0.053870 0.198810
9 0.569350 0.408929 0.039009 0.170238
10 0.608978 0.437500 0.048916 0.227381
12 0.660991 0.442262 0.043963 0.179762
13 0.703096 0.466071 0.058824 0.170238
14 0.747678 0.451786 0.048916 0.179762
15 0.782353 0.432738 0.039009 0.141667
24 0.494118 0.623214 0.037152 0.160714
25 0.465325 0.627976 0.039009 0.170238
26 0.430650 0.647024 0.039009 0.208333
27 0.395666 0.642262 0.048297 0.198810
28 0.358824 0.632738 0.043963 0.179762
16 0.519814 0.627976 0.039009 0.170238
17 0.547059 0.632738 0.034056 0.179762
19 0.613932 0.632738 0.039009 0.198810
20 0.651084 0.632738 0.043963 0.179762
22 0.745201 0.618452 0.083591 0.170238
23 0.789783 0.599405 0.053870 0.151190