0 0.480186 0.566071 0.039009 0.179762
1 0.451084 0.556548 0.037771 0.179762
2 0.435604 0.480357 0.029102 0.179762
3 0.411455 0.489881 0.037771 0.160714
4 0.403406 0.461310 0.034056 0.141667
5 0.371207 0.532738 0.048916 0.189286
6 0.346440 0.470833 0.048916 0.141667
7 0.324149 0.389881 0.053870 0.094048
8 0.517337 0.561310 0.043963 0.189286
9 0.547059 0.561310 0.034056 0.170238
10 0.571827 0.508929 0.034056 0.198810
11 0.596594 0.547024 0.034056 0.103571
12 0.604025 0.451786 0.039009 0.160714
13 0.641176 0.532738 0.053870 0.189286
14 0.658514 0.466071 0.058824 0.151190
15 0.680805 0.399405 0.043963 0.094048
24 0.504954 0.751786 0.029102 0.132143
25 0.482663 0.747024 0.034056 0.141667
26 0.457276 0.754167 0.042724 0.155952
27 0.419195 0.794643 0.042105 0.141667
28 0.371207 0.794643 0.039009 0.141667
29 0.341796 0.699405 0.078019 0.179762
30 0.295046 0.713690 0.052632 0.132143
31 0.262229 0.637500 0.048916 0.113095
16 0.532198 0.747024 0.024149 0.122619
17 0.558824 0.747024 0.027864 0.141667
18 0.579257 0.756548 0.029102 0.160714
19 0.611455 0.794643 0.034056 0.141667
20 0.655418 0.770833 0.042724 0.151190
21 0.679257 0.694048 0.060681 0.188095
22 0.725387 0.704167 0.053870 0.132143
23 0.752632 0.613690 0.048916 0.122619
32 0.405882 0.580357 0.048916 0.113095
41 0.613932 0.575595 0.048916 0.141667
42 0.636223 0.708929 0.043963 0.122619
51 0.391022 0.713690 0.048916 0.113095