0 0.470279 0.470833 0.039009 0.217857
1 0.440557 0.475595 0.029102 0.208333
2 0.410217 0.451786 0.037771 0.255952
3 0.386068 0.470833 0.039009 0.198810
4 0.358824 0.470833 0.034056 0.198810
5 0.324149 0.475595 0.053870 0.208333
6 0.272136 0.461310 0.058824 0.217857
8 0.512384 0.470833 0.043963 0.236905
9 0.544582 0.485119 0.048916 0.189286
10 0.579257 0.464286 0.048916 0.242857
11 0.604025 0.480357 0.039009 0.198810
12 0.631269 0.494643 0.034056 0.170238
13 0.665944 0.461310 0.053870 0.236905
14 0.713003 0.472024 0.048916 0.182143
24 0.462848 0.651786 0.034056 0.179762
26 0.425697 0.675595 0.048916 0.246429
27 0.394737 0.680357 0.046440 0.198810
28 0.366254 0.675595 0.039009 0.189286
29 0.319195 0.680357 0.073684 0.198810
30 0.267183 0.661310 0.088545 0.179762
16 0.487616 0.642262 0.034056 0.217857
17 0.517337 0.661310 0.034056 0.198810
18 0.549536 0.675595 0.039009 0.227381
19 0.586687 0.675595 0.043963 0.189286
20 0.613932 0.670833 0.039009 0.179762
21 0.660991 0.670833 0.073684 0.198810
22 0.720433 0.652976 0.073684 0.177381