0 0.470279 0.442262 0.039009 0.217857
1 0.435604 0.452976 0.039009 0.220238
2 0.405882 0.456548 0.048916 0.227381
3 0.386068 0.469643 0.039009 0.196429
4 0.361300 0.472024 0.039009 0.196429
5 0.326625 0.466071 0.048916 0.208333
6 0.281424 0.456548 0.057585 0.208333
8 0.500000 0.432738 0.039009 0.236905
9 0.532198 0.447024 0.034056 0.208333
10 0.566873 0.441071 0.043963 0.220238
11 0.596594 0.451786 0.034056 0.198810
12 0.623839 0.447024 0.039009 0.189286
13 0.658514 0.437500 0.048916 0.189286
14 0.700619 0.423214 0.053870 0.198810
24 0.497523 0.632738 0.034056 0.141667
25 0.475232 0.642262 0.029102 0.141667
26 0.450464 0.680357 0.029102 0.236905
27 0.418885 0.666667 0.035294 0.188095
28 0.386068 0.670833 0.039009 0.198810
29 0.343963 0.670833 0.053870 0.198810
30 0.296904 0.661310 0.068731 0.198810
16 0.517337 0.640476 0.034056 0.157143
17 0.543344 0.642262 0.036533 0.179762
18 0.581734 0.654167 0.053870 0.203571
19 0.601548 0.643452 0.034056 0.196429
20 0.633746 0.647024 0.048916 0.208333
21 0.673375 0.632738 0.068731 0.198810
22 0.727864 0.604167 0.088545 0.179762
23 0.780186 0.573810 0.073065 0.100000