0 0.490093 0.489881 0.029102 0.198810
1 0.467802 0.493452 0.024149 0.172619
2 0.445511 0.470833 0.029102 0.217857
3 0.425697 0.485119 0.039009 0.189286
4 0.398452 0.473810 0.034056 0.173810
5 0.361300 0.466071 0.048916 0.170238
6 0.331579 0.437500 0.058824 0.170238
7 0.314241 0.356548 0.034056 0.122619
8 0.514861 0.485119 0.029102 0.208333
9 0.534675 0.485119 0.039009 0.170238
10 0.561920 0.475595 0.034056 0.208333
11 0.581734 0.489881 0.034056 0.179762
12 0.608978 0.481548 0.039009 0.158333
13 0.643653 0.470833 0.048916 0.160714
14 0.683282 0.437500 0.068731 0.170238
15 0.693808 0.351786 0.040248 0.132143
24 0.502477 0.675595 0.024149 0.151190
25 0.485139 0.685119 0.019195 0.151190
26 0.465325 0.694643 0.029102 0.189286
27 0.447988 0.685119 0.034056 0.189286
28 0.420743 0.680357 0.039009 0.179762
29 0.376161 0.647024 0.078638 0.189286
30 0.329102 0.613690 0.083591 0.179762
31 0.289474 0.589881 0.053870 0.094048
16 0.517337 0.672619 0.024149 0.161905
17 0.534675 0.675595 0.019195 0.151190
18 0.552012 0.685119 0.024149 0.189286
19 0.569350 0.685119 0.029102 0.189286
20 0.596594 0.682143 0.053870 0.195238
21 0.636223 0.647024 0.083591 0.189286
22 0.685759 0.613690 0.083591 0.179762
23 0.740248 0.585119 0.063777 0.103571