0 0.482663 0.519643 0.034056 0.215476
1 0.455418 0.508929 0.029102 0.198810
2 0.430650 0.499405 0.048916 0.217857
3 0.405882 0.498214 0.039009 0.201190
4 0.376161 0.478571 0.039009 0.214286
5 0.339009 0.475595 0.053870 0.189286
6 0.295666 0.476190 0.046440 0.169048
7 0.259752 0.427976 0.053870 0.170238
8 0.509907 0.513690 0.039009 0.208333
9 0.539628 0.508929 0.039009 0.217857
10 0.566873 0.489881 0.034056 0.236905
11 0.596594 0.491667 0.043963 0.214286
12 0.618885 0.480357 0.039009 0.198810
13 0.656037 0.470833 0.053870 0.179762
14 0.695666 0.451786 0.043963 0.179762
15 0.732817 0.451786 0.058824 0.179762
24 0.500000 0.713690 0.029102 0.170238
25 0.480186 0.711310 0.029102 0.165476
26 0.455418 0.713690 0.029102 0.189286
27 0.429721 0.689881 0.047059 0.179762
28 0.400929 0.685119 0.048916 0.189286
29 0.356347 0.666071 0.078638 0.189286
30 0.314241 0.632738 0.063777 0.179762
31 0.269659 0.613690 0.063777 0.160714
16 0.519814 0.713690 0.029102 0.170238
17 0.537152 0.699405 0.034056 0.160714
18 0.565944 0.704167 0.045820 0.189286
19 0.589164 0.699405 0.048916 0.198810
20 0.616409 0.675595 0.063777 0.170238
21 0.653560 0.650000 0.078638 0.183333
22 0.693189 0.613690 0.068731 0.160714
23 0.735294 0.589881 0.063777 0.151190