0 0.482663 0.504167 0.034056 0.208333
1 0.455418 0.494643 0.029102 0.189286
2 0.428173 0.480357 0.034056 0.236905
3 0.402167 0.489881 0.036533 0.198810
4 0.373684 0.470833 0.034056 0.198810
5 0.341486 0.461310 0.048916 0.198810
6 0.301858 0.437500 0.048916 0.189286
8 0.514861 0.499405 0.039009 0.217857
9 0.544582 0.504167 0.029102 0.189286
10 0.573375 0.485119 0.037152 0.227381
11 0.601548 0.489881 0.034056 0.198810
12 0.630341 0.485119 0.035913 0.189286
13 0.663467 0.475595 0.048916 0.208333
14 0.703096 0.442262 0.048916 0.217857
15 0.733437 0.417262 0.067492 0.167857
24 0.492570 0.699405 0.024149 0.160714
25 0.470279 0.704167 0.029102 0.170238
26 0.445511 0.699405 0.039009 0.198810
27 0.423220 0.685119 0.034056 0.189286
28 0.394737 0.689881 0.041486 0.198810
29 0.351393 0.661905 0.068731 0.197619
30 0.301858 0.623214 0.068731 0.179762
16 0.512384 0.699405 0.024149 0.160714
17 0.532198 0.704167 0.024149 0.189286
18 0.561920 0.707143 0.043963 0.195238
19 0.581734 0.699405 0.034056 0.198810
20 0.611455 0.699405 0.043963 0.198810
21 0.653560 0.680357 0.068731 0.198810
22 0.703096 0.647024 0.078638 0.189286
23 0.742724 0.604167 0.068731 0.179762