0 0.492570 0.547024 0.034056 0.179762
1 0.470279 0.537500 0.029102 0.179762
2 0.446749 0.513690 0.031579 0.208333
3 0.428173 0.516071 0.034056 0.184524
4 0.403406 0.505357 0.034056 0.167857
5 0.371207 0.480357 0.048916 0.179762
6 0.345820 0.451786 0.067492 0.160714
7 0.324149 0.375595 0.053870 0.122619
8 0.524768 0.551786 0.029102 0.170238
9 0.547059 0.547024 0.024149 0.160714
10 0.571827 0.527976 0.034056 0.198810
11 0.594118 0.542262 0.029102 0.170238
12 0.616409 0.527976 0.034056 0.160714
13 0.641176 0.499405 0.043963 0.198810
14 0.675851 0.475595 0.043963 0.170238
15 0.693189 0.408929 0.048916 0.113095
24 0.497523 0.694643 0.024149 0.132143
25 0.475232 0.699405 0.029102 0.141667
26 0.447988 0.701190 0.034056 0.145238
27 0.423220 0.689881 0.043963 0.141667
28 0.408359 0.685119 0.053870 0.170238
29 0.356347 0.650595 0.088545 0.177381
30 0.306811 0.604167 0.088545 0.160714
31 0.252322 0.575595 0.068731 0.122619
16 0.515480 0.704167 0.027864 0.132143
17 0.537152 0.699405 0.024149 0.122619
18 0.564087 0.713690 0.038390 0.170238
19 0.586997 0.694643 0.039628 0.132143
20 0.613932 0.689881 0.048916 0.160714
21 0.658514 0.670833 0.078638 0.179762
22 0.700619 0.618452 0.073684 0.151190
23 0.742724 0.589286 0.048916 0.111905