0 0.492570 0.437500 0.043963 0.246429
1 0.455418 0.442262 0.039009 0.217857
2 0.418266 0.405357 0.043963 0.258333
3 0.391022 0.427976 0.039009 0.208333
4 0.356347 0.408929 0.039009 0.227381
5 0.316718 0.401190 0.058824 0.242857
6 0.267492 0.408929 0.058204 0.227381
8 0.534675 0.432738 0.048916 0.255952
9 0.571827 0.437500 0.034056 0.208333
10 0.601548 0.432738 0.034056 0.236905
11 0.631269 0.401786 0.034056 0.270238
12 0.660991 0.410119 0.034056 0.225000
13 0.698142 0.413690 0.058824 0.217857
14 0.747678 0.399405 0.058824 0.227381
24 0.502477 0.666071 0.034056 0.189286
25 0.472755 0.661310 0.034056 0.198810
26 0.443344 0.680357 0.043344 0.236905
27 0.405882 0.666071 0.039009 0.189286
28 0.373684 0.661310 0.043963 0.198810
29 0.329102 0.658333 0.063777 0.204762
30 0.274613 0.647024 0.063777 0.208333
16 0.532198 0.661310 0.043963 0.179762
17 0.555728 0.656548 0.041486 0.189286
18 0.584211 0.675595 0.048916 0.227381
19 0.616409 0.673214 0.053870 0.222619
20 0.646130 0.661310 0.053870 0.198810
21 0.683282 0.651786 0.068731 0.198810
22 0.737771 0.623214 0.068731 0.198810