0 0.440557 0.523214 0.048916 0.189286
1 0.408359 0.518452 0.034056 0.198810
2 0.378638 0.504167 0.034056 0.208333
3 0.348916 0.499405 0.053870 0.179762
4 0.321672 0.513690 0.039009 0.170238
5 0.282043 0.522619 0.048916 0.169048
6 0.242415 0.485119 0.048916 0.227381
8 0.485139 0.518452 0.048916 0.198810
9 0.517337 0.508929 0.034056 0.198810
10 0.556966 0.498214 0.053870 0.239286
11 0.589164 0.499405 0.048916 0.198810
12 0.626316 0.504167 0.043963 0.208333
13 0.668421 0.508929 0.058824 0.179762
14 0.713003 0.494643 0.058824 0.170238
24 0.440557 0.665476 0.029102 0.111905
25 0.413313 0.666071 0.034056 0.132143
26 0.383591 0.675595 0.034056 0.170238
27 0.353870 0.661310 0.043963 0.160714
28 0.324149 0.670833 0.034056 0.179762
29 0.296904 0.623214 0.029102 0.065476
16 0.470279 0.623214 0.029102 0.160714
17 0.499690 0.660119 0.028483 0.115476
18 0.532198 0.647024 0.053870 0.227381
19 0.571827 0.651786 0.043963 0.160714
20 0.613932 0.666071 0.039009 0.170238
21 0.663467 0.656548 0.078638 0.170238
22 0.720433 0.647024 0.073684 0.170238