0 0.467802 0.461310 0.043963 0.236905
1 0.435604 0.476786 0.039009 0.191667
2 0.398452 0.466071 0.043963 0.227381
3 0.376161 0.542262 0.029102 0.094048
4 0.356347 0.547024 0.029102 0.084524
5 0.314241 0.514881 0.073684 0.186905
8 0.507430 0.473810 0.043963 0.230952
10 0.582972 0.482143 0.051393 0.214286
11 0.613932 0.499405 0.039009 0.198810
13 0.659752 0.518452 0.066254 0.179762
14 0.708050 0.518452 0.058824 0.179762
24 0.477709 0.668452 0.034056 0.175000
25 0.447988 0.675595 0.034056 0.170238
26 0.423220 0.690476 0.043963 0.216667
27 0.388545 0.685119 0.043963 0.189286
28 0.356347 0.694643 0.039009 0.189286
29 0.321672 0.658333 0.039009 0.090476
16 0.501238 0.662500 0.031579 0.177381
17 0.529721 0.675595 0.039009 0.189286
18 0.563467 0.689881 0.037152 0.217857
19 0.594118 0.685119 0.039009 0.189286
20 0.628793 0.699405 0.039009 0.179762
21 0.660991 0.656548 0.034056 0.075000
22 0.704644 0.680357 0.065635 0.141667