0 0.490093 0.404167 0.048916 0.217857
2 0.443034 0.351786 0.034056 0.227381
4 0.386068 0.370833 0.039009 0.170238
5 0.349845 0.408929 0.061920 0.189286
6 0.299381 0.404167 0.053870 0.179762
7 0.262229 0.391071 0.058824 0.167857
8 0.523220 0.420833 0.035913 0.203571
9 0.553251 0.413690 0.036533 0.198810
11 0.601548 0.394643 0.034056 0.198810
12 0.631269 0.413690 0.034056 0.198810
14 0.695666 0.423214 0.043963 0.179762
15 0.735294 0.432738 0.043963 0.122619
24 0.495046 0.613690 0.019195 0.122619
25 0.477709 0.623214 0.024149 0.160714
26 0.460372 0.642262 0.029102 0.217857
27 0.433746 0.623214 0.025387 0.179762
28 0.407740 0.632738 0.035294 0.179762
29 0.321672 0.627976 0.078638 0.189286
30 0.272136 0.591071 0.088545 0.172619
16 0.509288 0.608929 0.017957 0.132143
17 0.527245 0.627976 0.024149 0.151190
18 0.544582 0.647024 0.029102 0.208333
19 0.571827 0.647024 0.034056 0.208333
20 0.594118 0.656548 0.029102 0.208333
21 0.631269 0.661310 0.053870 0.122619
22 0.680186 0.656548 0.045201 0.113095
23 0.727864 0.618452 0.078638 0.170238