0 0.480186 0.470833 0.039009 0.198810
1 0.450464 0.466071 0.029102 0.208333
2 0.413313 0.461310 0.053870 0.217857
3 0.383591 0.474405 0.043963 0.186905
4 0.353870 0.475595 0.043963 0.189286
5 0.314241 0.475595 0.053870 0.170238
6 0.269659 0.453571 0.043963 0.195238
7 0.232508 0.425595 0.058824 0.175000
8 0.517337 0.466071 0.034056 0.208333
9 0.549536 0.485119 0.039009 0.189286
10 0.581734 0.466667 0.043963 0.226190
11 0.611455 0.485714 0.043963 0.207143
12 0.646130 0.489881 0.043963 0.198810
13 0.688235 0.494643 0.048916 0.170238
15 0.730341 0.480357 0.043963 0.179762
24 0.485139 0.661310 0.029102 0.160714
25 0.460372 0.670833 0.029102 0.160714
26 0.433127 0.694643 0.043963 0.227381
27 0.395975 0.675595 0.039009 0.189286
28 0.361300 0.680357 0.039009 0.198810
29 0.313622 0.666071 0.065015 0.189286
30 0.267183 0.637500 0.068731 0.170238
31 0.217647 0.651190 0.058824 0.178571
16 0.509907 0.661310 0.029102 0.141667
17 0.532198 0.657738 0.034056 0.134524
18 0.564396 0.699405 0.029102 0.198810
19 0.601548 0.699405 0.034056 0.198810
20 0.635913 0.699405 0.043344 0.198810
21 0.680805 0.699405 0.063777 0.198810
22 0.727864 0.666071 0.068731 0.189286
23 0.780495 0.670833 0.055108 0.198810