0 0.482663 0.508929 0.034056 0.217857
1 0.455418 0.503571 0.029102 0.207143
2 0.425697 0.499405 0.039009 0.236905
3 0.400929 0.504167 0.039009 0.208333
4 0.371207 0.508929 0.039009 0.198810
5 0.334056 0.479167 0.053870 0.234524
6 0.291950 0.485119 0.048916 0.189286
8 0.514861 0.508929 0.039009 0.217857
9 0.547059 0.514881 0.034056 0.205952
10 0.574303 0.504167 0.039009 0.227381
11 0.601548 0.508929 0.034056 0.217857
12 0.628793 0.517857 0.029102 0.197619
13 0.665015 0.518452 0.052012 0.198810
14 0.703096 0.480357 0.048916 0.217857
24 0.487616 0.708929 0.024149 0.160714
25 0.462848 0.699405 0.024149 0.160714
26 0.440557 0.699405 0.029102 0.179762
27 0.413313 0.708929 0.043963 0.198810
28 0.382972 0.708929 0.042724 0.217857
29 0.331579 0.685119 0.078638 0.208333
30 0.284520 0.656548 0.063777 0.189286
16 0.507430 0.713690 0.024149 0.170238
17 0.526006 0.713690 0.026625 0.151190
18 0.569350 0.718452 0.039009 0.198810
19 0.597214 0.711905 0.040248 0.192857
20 0.623839 0.713690 0.048916 0.208333
21 0.670898 0.699405 0.073684 0.198810
22 0.717957 0.670833 0.068731 0.198810
44 0.549536 0.680357 0.029102 0.084524