0 0.473684 0.494643 0.026006 0.189286
1 0.450464 0.494643 0.029102 0.170238
2 0.430650 0.486905 0.029102 0.204762
3 0.408359 0.499405 0.034056 0.179762
4 0.381115 0.499405 0.029102 0.160714
5 0.348916 0.480357 0.043963 0.198810
6 0.314241 0.470833 0.053870 0.179762
7 0.296904 0.394643 0.048916 0.103571
8 0.497523 0.494643 0.034056 0.189286
9 0.522291 0.499405 0.024149 0.179762
10 0.547059 0.485119 0.034056 0.227381
11 0.571827 0.508333 0.034056 0.197619
12 0.596594 0.504167 0.034056 0.189286
13 0.633746 0.504167 0.058824 0.189286
14 0.675851 0.489881 0.063777 0.179762
15 0.693189 0.404167 0.048916 0.122619
24 0.485139 0.675595 0.019195 0.151190
25 0.470279 0.675595 0.019195 0.151190
26 0.452941 0.697024 0.024149 0.203571
27 0.433127 0.680357 0.024149 0.160714
28 0.408359 0.708929 0.034056 0.198810
29 0.371207 0.694643 0.058824 0.189286
30 0.324149 0.666071 0.053870 0.170238
31 0.277090 0.647024 0.058824 0.113095
16 0.500000 0.675595 0.019195 0.151190
17 0.511146 0.694643 0.026625 0.170238
18 0.529721 0.718452 0.029102 0.198810
19 0.547059 0.708929 0.034056 0.179762
20 0.569350 0.719643 0.039009 0.201190
21 0.613932 0.706548 0.068731 0.194048
22 0.668421 0.685119 0.068731 0.189286
23 0.725387 0.651786 0.063777 0.122619