0 0.495046 0.613690 0.029102 0.160714
1 0.477709 0.580357 0.043963 0.132143
2 0.462848 0.489881 0.034056 0.122619
3 0.443034 0.511905 0.043963 0.154762
4 0.423220 0.499405 0.043963 0.122619
5 0.381115 0.551786 0.068731 0.170238
6 0.356347 0.466071 0.058824 0.113095
8 0.524768 0.604167 0.029102 0.160714
9 0.547059 0.585119 0.024149 0.141667
10 0.566873 0.495238 0.024149 0.130952
11 0.584211 0.551786 0.029102 0.113095
12 0.608978 0.513690 0.029102 0.113095
13 0.648607 0.566071 0.048916 0.160714
14 0.658514 0.489881 0.048916 0.103571
15 0.683282 0.447024 0.019195 0.036905
24 0.500000 0.780357 0.029102 0.151190
25 0.477709 0.789881 0.024149 0.151190
26 0.444582 0.866071 0.056966 0.113095
27 0.428173 0.808929 0.043963 0.113095
28 0.378638 0.792262 0.043963 0.098810
29 0.353870 0.694643 0.083591 0.170238
30 0.295046 0.694643 0.052632 0.113095
31 0.277090 0.613690 0.039009 0.084524
16 0.517337 0.780357 0.024149 0.151190
17 0.537152 0.789881 0.024149 0.132143
18 0.576780 0.882143 0.053870 0.119048
19 0.595356 0.827381 0.041486 0.092857
20 0.638700 0.812500 0.039009 0.086905
21 0.663467 0.715476 0.068731 0.173810
22 0.705573 0.718452 0.053870 0.103571
23 0.722910 0.637500 0.039009 0.075000
32 0.408359 0.604167 0.043963 0.103571
33 0.436223 0.613690 0.037771 0.103571
34 0.455418 0.627976 0.019195 0.113095
39 0.566873 0.623214 0.024149 0.141667
40 0.589164 0.632738 0.029102 0.103571
41 0.614551 0.618452 0.037771 0.113095
42 0.618885 0.732738 0.058824 0.132143
43 0.586378 0.747024 0.043344 0.122619
44 0.559443 0.767262 0.029102 0.125000
49 0.457895 0.752381 0.024149 0.130952
50 0.431579 0.730357 0.047059 0.108333
51 0.398452 0.717262 0.073684 0.139286