0 0.487616 0.518452 0.034056 0.198810
1 0.470279 0.513690 0.029102 0.208333
2 0.443034 0.494643 0.034056 0.246429
4 0.420743 0.494643 0.029102 0.189286
5 0.388545 0.504167 0.043963 0.189286
6 0.349845 0.480357 0.045820 0.198810
8 0.517337 0.508929 0.034056 0.236905
9 0.542105 0.499405 0.034056 0.236905
10 0.564396 0.494643 0.029102 0.246429
11 0.584211 0.480357 0.029102 0.217857
13 0.618885 0.504167 0.048916 0.189286
14 0.654799 0.494643 0.041486 0.189286
24 0.495046 0.704167 0.029102 0.151190
25 0.478328 0.699405 0.032817 0.160714
26 0.460372 0.704167 0.029102 0.189286
27 0.433127 0.700000 0.043963 0.180952
29 0.386068 0.694643 0.068731 0.189286
30 0.339009 0.666071 0.083591 0.189286
16 0.511765 0.699405 0.025387 0.141667
17 0.525697 0.713690 0.021053 0.151190
18 0.542105 0.713690 0.024149 0.170238
19 0.566873 0.704762 0.034056 0.188095
20 0.591641 0.704167 0.043963 0.170238
21 0.631269 0.694643 0.073684 0.189286
22 0.668421 0.666071 0.078638 0.170238