0 0.477709 0.447024 0.034056 0.246429
1 0.450464 0.447024 0.029102 0.227381
2 0.421981 0.426786 0.036533 0.267857
3 0.393498 0.419643 0.043963 0.263095
4 0.371207 0.423214 0.048916 0.236905
5 0.326625 0.408929 0.048916 0.246429
6 0.286997 0.413690 0.048916 0.198810
8 0.507430 0.456548 0.034056 0.227381
9 0.534675 0.456548 0.029102 0.208333
10 0.566873 0.427976 0.043963 0.265476
11 0.594118 0.442262 0.039009 0.236905
12 0.626316 0.447024 0.034056 0.189286
13 0.665944 0.445833 0.053870 0.186905
14 0.703096 0.423214 0.048916 0.198810
24 0.490093 0.670833 0.029102 0.179762
25 0.472755 0.670833 0.034056 0.179762
26 0.445511 0.704167 0.039009 0.265476
27 0.416099 0.675595 0.038390 0.208333
28 0.386068 0.680357 0.039009 0.236905
29 0.346440 0.656548 0.068731 0.208333
30 0.300929 0.637500 0.060681 0.208333
16 0.507430 0.670833 0.024149 0.179762
17 0.529721 0.675595 0.029102 0.189286
18 0.556966 0.689881 0.043963 0.236905
19 0.579257 0.675595 0.039009 0.208333
20 0.606502 0.675595 0.043963 0.208333
21 0.651084 0.661310 0.063777 0.198810
22 0.697523 0.632738 0.060062 0.198810