0 0.472755 0.523214 0.034056 0.189286
1 0.445511 0.518452 0.029102 0.179762
2 0.418266 0.508929 0.034056 0.217857
3 0.388545 0.518452 0.034056 0.179762
4 0.358824 0.513690 0.034056 0.170238
5 0.324149 0.508929 0.053870 0.160714
6 0.284520 0.480357 0.053870 0.179762
8 0.507430 0.513690 0.034056 0.208333
9 0.534675 0.527976 0.029102 0.179762
10 0.566873 0.494643 0.043963 0.246429
11 0.594118 0.508929 0.039009 0.198810
12 0.623839 0.499405 0.039009 0.198810
13 0.663467 0.485119 0.058824 0.208333
14 0.703096 0.461310 0.068731 0.198810
24 0.472755 0.711310 0.024149 0.146429
25 0.455418 0.715476 0.029102 0.147619
26 0.433127 0.737500 0.034056 0.198810
27 0.405882 0.751786 0.029102 0.170238
28 0.376161 0.751786 0.039009 0.189286
29 0.334056 0.737500 0.073684 0.198810
30 0.291331 0.708929 0.057585 0.179762
16 0.495046 0.713690 0.029102 0.151190
17 0.512384 0.718452 0.034056 0.160714
18 0.530960 0.747024 0.046440 0.217857
19 0.559443 0.761310 0.039009 0.189286
20 0.594118 0.742262 0.048916 0.189286
21 0.639938 0.723214 0.086068 0.189286
22 0.695666 0.704167 0.083591 0.189286