0 0.482663 0.447024 0.034056 0.246429
1 0.454799 0.442262 0.030341 0.255952
2 0.430650 0.427976 0.029102 0.265476
3 0.408359 0.432738 0.034056 0.255952
4 0.383591 0.418452 0.034056 0.227381
5 0.351393 0.408929 0.048916 0.189286
6 0.305882 0.389881 0.050774 0.208333
7 0.285139 0.308929 0.052632 0.141667
8 0.512384 0.438690 0.034056 0.244048
9 0.541486 0.451786 0.035294 0.236905
10 0.573065 0.423214 0.041486 0.294048
11 0.591641 0.433929 0.034056 0.277381
12 0.616409 0.432738 0.043963 0.255952
13 0.648607 0.423214 0.048916 0.255952
14 0.695666 0.381548 0.053870 0.244048
15 0.727864 0.327976 0.048916 0.141667
24 0.497523 0.661310 0.024149 0.160714
25 0.480186 0.651786 0.029102 0.179762
26 0.460372 0.670833 0.029102 0.198810
27 0.430650 0.675595 0.039009 0.227381
28 0.405882 0.666071 0.039009 0.227381
29 0.364087 0.632738 0.082972 0.217857
30 0.322601 0.599405 0.070588 0.208333
31 0.264706 0.570833 0.073684 0.170238
16 0.517337 0.666071 0.024149 0.170238
17 0.537152 0.661310 0.024149 0.160714
18 0.552012 0.680357 0.034056 0.217857
19 0.584211 0.675595 0.039009 0.227381
20 0.613932 0.675595 0.048916 0.227381
21 0.653560 0.647024 0.068731 0.208333
22 0.698762 0.623214 0.079876 0.198810
23 0.752632 0.589881 0.078638 0.151190