0 0.480186 0.475595 0.039009 0.227381
1 0.450464 0.480357 0.039009 0.198810
2 0.420743 0.456548 0.039009 0.246429
3 0.393498 0.466071 0.043963 0.208333
4 0.361300 0.466071 0.039009 0.189286
5 0.324149 0.456548 0.053870 0.189286
8 0.512384 0.477381 0.043963 0.230952
9 0.547059 0.480357 0.034056 0.217857
10 0.576780 0.462500 0.043963 0.253571
11 0.604025 0.485119 0.039009 0.208333
12 0.633746 0.475595 0.039009 0.208333
14 0.670898 0.479762 0.053870 0.200000
24 0.485139 0.670833 0.029102 0.141667
25 0.467802 0.664286 0.034056 0.166667
26 0.436842 0.689881 0.036533 0.198810
27 0.408359 0.670833 0.034056 0.179762
28 0.383591 0.672619 0.043963 0.195238
29 0.339009 0.661310 0.063777 0.198810
30 0.282043 0.651786 0.068731 0.198810
31 0.210217 0.661310 0.083591 0.141667
16 0.504954 0.670833 0.029102 0.141667
17 0.529721 0.680357 0.029102 0.160714
18 0.556966 0.713690 0.034056 0.227381
19 0.586687 0.704167 0.043963 0.208333
20 0.616409 0.689881 0.043963 0.198810
21 0.658514 0.683929 0.068731 0.205952
22 0.708050 0.663690 0.068731 0.184524
23 0.767183 0.651786 0.078019 0.103571