0 0.482663 0.461310 0.034056 0.217857
1 0.455418 0.470833 0.029102 0.198810
2 0.425697 0.451786 0.039009 0.236905
3 0.402786 0.462500 0.042724 0.215476
4 0.369350 0.461310 0.032817 0.217857
5 0.334056 0.460119 0.053870 0.215476
6 0.289474 0.456548 0.043963 0.189286
8 0.515170 0.463690 0.038390 0.232143
9 0.544582 0.466071 0.029102 0.208333
10 0.571827 0.463095 0.034056 0.214286
11 0.599071 0.475595 0.039009 0.208333
12 0.628793 0.470833 0.039009 0.217857
13 0.665944 0.466071 0.043963 0.227381
14 0.710526 0.466071 0.053870 0.208333
15 0.745201 0.466071 0.043963 0.170238
24 0.507430 0.670833 0.024149 0.160714
25 0.487616 0.682738 0.024149 0.203571
26 0.465325 0.694643 0.029102 0.227381
27 0.438080 0.699405 0.034056 0.198810
28 0.398452 0.699405 0.053870 0.198810
29 0.363777 0.685119 0.073684 0.189286
30 0.314241 0.680357 0.063777 0.198810
31 0.272136 0.642262 0.048916 0.179762
16 0.522291 0.672024 0.024149 0.163095
17 0.539628 0.675595 0.029102 0.189286
18 0.561920 0.698214 0.034056 0.215476
19 0.591641 0.699405 0.034056 0.198810
20 0.621362 0.708929 0.053870 0.217857
21 0.656037 0.699405 0.073684 0.217857
22 0.703096 0.680357 0.068731 0.198810
23 0.755108 0.651786 0.053870 0.179762