0 0.486378 0.518452 0.031579 0.217857
1 0.462848 0.527976 0.024149 0.186905
2 0.440557 0.494643 0.029102 0.246429
3 0.423220 0.504167 0.034056 0.189286
4 0.395975 0.497024 0.029102 0.184524
5 0.361300 0.480357 0.048916 0.198810
6 0.321672 0.456548 0.048916 0.189286
8 0.512384 0.508929 0.034056 0.217857
9 0.534675 0.513690 0.029102 0.189286
10 0.554489 0.489881 0.029102 0.217857
11 0.579257 0.480357 0.029102 0.236905
12 0.604025 0.489881 0.029102 0.179762
13 0.635294 0.479167 0.052012 0.182143
14 0.675851 0.466071 0.043963 0.170238
24 0.500000 0.685119 0.019195 0.151190
25 0.480186 0.694643 0.029102 0.170238
26 0.460372 0.694643 0.029102 0.170238
27 0.433127 0.689881 0.034056 0.198810
28 0.402167 0.675595 0.051393 0.170238
29 0.368731 0.661310 0.073684 0.198810
30 0.321672 0.627976 0.068731 0.189286
31 0.274613 0.558929 0.073684 0.155952
16 0.517337 0.685119 0.024149 0.151190
17 0.537152 0.685119 0.024149 0.170238
18 0.554489 0.680357 0.039009 0.198810
19 0.581734 0.685119 0.034056 0.189286
20 0.608978 0.661310 0.048916 0.179762
21 0.646130 0.647024 0.073684 0.189286
22 0.692570 0.613690 0.069969 0.179762