0 0.482663 0.461310 0.043963 0.217857
1 0.447988 0.451786 0.034056 0.217857
2 0.415789 0.455357 0.039009 0.244048
3 0.378638 0.451190 0.043963 0.235714
4 0.341486 0.451786 0.039009 0.236905
5 0.304334 0.442262 0.053870 0.217857
6 0.257276 0.437500 0.058824 0.170238
8 0.519814 0.456548 0.039009 0.227381
9 0.554489 0.461310 0.039009 0.198810
10 0.586687 0.456548 0.043963 0.246429
11 0.623839 0.461310 0.039009 0.236905
12 0.655418 0.451786 0.042724 0.217857
13 0.693189 0.466071 0.048916 0.170238
14 0.739319 0.427976 0.052012 0.189286
24 0.487616 0.661310 0.024149 0.160714
25 0.465325 0.661310 0.029102 0.179762
26 0.433127 0.680357 0.034056 0.236905
27 0.400929 0.666071 0.039009 0.227381
28 0.363777 0.670833 0.043963 0.217857
29 0.316718 0.651786 0.078638 0.217857
30 0.262229 0.608929 0.078638 0.189286
16 0.509907 0.663095 0.029102 0.164286
17 0.534675 0.663095 0.029102 0.176190
18 0.561920 0.680357 0.034056 0.217857
19 0.599071 0.675595 0.039009 0.227381
20 0.631269 0.685119 0.043963 0.227381
21 0.678328 0.661310 0.078638 0.198810
22 0.732817 0.625000 0.078638 0.183333