0 0.487616 0.566071 0.034056 0.122619
1 0.460372 0.561310 0.029102 0.132143
2 0.438080 0.551786 0.034056 0.170238
3 0.410836 0.551190 0.039009 0.169048
4 0.383591 0.556548 0.034056 0.160714
5 0.353870 0.585119 0.043963 0.141667
6 0.314241 0.566071 0.043963 0.160714
7 0.279567 0.544048 0.034056 0.166667
8 0.519814 0.566071 0.039009 0.122619
9 0.546130 0.566071 0.035913 0.141667
10 0.576161 0.551786 0.032817 0.170238
11 0.596594 0.556548 0.034056 0.160714
12 0.623220 0.558333 0.030341 0.157143
13 0.663467 0.556548 0.048916 0.160714
14 0.699071 0.547024 0.040867 0.160714
24 0.492570 0.718452 0.024149 0.141667
25 0.475232 0.718452 0.019195 0.160714
26 0.450464 0.727976 0.029102 0.179762
27 0.420743 0.724405 0.039009 0.167857
28 0.391331 0.737500 0.038390 0.179762
30 0.329102 0.732738 0.083591 0.151190
31 0.286997 0.694643 0.078638 0.132143
16 0.511765 0.716071 0.022910 0.136905
17 0.529721 0.708929 0.029102 0.141667
18 0.553870 0.727976 0.027864 0.160714
19 0.580495 0.723214 0.031579 0.151190
20 0.606502 0.742262 0.034056 0.189286
22 0.658514 0.717857 0.068731 0.159524
23 0.704334 0.699405 0.071207 0.141667