0 0.487616 0.480357 0.034056 0.217857
1 0.457895 0.475595 0.034056 0.208333
2 0.430650 0.461310 0.039009 0.236905
3 0.405882 0.480357 0.048916 0.179762
4 0.373684 0.475595 0.034056 0.189286
5 0.338080 0.470833 0.055728 0.198810
6 0.302167 0.470833 0.068111 0.179762
8 0.519814 0.485119 0.039009 0.208333
9 0.548297 0.475595 0.036533 0.208333
10 0.579257 0.466071 0.039009 0.227381
11 0.604025 0.494643 0.039009 0.170238
12 0.631269 0.499405 0.034056 0.160714
13 0.663467 0.475595 0.048916 0.189286
14 0.698142 0.470833 0.058824 0.179762
24 0.502477 0.689881 0.024149 0.179762
25 0.482663 0.704167 0.034056 0.189286
26 0.457895 0.708929 0.034056 0.217857
27 0.425697 0.704167 0.039009 0.189286
28 0.398452 0.704167 0.034056 0.208333
29 0.351393 0.707143 0.068731 0.195238
30 0.304334 0.685119 0.053870 0.189286
16 0.524768 0.694643 0.029102 0.170238
17 0.542105 0.699405 0.024149 0.179762
18 0.566873 0.704167 0.034056 0.208333
19 0.594118 0.708929 0.039009 0.179762
20 0.626316 0.704167 0.034056 0.189286
21 0.668421 0.699405 0.058824 0.198810
22 0.708050 0.689881 0.048916 0.179762