0 0.475232 0.507738 0.029102 0.196429
1 0.455418 0.494643 0.029102 0.189286
2 0.433127 0.475595 0.034056 0.208333
3 0.415789 0.466071 0.039009 0.189286
4 0.387307 0.456548 0.036533 0.189286
5 0.361300 0.477381 0.048916 0.109524
6 0.326625 0.404167 0.058824 0.179762
8 0.500000 0.513690 0.029102 0.189286
9 0.518885 0.504167 0.027245 0.170238
10 0.539628 0.489881 0.029102 0.217857
11 0.561920 0.488690 0.034056 0.196429
12 0.586687 0.475595 0.043963 0.189286
13 0.618885 0.442262 0.058824 0.217857
14 0.663467 0.408929 0.058824 0.189286
24 0.479257 0.689881 0.030960 0.141667
25 0.462848 0.694643 0.034056 0.151190
26 0.438080 0.699405 0.043963 0.179762
27 0.414861 0.680357 0.056966 0.179762
28 0.393498 0.666071 0.063777 0.170238
29 0.358824 0.623214 0.083591 0.160714
30 0.324149 0.575595 0.083591 0.160714
31 0.284520 0.527976 0.073684 0.160714
16 0.495046 0.694643 0.029102 0.151190
17 0.509907 0.699405 0.029102 0.160714
18 0.529721 0.704167 0.029102 0.208333
19 0.552632 0.695238 0.042724 0.207143
20 0.579257 0.675595 0.048916 0.189286
21 0.633437 0.619048 0.107740 0.169048
23 0.670898 0.570833 0.083591 0.151190