0 0.480186 0.485119 0.029102 0.189286
1 0.455418 0.478571 0.029102 0.195238
2 0.433127 0.466071 0.034056 0.227381
3 0.413313 0.485119 0.034056 0.189286
4 0.388545 0.475595 0.034056 0.189286
5 0.351393 0.475595 0.048916 0.151190
6 0.306811 0.461310 0.048916 0.160714
7 0.284520 0.392262 0.053870 0.146429
8 0.512384 0.480357 0.034056 0.198810
9 0.539628 0.489881 0.029102 0.160714
10 0.560681 0.466071 0.031579 0.208333
11 0.589164 0.473810 0.039009 0.204762
12 0.618885 0.473214 0.029102 0.175000
13 0.651084 0.456548 0.043963 0.189286
14 0.695666 0.451786 0.053870 0.179762
15 0.727864 0.347024 0.048916 0.122619
24 0.497523 0.675595 0.024149 0.151190
25 0.477709 0.680357 0.024149 0.141667
26 0.460372 0.694643 0.029102 0.189286
27 0.433127 0.689881 0.024149 0.179762
28 0.410836 0.685119 0.029102 0.170238
29 0.372136 0.670833 0.070588 0.179762
30 0.321672 0.651786 0.078638 0.179762
31 0.274303 0.632738 0.073065 0.141667
16 0.514861 0.680357 0.019195 0.141667
17 0.532198 0.694643 0.024149 0.170238
18 0.552012 0.699405 0.024149 0.198810
19 0.576780 0.689881 0.034056 0.179762
20 0.604025 0.683333 0.048916 0.185714
21 0.641176 0.670833 0.073684 0.179762
22 0.691331 0.651786 0.072446 0.179762
23 0.750155 0.618452 0.083591 0.132143