0 0.475232 0.504167 0.029102 0.189286
1 0.452941 0.508929 0.024149 0.179762
2 0.433127 0.475595 0.024149 0.208333
3 0.410836 0.485119 0.039009 0.189286
4 0.388545 0.475595 0.034056 0.189286
5 0.351393 0.467262 0.048916 0.186905
6 0.321672 0.456548 0.058824 0.170238
7 0.319195 0.370833 0.043963 0.113095
8 0.502477 0.508929 0.034056 0.198810
9 0.524768 0.513690 0.029102 0.189286
10 0.547059 0.489881 0.034056 0.236905
11 0.574303 0.489881 0.039009 0.198810
12 0.604025 0.499405 0.048916 0.179762
13 0.636223 0.466071 0.063777 0.227381
14 0.683282 0.456548 0.058824 0.170238
15 0.680805 0.361310 0.063777 0.113095
24 0.465325 0.694643 0.029102 0.151190
25 0.450464 0.699405 0.029102 0.160714
26 0.430650 0.704167 0.029102 0.189286
27 0.405882 0.704167 0.029102 0.189286
28 0.378638 0.699405 0.034056 0.179762
29 0.336533 0.656548 0.068731 0.189286
30 0.304334 0.627976 0.043963 0.170238
31 0.282043 0.608929 0.048916 0.094048
16 0.485139 0.699405 0.029102 0.160714
17 0.504954 0.704167 0.039009 0.151190
18 0.522291 0.723214 0.043963 0.208333
19 0.552012 0.708929 0.034056 0.179762
20 0.581734 0.704167 0.053870 0.189286
21 0.630031 0.685119 0.091022 0.189286
22 0.683282 0.642262 0.058824 0.160714
23 0.722910 0.647024 0.058824 0.132143