0 0.482663 0.512500 0.034056 0.225000
1 0.455418 0.518452 0.029102 0.179762
2 0.428173 0.499405 0.034056 0.236905
3 0.402477 0.508929 0.035913 0.217857
4 0.373684 0.504167 0.034056 0.208333
5 0.339009 0.504167 0.053870 0.208333
6 0.296904 0.508929 0.058824 0.198810
8 0.512384 0.511310 0.034056 0.222619
9 0.536223 0.508929 0.032198 0.217857
10 0.566873 0.513690 0.034056 0.227381
11 0.591641 0.523214 0.034056 0.208333
12 0.621362 0.519643 0.034056 0.182143
13 0.656037 0.519048 0.053870 0.178571
14 0.693189 0.499405 0.048916 0.179762
24 0.490402 0.718452 0.038390 0.160714
25 0.475232 0.727976 0.039009 0.179762
26 0.452941 0.727976 0.034056 0.179762
27 0.423220 0.727976 0.034056 0.179762
28 0.393498 0.723214 0.043963 0.208333
29 0.348916 0.708929 0.073684 0.179762
30 0.296904 0.685119 0.078638 0.151190
16 0.512384 0.723214 0.034056 0.170238
17 0.532198 0.723214 0.043963 0.189286
18 0.554489 0.736905 0.039009 0.200000
19 0.582663 0.727976 0.052012 0.198810
20 0.613932 0.719048 0.058824 0.197619
21 0.653560 0.708929 0.088545 0.198810
22 0.702786 0.675595 0.078019 0.170238