0 0.482353 0.508929 0.043344 0.160714
1 0.455418 0.501786 0.039009 0.175000
2 0.425697 0.489881 0.039009 0.217857
3 0.401238 0.504167 0.038390 0.189286
4 0.371827 0.504167 0.037771 0.170238
6 0.294427 0.476190 0.053870 0.188095
8 0.512384 0.489881 0.034056 0.179762
9 0.539628 0.489881 0.029102 0.179762
10 0.562229 0.470833 0.033437 0.217857
11 0.589164 0.466071 0.039009 0.227381
12 0.616409 0.456548 0.043963 0.227381
13 0.653560 0.456548 0.048916 0.189286
14 0.698142 0.437500 0.048916 0.208333
24 0.482663 0.685119 0.024149 0.151190
25 0.462848 0.685119 0.024149 0.151190
26 0.435604 0.718452 0.039009 0.198810
27 0.413313 0.704167 0.043963 0.189286
28 0.386068 0.699405 0.048916 0.179762
29 0.356347 0.675595 0.068731 0.170238
30 0.305882 0.666071 0.066873 0.170238
31 0.262229 0.656548 0.058824 0.170238
16 0.497523 0.676786 0.024149 0.167857
17 0.514861 0.685119 0.029102 0.170238
18 0.539628 0.699405 0.039009 0.179762
19 0.564396 0.681548 0.048916 0.182143
20 0.591331 0.683929 0.063158 0.172619
21 0.623839 0.661310 0.088545 0.179762
22 0.668421 0.637500 0.078638 0.170238
23 0.717957 0.613690 0.078638 0.160714