0 0.492879 0.442262 0.043344 0.217857
1 0.467802 0.447024 0.034056 0.208333
2 0.428173 0.432738 0.034056 0.255952
3 0.403406 0.466071 0.043963 0.189286
5 0.339009 0.455357 0.063777 0.205952
7 0.291950 0.451786 0.048916 0.217857
8 0.524768 0.437500 0.039009 0.227381
10 0.587307 0.447024 0.035294 0.227381
11 0.611455 0.437500 0.034056 0.227381
12 0.641176 0.442262 0.034056 0.217857
13 0.673375 0.451786 0.058824 0.217857
14 0.713003 0.447024 0.048916 0.189286
24 0.495046 0.669048 0.029102 0.164286
25 0.475232 0.683929 0.048916 0.191667
26 0.438080 0.689881 0.034056 0.217857
27 0.404644 0.680357 0.040248 0.198810
28 0.371207 0.670833 0.039009 0.198810
29 0.319195 0.675595 0.073684 0.189286
16 0.525387 0.672619 0.040248 0.176190
18 0.579257 0.689881 0.039009 0.217857
19 0.606502 0.685119 0.043963 0.208333
20 0.642105 0.680357 0.042105 0.217857
22 0.732817 0.642262 0.098452 0.179762
23 0.772446 0.589881 0.098452 0.170238