0 0.487616 0.527976 0.034056 0.179762
1 0.462848 0.518452 0.034056 0.160714
2 0.435604 0.508929 0.029102 0.179762
3 0.410836 0.523214 0.039009 0.170238
4 0.386068 0.532738 0.039009 0.189286
5 0.356347 0.537500 0.048916 0.179762
6 0.311765 0.556548 0.048916 0.160714
8 0.515789 0.520238 0.037152 0.195238
9 0.542105 0.527976 0.034056 0.160714
10 0.568731 0.519643 0.035294 0.201190
11 0.594118 0.547024 0.029102 0.160714
12 0.618885 0.556548 0.029102 0.160714
13 0.648607 0.561310 0.039009 0.151190
14 0.685759 0.561310 0.043963 0.170238
24 0.498762 0.704167 0.021672 0.151190
25 0.482663 0.699405 0.024149 0.160714
26 0.460372 0.713690 0.029102 0.189286
27 0.433127 0.704167 0.034056 0.151190
28 0.408359 0.704167 0.034056 0.170238
29 0.373684 0.713690 0.053870 0.170238
30 0.329102 0.713690 0.053870 0.151190
16 0.517337 0.704167 0.024149 0.151190
17 0.532198 0.706548 0.024149 0.155952
18 0.554489 0.713690 0.029102 0.189286
19 0.579257 0.708929 0.029102 0.160714
20 0.601548 0.713690 0.034056 0.170238
21 0.636223 0.715476 0.053870 0.154762
22 0.675851 0.720238 0.053870 0.157143