0 0.486997 0.551786 0.035294 0.208333
1 0.465325 0.527976 0.039009 0.198810
2 0.444272 0.485119 0.031579 0.208333
3 0.421672 0.479167 0.037152 0.158333
4 0.405882 0.447024 0.039009 0.151190
5 0.366254 0.485119 0.048916 0.189286
6 0.341486 0.418452 0.048916 0.132143
8 0.517337 0.542262 0.034056 0.208333
9 0.541176 0.547024 0.042105 0.179762
10 0.562539 0.489881 0.035294 0.217857
11 0.586687 0.475595 0.034056 0.189286
12 0.608978 0.447024 0.039009 0.151190
13 0.648607 0.494643 0.048916 0.189286
14 0.673375 0.427976 0.048916 0.132143
24 0.504954 0.713690 0.029102 0.132143
25 0.490093 0.732738 0.039009 0.151190
26 0.467802 0.742262 0.034056 0.189286
27 0.443034 0.737500 0.034056 0.179762
28 0.403406 0.751786 0.053870 0.151190
29 0.368731 0.689881 0.093498 0.198810
30 0.319195 0.651786 0.073684 0.141667
31 0.284520 0.585119 0.043963 0.103571
16 0.522910 0.727381 0.022910 0.140476
17 0.542105 0.732738 0.024149 0.151190
18 0.566873 0.748214 0.024149 0.196429
19 0.586687 0.727976 0.034056 0.160714
20 0.623839 0.737500 0.048916 0.141667
21 0.658514 0.694643 0.068731 0.189286
22 0.705573 0.642262 0.073684 0.141667
23 0.732817 0.594643 0.039009 0.103571
32 0.398452 0.551786 0.043963 0.075000
40 0.586068 0.580357 0.032817 0.075000
41 0.613932 0.556548 0.039009 0.103571
42 0.611455 0.656548 0.043963 0.075000
51 0.425697 0.656548 0.048916 0.094048