0 0.490093 0.489881 0.039009 0.198810
1 0.465325 0.489881 0.029102 0.179762
2 0.435604 0.461310 0.039009 0.236905
3 0.410836 0.470833 0.039009 0.198810
4 0.383591 0.475595 0.034056 0.189286
5 0.343963 0.475595 0.053870 0.170238
6 0.294427 0.451786 0.053870 0.198810
7 0.265015 0.389881 0.054489 0.170238
8 0.522291 0.485119 0.034056 0.208333
9 0.552012 0.485119 0.034056 0.189286
10 0.576780 0.466071 0.034056 0.227381
11 0.601548 0.494643 0.043963 0.189286
12 0.631269 0.480357 0.034056 0.179762
13 0.670898 0.485119 0.053870 0.170238
14 0.713003 0.458333 0.048916 0.185714
15 0.747678 0.387500 0.058824 0.165476
24 0.502477 0.684524 0.024149 0.169048
25 0.482663 0.685119 0.024149 0.170238
26 0.462848 0.689881 0.034056 0.179762
27 0.433127 0.704167 0.034056 0.208333
28 0.405882 0.697619 0.039009 0.195238
29 0.363777 0.680357 0.073684 0.179762
30 0.314241 0.656548 0.073684 0.151190
31 0.267183 0.618452 0.068731 0.151190
16 0.519814 0.680357 0.019195 0.160714
17 0.537152 0.685119 0.024149 0.189286
18 0.559443 0.694643 0.029102 0.189286
19 0.586687 0.704167 0.034056 0.189286
20 0.613932 0.694643 0.048916 0.189286
21 0.651084 0.685119 0.073684 0.189286
22 0.705573 0.651786 0.083591 0.179762
23 0.761920 0.613690 0.087307 0.122619