0 0.482663 0.518452 0.034056 0.198810
1 0.452941 0.523214 0.034056 0.170238
2 0.425697 0.518452 0.039009 0.217857
3 0.403406 0.518452 0.040248 0.198810
4 0.376161 0.515476 0.039009 0.204762
5 0.334056 0.518452 0.053870 0.179762
6 0.286997 0.491071 0.048916 0.201190
8 0.517337 0.535119 0.034056 0.184524
9 0.544582 0.532738 0.029102 0.170238
10 0.574303 0.527976 0.039009 0.198810
11 0.608359 0.528571 0.047678 0.197619
12 0.631269 0.536310 0.034056 0.196429
13 0.664706 0.532738 0.046440 0.189286
14 0.708050 0.513690 0.048916 0.189286
15 0.732817 0.456548 0.048916 0.094048
24 0.487616 0.716071 0.024149 0.165476
25 0.465325 0.718452 0.029102 0.179762
26 0.445511 0.732738 0.039009 0.189286
27 0.415789 0.737500 0.039009 0.198810
28 0.383591 0.747024 0.043963 0.198810
29 0.343963 0.729167 0.073684 0.196429
30 0.291950 0.699405 0.078638 0.179762
16 0.507430 0.708929 0.024149 0.160714
17 0.529721 0.713690 0.029102 0.170238
18 0.552012 0.723214 0.034056 0.189286
19 0.581734 0.737500 0.043963 0.179762
20 0.611455 0.743452 0.043963 0.186905
21 0.656037 0.742262 0.073684 0.189286
22 0.705882 0.708929 0.082972 0.179762