0 0.500310 0.422024 0.038390 0.220238
1 0.470279 0.423214 0.039009 0.217857
2 0.447988 0.419643 0.034056 0.244048
3 0.425697 0.432738 0.039009 0.217857
4 0.398452 0.432738 0.034056 0.236905
5 0.368731 0.447024 0.053870 0.246429
6 0.326625 0.439881 0.048916 0.241667
10 0.574303 0.427976 0.048916 0.246429
12 0.617647 0.447024 0.031579 0.227381
13 0.653560 0.466667 0.048916 0.207143
14 0.693189 0.466071 0.048916 0.189286
15 0.722910 0.456548 0.068731 0.189286
24 0.477709 0.637500 0.034056 0.170238
25 0.462848 0.632738 0.034056 0.160714
26 0.447988 0.683333 0.043963 0.230952
27 0.420743 0.675595 0.039009 0.208333
28 0.393498 0.699405 0.043963 0.217857
30 0.309288 0.636310 0.083591 0.153571
16 0.497523 0.632738 0.024149 0.179762
17 0.512384 0.637500 0.024149 0.189286
18 0.532198 0.675595 0.034056 0.227381
19 0.556966 0.670833 0.034056 0.217857
20 0.584211 0.685119 0.039009 0.189286