0 0.509907 0.489881 0.058824 0.198810
1 0.472755 0.494643 0.063777 0.189286
2 0.426935 0.475595 0.046440 0.227381
3 0.386687 0.475595 0.050155 0.227381
4 0.351393 0.465476 0.048916 0.226190
5 0.307430 0.480357 0.067492 0.179762
6 0.254799 0.455357 0.063777 0.191667
8 0.549536 0.494643 0.048916 0.208333
9 0.589164 0.494643 0.039009 0.208333
10 0.618266 0.485119 0.037771 0.246429
11 0.648607 0.494643 0.039009 0.208333
12 0.678328 0.491071 0.039009 0.201190
13 0.717957 0.489881 0.048916 0.198810
14 0.755728 0.475595 0.052632 0.170238
24 0.517337 0.680357 0.034056 0.160714
25 0.490093 0.689881 0.039009 0.160714
26 0.452941 0.718452 0.043963 0.217857
27 0.410836 0.712500 0.048916 0.191667
28 0.366254 0.708929 0.058824 0.198810
29 0.306811 0.685119 0.098452 0.189286
30 0.252322 0.651786 0.088545 0.179762
16 0.542105 0.689881 0.034056 0.160714
17 0.569350 0.694643 0.039009 0.189286
18 0.599071 0.713690 0.039009 0.208333
19 0.628793 0.707738 0.039009 0.182143
20 0.658514 0.702381 0.039009 0.185714
21 0.708669 0.694643 0.079876 0.189286
22 0.760062 0.670833 0.073684 0.179762