0 0.492570 0.456548 0.043963 0.208333
1 0.456037 0.461310 0.047678 0.217857
2 0.423220 0.451786 0.043963 0.236905
4 0.393498 0.456548 0.034056 0.208333
5 0.356347 0.470833 0.058824 0.198810
6 0.301858 0.466071 0.058824 0.227381
8 0.527554 0.461310 0.043344 0.217857
9 0.564396 0.461310 0.039009 0.198810
10 0.599071 0.451786 0.039009 0.236905
11 0.633746 0.470833 0.039009 0.179762
13 0.663467 0.466071 0.048916 0.189286
14 0.715170 0.466071 0.053251 0.208333
24 0.497523 0.670833 0.024149 0.160714
25 0.472755 0.680357 0.034056 0.179762
26 0.445511 0.685119 0.039009 0.208333
27 0.420743 0.692857 0.039009 0.204762
29 0.376161 0.694643 0.058824 0.208333
30 0.321672 0.699405 0.068731 0.198810
16 0.519814 0.666071 0.029102 0.151190
17 0.544582 0.680357 0.029102 0.179762
18 0.571827 0.689881 0.034056 0.236905
20 0.606502 0.670833 0.043963 0.179762
21 0.646130 0.678571 0.063777 0.195238
22 0.700619 0.685119 0.063777 0.208333