0 0.482663 0.442262 0.034056 0.217857
1 0.455418 0.451786 0.029102 0.179762
2 0.420743 0.437500 0.048916 0.227381
3 0.393498 0.438690 0.034056 0.229762
4 0.363777 0.451786 0.043963 0.198810
5 0.331579 0.442262 0.039009 0.217857
6 0.296904 0.451786 0.048916 0.198810
7 0.257276 0.418452 0.058824 0.151190
8 0.517337 0.435119 0.034056 0.203571
9 0.544582 0.442262 0.029102 0.179762
10 0.577399 0.423214 0.045201 0.217857
11 0.607430 0.436310 0.035913 0.210714
12 0.634365 0.437500 0.030341 0.208333
13 0.663467 0.442262 0.048916 0.198810
14 0.708050 0.432738 0.048916 0.198810
15 0.735294 0.385119 0.063777 0.141667
24 0.499381 0.637500 0.027864 0.170238
25 0.480186 0.651786 0.029102 0.198810
26 0.457895 0.666071 0.034056 0.227381
27 0.430650 0.666071 0.029102 0.189286
28 0.402477 0.666071 0.035913 0.208333
29 0.356347 0.670833 0.068731 0.217857
30 0.301858 0.651786 0.068731 0.179762
16 0.517337 0.637500 0.024149 0.170238
17 0.537152 0.647024 0.024149 0.189286
18 0.565015 0.659524 0.037771 0.230952
19 0.594118 0.656548 0.029102 0.208333
20 0.618885 0.656548 0.039009 0.208333
21 0.658514 0.661310 0.068731 0.198810
22 0.708050 0.637500 0.068731 0.170238