0 0.472755 0.501786 0.034056 0.203571
1 0.443034 0.485119 0.034056 0.227381
2 0.415789 0.485119 0.029102 0.227381
4 0.388545 0.494643 0.034056 0.189286
5 0.353870 0.480357 0.053870 0.217857
6 0.309288 0.470833 0.053870 0.217857
8 0.504954 0.494643 0.039009 0.208333
9 0.530031 0.485119 0.038390 0.189286
10 0.559443 0.466071 0.039009 0.227381
11 0.589164 0.456548 0.039009 0.208333
13 0.626316 0.437500 0.053870 0.227381
14 0.670898 0.447024 0.053870 0.189286
24 0.482663 0.683929 0.024149 0.148810
25 0.462848 0.699405 0.024149 0.179762
26 0.440557 0.708929 0.029102 0.198810
27 0.412074 0.704167 0.036533 0.189286
28 0.388545 0.699405 0.043963 0.198810
29 0.343963 0.680357 0.083591 0.198810
30 0.301858 0.670833 0.058824 0.198810
16 0.504025 0.680357 0.027245 0.160714
17 0.527245 0.675595 0.024149 0.170238
18 0.552012 0.689881 0.034056 0.217857
19 0.574303 0.670833 0.039009 0.198810
20 0.606502 0.670833 0.053870 0.198810
21 0.646130 0.647024 0.093498 0.189286
22 0.687616 0.632738 0.057585 0.198810