0 0.495046 0.499405 0.039009 0.198810
1 0.457895 0.499405 0.034056 0.179762
2 0.426316 0.482143 0.037771 0.214286
3 0.395975 0.499405 0.039009 0.179762
4 0.363777 0.504167 0.034056 0.151190
5 0.324149 0.485119 0.053870 0.170238
6 0.282043 0.470833 0.048916 0.179762
8 0.529721 0.499405 0.039009 0.198810
9 0.566873 0.499405 0.043963 0.160714
10 0.594118 0.480357 0.039009 0.217857
11 0.621362 0.495833 0.034056 0.184524
12 0.646130 0.485119 0.034056 0.189286
13 0.679876 0.480357 0.045820 0.179762
14 0.717957 0.466071 0.048916 0.170238
24 0.487616 0.685119 0.024149 0.170238
25 0.462848 0.689881 0.034056 0.179762
26 0.433127 0.708929 0.043963 0.217857
27 0.403406 0.694643 0.034056 0.189286
28 0.371207 0.680357 0.039009 0.160714
29 0.326625 0.670833 0.068731 0.160714
30 0.282043 0.642262 0.068731 0.160714
16 0.509907 0.685119 0.029102 0.170238
17 0.534675 0.694643 0.029102 0.189286
18 0.564396 0.708929 0.029102 0.217857
19 0.594737 0.694643 0.037771 0.189286
20 0.623839 0.685119 0.039009 0.170238
21 0.668421 0.675595 0.068731 0.170238
22 0.710526 0.641071 0.063777 0.158333