0 0.519814 0.504167 0.058824 0.227381
1 0.477709 0.485119 0.043963 0.189286
2 0.438080 0.480357 0.053870 0.217857
5 0.353870 0.494643 0.063777 0.189286
8 0.556966 0.527976 0.053870 0.198810
9 0.599071 0.526786 0.039009 0.196429
10 0.628793 0.527976 0.048916 0.198810
11 0.653560 0.561310 0.039009 0.151190
13 0.688235 0.556548 0.048916 0.179762
14 0.727864 0.547024 0.048916 0.179762
24 0.524768 0.708929 0.029102 0.160714
25 0.490093 0.708929 0.048916 0.160714
26 0.433127 0.699405 0.083591 0.179762
27 0.400929 0.704167 0.058824 0.189286
29 0.355728 0.699405 0.067492 0.198810
16 0.554799 0.713690 0.028483 0.151190
17 0.581734 0.723214 0.034056 0.151190
18 0.611455 0.730952 0.034056 0.185714
20 0.643653 0.727976 0.039009 0.179762
22 0.730341 0.732738 0.063777 0.189286