0 0.497523 0.563095 0.034056 0.185714
1 0.470279 0.542262 0.029102 0.189286
2 0.447988 0.408929 0.034056 0.094048
3 0.431889 0.447024 0.041486 0.151190
4 0.406192 0.432738 0.038390 0.141667
5 0.363777 0.499405 0.053870 0.160714
6 0.341486 0.408929 0.048916 0.113095
8 0.527245 0.566071 0.034056 0.198810
9 0.554489 0.573214 0.029102 0.146429
10 0.576780 0.413690 0.043963 0.141667
11 0.591641 0.475595 0.043963 0.151190
12 0.618885 0.460119 0.039009 0.125000
13 0.653560 0.494643 0.058824 0.189286
14 0.683282 0.418452 0.058824 0.113095
24 0.490093 0.705357 0.019195 0.134524
25 0.467802 0.692857 0.024149 0.166667
26 0.435604 0.847024 0.048916 0.170238
27 0.408359 0.794643 0.043963 0.141667
28 0.364396 0.804167 0.042724 0.122619
29 0.331579 0.680357 0.068731 0.198810
30 0.289474 0.675595 0.053870 0.113095
16 0.514861 0.694643 0.029102 0.170238
17 0.534675 0.704167 0.039009 0.151190
18 0.547059 0.847024 0.053870 0.151190
19 0.584211 0.804167 0.039009 0.122619
20 0.633746 0.813690 0.058824 0.103571
21 0.678328 0.685119 0.078638 0.189286
22 0.727864 0.694643 0.058824 0.113095
32 0.396594 0.542262 0.037771 0.094048
33 0.425077 0.550595 0.037771 0.108333
34 0.445511 0.556548 0.019195 0.122619
