0 0.487616 0.489881 0.043963 0.198810
1 0.450464 0.475595 0.039009 0.189286
2 0.410836 0.470833 0.039009 0.217857
3 0.381115 0.470833 0.039009 0.217857
4 0.348916 0.469048 0.034056 0.233333
5 0.314241 0.492857 0.053870 0.173810
6 0.269659 0.494643 0.043963 0.170238
8 0.527245 0.480357 0.043963 0.217857
9 0.564396 0.480357 0.029102 0.179762
10 0.594118 0.470833 0.029102 0.236905
12 0.646130 0.485119 0.043963 0.189286
13 0.683282 0.494643 0.048916 0.189286
24 0.495046 0.652976 0.029102 0.158333
25 0.462848 0.651786 0.034056 0.179762
26 0.425697 0.675595 0.039009 0.208333
27 0.393498 0.666071 0.034056 0.189286
28 0.358824 0.675595 0.034056 0.208333
16 0.522601 0.661310 0.033437 0.160714
17 0.552012 0.651786 0.034056 0.160714
18 0.581734 0.666071 0.034056 0.208333
19 0.616409 0.666071 0.034056 0.189286
20 0.643653 0.670833 0.039009 0.198810