0 0.482663 0.475595 0.043963 0.189286
1 0.457895 0.460119 0.043963 0.163095
2 0.437152 0.404167 0.042105 0.141667
3 0.415789 0.485119 0.039009 0.094048
4 0.395975 0.418452 0.048916 0.113095
5 0.348916 0.468452 0.053870 0.184524
6 0.336533 0.361310 0.058824 0.113095
8 0.532198 0.466071 0.043963 0.189286
9 0.561920 0.499405 0.034056 0.122619
10 0.581734 0.408929 0.043963 0.132143
11 0.600619 0.489881 0.045820 0.103571
12 0.631269 0.527976 0.043963 0.179762
13 0.660991 0.447024 0.063777 0.170238
14 0.675851 0.351786 0.053870 0.113095
24 0.485139 0.718452 0.039009 0.122619
25 0.467802 0.780357 0.043963 0.113095
26 0.440557 0.856548 0.048916 0.094048
27 0.413313 0.808929 0.043963 0.113095
28 0.371207 0.785119 0.048916 0.084524
29 0.341486 0.669643 0.078638 0.196429
30 0.291950 0.649405 0.048916 0.117857
16 0.514861 0.720238 0.039009 0.138095
17 0.547059 0.770833 0.043963 0.113095
18 0.564396 0.870833 0.048916 0.122619
19 0.599071 0.813690 0.048916 0.103571
20 0.638700 0.780357 0.048916 0.094048
21 0.673375 0.666071 0.088545 0.189286
22 0.714241 0.632738 0.046440 0.122619
32 0.386068 0.542262 0.048916 0.151190
33 0.415789 0.575595 0.039009 0.103571
34 0.440557 0.563095 0.029102 0.166667
