0 0.482663 0.537500 0.034056 0.198810
1 0.452941 0.523214 0.034056 0.189286
2 0.430650 0.523214 0.029102 0.208333
3 0.400929 0.518452 0.039009 0.198810
4 0.373684 0.513690 0.034056 0.208333
5 0.336533 0.499405 0.048916 0.217857
6 0.296904 0.489881 0.058824 0.198810
7 0.277090 0.425595 0.048916 0.165476
8 0.512384 0.542262 0.034056 0.189286
9 0.539628 0.532738 0.029102 0.189286
10 0.566873 0.518452 0.034056 0.236905
11 0.597523 0.527976 0.045820 0.198810
12 0.623839 0.523214 0.029102 0.208333
13 0.653560 0.513690 0.048916 0.208333
14 0.693189 0.507738 0.058824 0.201190
15 0.719505 0.442262 0.055728 0.160714
24 0.482663 0.723214 0.024149 0.170238
25 0.462848 0.727976 0.024149 0.179762
26 0.438080 0.732143 0.034056 0.207143
27 0.415789 0.726190 0.039009 0.195238
28 0.383591 0.718452 0.043963 0.198810
30 0.299381 0.675595 0.063777 0.170238
31 0.247368 0.670833 0.068731 0.122619
16 0.502477 0.735714 0.024149 0.176190
17 0.522291 0.727976 0.024149 0.179762
18 0.549536 0.727976 0.039009 0.198810
19 0.574303 0.723214 0.048916 0.189286
20 0.604644 0.718452 0.047678 0.179762
21 0.648916 0.713690 0.078019 0.189286
22 0.705573 0.675595 0.083591 0.151190