0 0.492570 0.394643 0.034056 0.198810
1 0.467802 0.399405 0.024149 0.189286
2 0.445201 0.361310 0.035913 0.265476
3 0.423220 0.366071 0.043963 0.236905
4 0.393498 0.370833 0.043963 0.208333
5 0.346440 0.380357 0.058824 0.208333
8 0.524458 0.399405 0.038390 0.189286
9 0.551703 0.399405 0.033437 0.208333
10 0.579257 0.394643 0.039009 0.255952
11 0.606502 0.414881 0.034056 0.182143
12 0.628793 0.408929 0.039009 0.208333
13 0.663467 0.408929 0.048916 0.189286
14 0.706811 0.426190 0.046440 0.204762
24 0.492570 0.604167 0.024149 0.179762
25 0.477399 0.613690 0.033437 0.179762
26 0.452941 0.637500 0.034056 0.246429
27 0.423220 0.629762 0.034056 0.230952
16 0.512384 0.604167 0.024149 0.160714
17 0.533437 0.610714 0.025387 0.192857
18 0.556966 0.637500 0.034056 0.246429
19 0.581734 0.647024 0.034056 0.227381
20 0.608978 0.632738 0.048916 0.217857
21 0.658514 0.627976 0.078638 0.208333
22 0.690712 0.618452 0.043963 0.170238