0 0.485139 0.370833 0.029102 0.208333
1 0.462848 0.370833 0.024149 0.189286
2 0.438080 0.347024 0.034056 0.236905
3 0.420743 0.361310 0.039009 0.208333
4 0.395975 0.366071 0.029102 0.198810
5 0.358824 0.347024 0.053870 0.217857
6 0.319814 0.361310 0.045201 0.189286
7 0.279567 0.337500 0.043963 0.198810
8 0.512384 0.370833 0.034056 0.189286
9 0.533127 0.356548 0.035913 0.198810
10 0.559443 0.343452 0.039009 0.229762
11 0.581734 0.353571 0.034056 0.211905
12 0.606502 0.361310 0.034056 0.189286
13 0.646130 0.361310 0.053870 0.208333
14 0.685759 0.356548 0.053870 0.198810
15 0.730341 0.332738 0.053870 0.208333
24 0.495046 0.547024 0.019195 0.141667
25 0.477709 0.552381 0.024149 0.150000
26 0.462848 0.566071 0.024149 0.198810
27 0.440867 0.555357 0.028483 0.177381
28 0.419814 0.556548 0.030960 0.179762
29 0.384830 0.556548 0.056347 0.198810
30 0.341486 0.547024 0.058824 0.179762
31 0.291950 0.522024 0.058824 0.167857
16 0.512384 0.554762 0.024149 0.157143
17 0.527245 0.551190 0.024149 0.169048
18 0.544582 0.575595 0.029102 0.217857
19 0.559443 0.547024 0.029102 0.179762
20 0.586687 0.556548 0.034056 0.198810
21 0.623839 0.561310 0.058824 0.208333
22 0.668421 0.556548 0.068731 0.198810
23 0.722910 0.518452 0.068731 0.179762