0 0.490093 0.399405 0.029102 0.189286
1 0.467802 0.389881 0.024149 0.189286
2 0.450464 0.366071 0.029102 0.236905
3 0.429412 0.370833 0.036533 0.227381
4 0.403406 0.370833 0.034056 0.208333
5 0.371207 0.375595 0.048916 0.217857
6 0.334056 0.385119 0.043963 0.198810
7 0.294427 0.377976 0.043963 0.213095
8 0.517337 0.402976 0.034056 0.182143
9 0.539628 0.399405 0.029102 0.170238
10 0.561920 0.385119 0.024149 0.198810
11 0.579257 0.389881 0.029102 0.189286
12 0.601548 0.394643 0.034056 0.179762
13 0.633746 0.394643 0.048916 0.179762
14 0.673375 0.390476 0.048916 0.207143
15 0.713003 0.408929 0.058824 0.208333
24 0.500000 0.585119 0.019195 0.160714
25 0.485139 0.585119 0.019195 0.160714
26 0.467802 0.616071 0.024149 0.222619
27 0.447988 0.607143 0.024149 0.211905
28 0.428173 0.613690 0.034056 0.217857
29 0.393498 0.604167 0.053870 0.217857
30 0.351393 0.602976 0.048916 0.215476
31 0.304334 0.570833 0.053870 0.170238
16 0.510836 0.585119 0.017337 0.160714
17 0.527245 0.585119 0.024149 0.160714
18 0.547059 0.604167 0.024149 0.217857
19 0.564396 0.604167 0.029102 0.217857
20 0.589164 0.613690 0.039009 0.217857
21 0.621362 0.613690 0.063777 0.217857
22 0.664706 0.604167 0.061300 0.198810