0 0.485139 0.511310 0.039009 0.194048
1 0.460372 0.504167 0.029102 0.189286
2 0.436842 0.494643 0.036533 0.208333
3 0.413313 0.495833 0.043963 0.191667
4 0.381115 0.494643 0.039009 0.208333
5 0.346440 0.494643 0.058824 0.189286
6 0.301858 0.489881 0.048916 0.179762
8 0.517337 0.513690 0.034056 0.189286
9 0.542105 0.508929 0.034056 0.160714
10 0.566873 0.489881 0.034056 0.217857
11 0.593498 0.499405 0.037771 0.198810
12 0.618885 0.504167 0.029102 0.175000
13 0.653560 0.493452 0.048916 0.172619
14 0.698142 0.485119 0.048916 0.189286
24 0.475851 0.689881 0.020433 0.141667
25 0.460372 0.704167 0.029102 0.151190
26 0.435604 0.718452 0.029102 0.198810
27 0.408359 0.713690 0.034056 0.189286
28 0.386068 0.712500 0.039009 0.191667
29 0.342724 0.699405 0.066254 0.179762
30 0.289474 0.685119 0.083591 0.189286
16 0.492570 0.695833 0.024149 0.153571
17 0.509907 0.694643 0.039009 0.151190
18 0.527245 0.716071 0.043963 0.184524
19 0.552012 0.713095 0.043963 0.188095
20 0.584211 0.708929 0.048916 0.198810
21 0.628793 0.694643 0.068731 0.189286
22 0.683282 0.680357 0.078638 0.179762