0 0.497523 0.456548 0.034056 0.208333
1 0.475232 0.456548 0.029102 0.208333
2 0.447988 0.447024 0.034056 0.246429
3 0.425697 0.466071 0.039009 0.208333
4 0.400929 0.466071 0.029102 0.189286
5 0.366254 0.461310 0.048916 0.179762
6 0.321672 0.447024 0.048916 0.189286
8 0.521672 0.464286 0.032817 0.185714
9 0.544582 0.447024 0.029102 0.189286
10 0.566873 0.435119 0.034056 0.232143
11 0.594118 0.442262 0.029102 0.217857
12 0.616409 0.456548 0.034056 0.189286
13 0.653560 0.448810 0.048916 0.185714
14 0.693189 0.433929 0.048916 0.201190
24 0.497523 0.656548 0.024149 0.170238
25 0.482663 0.666071 0.024149 0.189286
26 0.460372 0.685119 0.029102 0.227381
27 0.440557 0.666071 0.029102 0.189286
28 0.413313 0.675595 0.043963 0.208333
29 0.378638 0.661310 0.063777 0.198810
30 0.329102 0.627976 0.063777 0.170238
16 0.514861 0.651786 0.019195 0.179762
17 0.532198 0.656548 0.024149 0.189286
18 0.554489 0.666071 0.029102 0.208333
19 0.574303 0.661310 0.029102 0.198810
20 0.599071 0.670833 0.039009 0.217857
21 0.633746 0.666071 0.068731 0.208333
22 0.683282 0.632738 0.078638 0.179762
23 0.732817 0.589881 0.068731 0.151190