0 0.472755 0.533929 0.043963 0.205952
1 0.437771 0.523214 0.043344 0.189286
2 0.405882 0.518452 0.039009 0.217857
3 0.378638 0.532738 0.043963 0.189286
4 0.348916 0.551786 0.043963 0.170238
6 0.267183 0.551786 0.048916 0.170238
8 0.512384 0.527976 0.043963 0.198810
9 0.542105 0.518452 0.034056 0.198810
10 0.574303 0.499405 0.039009 0.217857
11 0.606502 0.518452 0.043963 0.217857
12 0.636223 0.535119 0.043963 0.184524
14 0.708050 0.532738 0.048916 0.170238
24 0.471517 0.680357 0.031579 0.103571
25 0.443034 0.680357 0.043963 0.141667
26 0.413313 0.689881 0.034056 0.198810
27 0.383591 0.689881 0.034056 0.160714
28 0.351393 0.704762 0.039009 0.169048
29 0.309288 0.712500 0.063777 0.205952
30 0.252322 0.704167 0.068731 0.189286
16 0.502477 0.645833 0.034056 0.077381
17 0.532198 0.680357 0.034056 0.141667
18 0.564396 0.694643 0.039009 0.189286
21 0.675851 0.699405 0.073684 0.198810