0 0.485139 0.437500 0.029102 0.170238
1 0.460372 0.432738 0.029102 0.160714
2 0.435604 0.408333 0.029102 0.207143
3 0.415789 0.408929 0.029102 0.189286
4 0.388545 0.413690 0.034056 0.198810
5 0.351393 0.423214 0.058824 0.179762
6 0.314241 0.427976 0.043963 0.189286
7 0.279567 0.342262 0.043963 0.132143
8 0.512384 0.432738 0.034056 0.179762
9 0.542105 0.437500 0.034056 0.151190
10 0.567183 0.423214 0.033437 0.198810
11 0.589164 0.414881 0.029102 0.201190
12 0.613932 0.423214 0.029102 0.179762
13 0.648607 0.427976 0.048916 0.189286
14 0.690712 0.432738 0.043963 0.198810
15 0.722910 0.373810 0.048916 0.138095
24 0.492570 0.608929 0.024149 0.170238
25 0.472755 0.613690 0.022910 0.160714
26 0.452941 0.627976 0.024149 0.189286
27 0.435604 0.637500 0.029102 0.189286
28 0.408359 0.637500 0.034056 0.189286
29 0.373684 0.637500 0.053870 0.189286
30 0.329102 0.627976 0.053870 0.189286
31 0.274613 0.594643 0.063777 0.141667
16 0.504954 0.616071 0.019195 0.155952
17 0.522291 0.613690 0.024149 0.160714
18 0.544582 0.637500 0.029102 0.189286
19 0.566873 0.632738 0.034056 0.179762
20 0.590093 0.637500 0.030960 0.170238
21 0.623839 0.639881 0.058824 0.175000
22 0.675851 0.629762 0.053870 0.185714
23 0.727864 0.599405 0.068731 0.151190