0 0.490093 0.464286 0.029102 0.204762
1 0.467802 0.470833 0.024149 0.179762
2 0.445511 0.451786 0.029102 0.236905
3 0.430650 0.480357 0.029102 0.198810
4 0.403406 0.480357 0.034056 0.198810
5 0.368731 0.485119 0.043963 0.189286
6 0.329102 0.466071 0.043963 0.189286
7 0.311765 0.405357 0.058824 0.105952
8 0.509907 0.470833 0.029102 0.179762
9 0.532198 0.466071 0.034056 0.189286
10 0.554489 0.451786 0.029102 0.236905
11 0.574303 0.485119 0.029102 0.189286
12 0.601548 0.485119 0.034056 0.189286
13 0.633746 0.480357 0.048916 0.198810
14 0.670898 0.470833 0.053870 0.198810
15 0.685759 0.399405 0.053870 0.113095
24 0.499381 0.656548 0.020433 0.151190
25 0.485139 0.661310 0.029102 0.160714
26 0.467802 0.661310 0.024149 0.160714
27 0.450464 0.689881 0.039009 0.198810
29 0.386068 0.689881 0.048916 0.198810
30 0.343963 0.685119 0.053870 0.170238
31 0.294427 0.685119 0.053870 0.113095
16 0.514861 0.647024 0.019195 0.132143
17 0.529721 0.656548 0.019195 0.151190
18 0.547059 0.666071 0.024149 0.189286
19 0.564396 0.680357 0.029102 0.198810
20 0.586687 0.663690 0.034056 0.165476
21 0.621362 0.685119 0.043963 0.208333
22 0.663467 0.680357 0.048916 0.179762
23 0.705573 0.666071 0.053870 0.113095
