0 0.480186 0.470833 0.039009 0.198810
1 0.452941 0.468452 0.034056 0.194048
2 0.423220 0.461310 0.034056 0.236905
4 0.373684 0.489881 0.034056 0.179762
5 0.343963 0.504167 0.053870 0.170238
6 0.291950 0.499405 0.058824 0.179762
8 0.514861 0.470833 0.039009 0.179762
9 0.547059 0.456548 0.034056 0.227381
10 0.574303 0.456548 0.039009 0.246429
11 0.601548 0.532738 0.034056 0.075000
12 0.621362 0.485119 0.034056 0.189286
13 0.658514 0.489881 0.048916 0.179762
24 0.495046 0.656548 0.029102 0.189286
25 0.475232 0.670833 0.029102 0.198810
26 0.452941 0.688095 0.034056 0.195238
27 0.428173 0.680357 0.034056 0.198810
28 0.401548 0.699405 0.027864 0.103571
30 0.300310 0.704762 0.055728 0.092857
16 0.517337 0.656548 0.024149 0.170238
17 0.529721 0.666071 0.029102 0.189286
18 0.561920 0.689881 0.043963 0.217857
19 0.589164 0.675595 0.048916 0.189286
20 0.612074 0.675595 0.032817 0.170238
22 0.698142 0.642262 0.078638 0.160714
23 0.735294 0.618452 0.073684 0.132143