0 0.477709 0.408929 0.034056 0.227381
1 0.450464 0.410714 0.029102 0.211905
2 0.425697 0.413690 0.029102 0.236905
3 0.408359 0.423214 0.034056 0.217857
4 0.379876 0.423214 0.031579 0.217857
5 0.346440 0.427976 0.048916 0.189286
6 0.304025 0.410714 0.043344 0.185714
8 0.504954 0.413690 0.029102 0.217857
9 0.529721 0.413690 0.029102 0.217857
10 0.554489 0.423214 0.039009 0.217857
11 0.581734 0.429762 0.034056 0.204762
12 0.606502 0.427976 0.034056 0.208333
13 0.643653 0.415476 0.048916 0.202381
14 0.688235 0.413690 0.048916 0.198810
24 0.482663 0.608929 0.024149 0.151190
25 0.465325 0.604167 0.019195 0.141667
26 0.445511 0.636310 0.029102 0.186905
28 0.408359 0.653571 0.043963 0.176190
29 0.366254 0.632738 0.068731 0.160714
30 0.329102 0.623214 0.053870 0.179762
16 0.502477 0.608929 0.024149 0.151190
17 0.518885 0.613690 0.027245 0.160714
18 0.539628 0.627976 0.029102 0.189286
19 0.564396 0.653571 0.029102 0.195238
20 0.589164 0.637500 0.039009 0.189286
21 0.628793 0.627976 0.068731 0.189286
22 0.675851 0.613690 0.063777 0.198810