0 0.480186 0.504167 0.039009 0.208333
1 0.455418 0.508929 0.029102 0.179762
2 0.425697 0.480357 0.039009 0.236905
4 0.398452 0.475595 0.034056 0.208333
5 0.365325 0.466071 0.050774 0.189286
6 0.319195 0.461310 0.043963 0.179762
7 0.282043 0.432738 0.048916 0.179762
8 0.509907 0.499405 0.039009 0.198810
9 0.539628 0.499405 0.029102 0.198810
10 0.565944 0.477976 0.035913 0.232143
11 0.591641 0.489881 0.034056 0.198810
13 0.626316 0.480357 0.053870 0.198810
14 0.669969 0.480357 0.045820 0.179762
15 0.708050 0.454167 0.048916 0.165476
24 0.486378 0.685119 0.021672 0.151190
25 0.467802 0.689881 0.024149 0.160714
26 0.443034 0.694643 0.034056 0.208333
27 0.413313 0.689881 0.043963 0.198810
29 0.381115 0.691071 0.058824 0.234524
30 0.326625 0.652381 0.068731 0.197619
31 0.284520 0.599405 0.063777 0.151190
16 0.504954 0.694643 0.019195 0.151190
17 0.524768 0.689881 0.029102 0.160714
18 0.549536 0.718452 0.029102 0.217857
20 0.574303 0.694643 0.048916 0.189286
21 0.611455 0.689881 0.073684 0.198810
22 0.656037 0.671429 0.073684 0.197619
23 0.703096 0.623214 0.068731 0.160714