0 0.495046 0.518452 0.039009 0.179762
1 0.470279 0.508929 0.029102 0.179762
2 0.447988 0.489881 0.034056 0.198810
3 0.418266 0.485119 0.043963 0.189286
4 0.388854 0.480357 0.043344 0.198810
5 0.351393 0.489881 0.058824 0.179762
6 0.304334 0.485119 0.053870 0.189286
7 0.264706 0.461310 0.053870 0.179762
8 0.529721 0.513690 0.039009 0.189286
9 0.556966 0.513690 0.024149 0.189286
10 0.581734 0.485119 0.034056 0.246429
11 0.608978 0.504167 0.029102 0.189286
12 0.631269 0.508929 0.034056 0.179762
13 0.665944 0.513690 0.043963 0.189286
14 0.699690 0.495238 0.042105 0.188095
15 0.732817 0.480357 0.039009 0.179762
24 0.503715 0.680357 0.026625 0.141667
25 0.485139 0.693452 0.029102 0.153571
26 0.457895 0.694643 0.034056 0.208333
27 0.435604 0.685119 0.029102 0.208333
28 0.410836 0.685119 0.039009 0.208333
29 0.371207 0.675595 0.068731 0.189286
31 0.259752 0.614881 0.093498 0.158333
16 0.519814 0.683929 0.029102 0.134524
17 0.542105 0.694643 0.034056 0.151190
18 0.569659 0.713690 0.038390 0.208333
19 0.594118 0.699405 0.039009 0.179762
20 0.618885 0.694643 0.039009 0.189286
21 0.651084 0.680357 0.053870 0.179762
22 0.695666 0.670833 0.063777 0.179762
23 0.745201 0.632738 0.073684 0.160714