0 0.485139 0.475595 0.039009 0.151190
1 0.450464 0.472024 0.029102 0.163095
2 0.415789 0.451786 0.048916 0.236905
3 0.395975 0.466071 0.048916 0.227381
4 0.368731 0.475595 0.053870 0.189286
5 0.329102 0.470833 0.053870 0.217857
6 0.279567 0.485119 0.053870 0.208333
7 0.230341 0.470833 0.063158 0.198810
8 0.522291 0.470833 0.043963 0.179762
9 0.551393 0.473810 0.042724 0.185714
10 0.579257 0.470833 0.039009 0.236905
15 0.735294 0.479167 0.063777 0.182143
24 0.480186 0.661310 0.019195 0.198810
25 0.462848 0.661310 0.034056 0.198810
26 0.438080 0.708929 0.043963 0.275000
27 0.408359 0.680357 0.043963 0.217857
28 0.383591 0.685119 0.043963 0.227381
30 0.299381 0.694643 0.063777 0.113095
31 0.225077 0.642262 0.083591 0.179762
16 0.500000 0.666071 0.019195 0.189286
17 0.517337 0.670833 0.024149 0.198810
18 0.542105 0.702976 0.034056 0.248810
19 0.574303 0.708929 0.039009 0.217857
20 0.601548 0.708929 0.043963 0.236905
21 0.641176 0.694643 0.063777 0.227381
22 0.685759 0.694643 0.063777 0.227381
23 0.737771 0.656548 0.058824 0.208333