0 0.507430 0.476786 0.034056 0.229762
1 0.481424 0.485119 0.036533 0.208333
2 0.452012 0.475595 0.035913 0.246429
3 0.420743 0.489881 0.039009 0.217857
4 0.391022 0.485119 0.039009 0.208333
5 0.353870 0.480357 0.053870 0.198810
6 0.309288 0.461310 0.053870 0.179762
7 0.289474 0.375595 0.053870 0.103571
8 0.537152 0.494643 0.034056 0.227381
9 0.563777 0.494643 0.027864 0.208333
10 0.591641 0.489881 0.034056 0.236905
11 0.616409 0.508929 0.034056 0.198810
12 0.646130 0.508929 0.034056 0.198810
13 0.683282 0.494643 0.048916 0.208333
14 0.724768 0.485119 0.052632 0.170238
15 0.740248 0.387500 0.053870 0.117857
24 0.506192 0.700595 0.026625 0.177381
25 0.485139 0.699405 0.029102 0.179762
26 0.460372 0.707143 0.029102 0.214286
27 0.433127 0.692262 0.034056 0.194048
28 0.400929 0.694643 0.048916 0.189286
29 0.351393 0.680357 0.078638 0.198810
30 0.296904 0.637500 0.068731 0.170238
31 0.247368 0.627976 0.058824 0.113095
16 0.527245 0.694643 0.024149 0.170238
17 0.547059 0.704167 0.024149 0.189286
18 0.571827 0.723214 0.034056 0.208333
19 0.599071 0.713690 0.039009 0.189286
20 0.628793 0.706548 0.039009 0.194048
21 0.675851 0.694643 0.073684 0.189286
22 0.727864 0.666071 0.058824 0.170238
23 0.777399 0.656548 0.058824 0.132143