5 0.391022 0.510119 0.058824 0.177381
6 0.366254 0.534524 0.029102 0.071429
7 0.341486 0.508929 0.039009 0.122619
12 0.566563 0.499405 0.043344 0.160714
13 0.601548 0.499405 0.043963 0.103571
14 0.633746 0.510119 0.039009 0.086905
15 0.656037 0.518452 0.024149 0.084524
24 0.490093 0.713690 0.019195 0.151190
25 0.472755 0.718452 0.024149 0.160714
26 0.457895 0.713690 0.024149 0.170238
27 0.435604 0.729762 0.029102 0.183333
28 0.403406 0.708929 0.043963 0.065476
29 0.371517 0.711310 0.058204 0.165476
30 0.329102 0.670833 0.063777 0.160714
16 0.504954 0.718452 0.019195 0.160714
17 0.519814 0.713690 0.019195 0.151190
18 0.532198 0.718452 0.024149 0.179762
19 0.554489 0.718452 0.039009 0.179762
21 0.589164 0.713690 0.048916 0.170238
23 0.663467 0.685119 0.068731 0.113095