0 0.487616 0.504167 0.034056 0.170238
1 0.462848 0.499405 0.024149 0.160714
2 0.440557 0.499405 0.029102 0.217857
3 0.415789 0.506548 0.039009 0.203571
5 0.361300 0.508929 0.058824 0.160714
6 0.314241 0.508929 0.063777 0.160714
8 0.517337 0.494048 0.034056 0.188095
9 0.539628 0.504167 0.029102 0.170238
10 0.566873 0.504167 0.034056 0.189286
11 0.589164 0.516667 0.039009 0.195238
13 0.638700 0.537500 0.068731 0.179762
14 0.698142 0.518452 0.058824 0.160714
24 0.492570 0.666071 0.024149 0.151190
25 0.477709 0.675595 0.024149 0.170238
26 0.455418 0.694643 0.019195 0.208333
27 0.435604 0.699405 0.029102 0.198810
28 0.410836 0.742262 0.029102 0.189286
29 0.380186 0.697024 0.070588 0.194048
30 0.331579 0.675595 0.058824 0.189286
31 0.284211 0.661310 0.053251 0.122619
16 0.505573 0.675595 0.027864 0.151190
17 0.517337 0.699405 0.034056 0.179762
18 0.537152 0.708929 0.034056 0.198810
19 0.561920 0.708929 0.043963 0.198810
20 0.591641 0.713690 0.043963 0.170238
22 0.667183 0.708929 0.089783 0.179762
23 0.730341 0.699405 0.063777 0.141667