0 0.487616 0.523214 0.034056 0.189286
1 0.467802 0.523214 0.034056 0.189286
2 0.440557 0.508929 0.039009 0.236905
3 0.415789 0.537500 0.039009 0.160714
4 0.388545 0.527976 0.043963 0.179762
5 0.348916 0.523214 0.063777 0.189286
6 0.297523 0.503571 0.060062 0.207143
8 0.524149 0.520833 0.037771 0.194048
9 0.554489 0.523810 0.029102 0.188095
10 0.578638 0.513690 0.037771 0.208333
11 0.606502 0.513690 0.034056 0.227381
12 0.633746 0.517262 0.039009 0.201190
13 0.668421 0.518452 0.048916 0.179762
14 0.708050 0.504167 0.048916 0.189286
24 0.500000 0.708929 0.029102 0.160714
25 0.482663 0.705952 0.034056 0.147619
26 0.462848 0.732738 0.043963 0.189286
27 0.438080 0.732143 0.034056 0.207143
28 0.408359 0.724405 0.034056 0.210714
29 0.361300 0.718452 0.088545 0.198810
30 0.311765 0.694643 0.078638 0.189286
16 0.519814 0.708929 0.029102 0.160714
17 0.542105 0.713690 0.024149 0.170238
18 0.566873 0.723214 0.034056 0.208333
19 0.591641 0.718452 0.034056 0.198810
20 0.616409 0.723214 0.043963 0.208333
21 0.658514 0.713690 0.068731 0.189286
22 0.708050 0.689881 0.068731 0.179762