0 0.495046 0.561310 0.039009 0.189286
1 0.472755 0.551786 0.034056 0.189286
2 0.445511 0.537500 0.039009 0.217857
3 0.420743 0.551786 0.039009 0.189286
4 0.393498 0.542262 0.043963 0.189286
5 0.358824 0.547024 0.053870 0.179762
6 0.306811 0.527976 0.058824 0.198810
8 0.529412 0.561310 0.038390 0.170238
9 0.556966 0.556548 0.034056 0.179762
10 0.584211 0.556548 0.029102 0.198810
11 0.608978 0.566071 0.029102 0.179762
12 0.631269 0.560119 0.034056 0.186905
13 0.663467 0.561310 0.048916 0.170238
14 0.705573 0.542262 0.043963 0.189286
24 0.492570 0.746429 0.024149 0.159524
25 0.472755 0.751786 0.034056 0.170238
26 0.450464 0.751786 0.029102 0.189286
27 0.423220 0.750595 0.034056 0.172619
28 0.396904 0.747024 0.037152 0.179762
29 0.363777 0.747024 0.053870 0.179762
30 0.311765 0.723214 0.058824 0.170238
16 0.512384 0.751786 0.024149 0.151190
17 0.532198 0.747024 0.024149 0.160714
18 0.554489 0.766071 0.029102 0.198810
19 0.579257 0.770833 0.029102 0.189286
20 0.606502 0.767262 0.034056 0.182143
21 0.643653 0.756548 0.068731 0.160714
22 0.690712 0.732738 0.063777 0.170238