0 0.487616 0.451786 0.034056 0.198810
1 0.465325 0.456548 0.029102 0.189286
2 0.435604 0.437500 0.039009 0.246429
3 0.413313 0.466071 0.034056 0.208333
4 0.386068 0.470833 0.039009 0.198810
5 0.348916 0.456548 0.043963 0.208333
6 0.311765 0.447024 0.048916 0.189286
7 0.289474 0.370833 0.043963 0.113095
8 0.516409 0.451786 0.032198 0.198810
9 0.542105 0.451786 0.034056 0.198810
10 0.566873 0.423214 0.034056 0.275000
11 0.594118 0.448810 0.039009 0.223810
12 0.622910 0.456548 0.037152 0.208333
13 0.658514 0.456548 0.048916 0.208333
14 0.699071 0.442262 0.056966 0.198810
15 0.722910 0.356548 0.058824 0.141667
24 0.482043 0.661310 0.022910 0.179762
25 0.460372 0.680357 0.029102 0.217857
27 0.435604 0.670833 0.029102 0.198810
28 0.408359 0.675595 0.034056 0.189286
29 0.371207 0.675595 0.048916 0.189286
30 0.326625 0.642262 0.058824 0.179762
31 0.286997 0.632738 0.048916 0.103571
16 0.497523 0.651786 0.024149 0.179762
17 0.517337 0.661310 0.024149 0.179762
18 0.536223 0.680357 0.032198 0.236905
19 0.559443 0.680357 0.039009 0.217857
20 0.589164 0.661310 0.039009 0.179762
21 0.628793 0.680357 0.068731 0.198810
22 0.685759 0.642262 0.083591 0.179762
23 0.740867 0.637500 0.072446 0.113095