0 0.475232 0.364881 0.029102 0.215476
1 0.447988 0.356548 0.034056 0.217857
2 0.418266 0.327976 0.034056 0.275000
3 0.391022 0.347024 0.048916 0.236905
5 0.336533 0.351786 0.058824 0.189286
6 0.286997 0.351786 0.048916 0.208333
8 0.497523 0.357738 0.034056 0.234524
9 0.521672 0.366071 0.025387 0.217857
10 0.550774 0.356548 0.041486 0.275000
11 0.579257 0.366071 0.039009 0.217857
12 0.600310 0.361310 0.041486 0.227381
13 0.665944 0.361310 0.063777 0.227381
24 0.470279 0.637500 0.029102 0.151190
25 0.450464 0.642262 0.029102 0.179762
26 0.418266 0.656548 0.053870 0.208333
27 0.388545 0.637500 0.053870 0.189286
28 0.361300 0.627976 0.048916 0.189286
29 0.306811 0.613690 0.078638 0.198810
31 0.190402 0.594643 0.083591 0.160714
16 0.490093 0.642262 0.039009 0.179762
17 0.517337 0.647024 0.034056 0.189286
18 0.547059 0.670833 0.043963 0.255952
19 0.579257 0.651786 0.039009 0.236905
20 0.613932 0.642262 0.039009 0.217857