0 0.484830 0.447024 0.038390 0.208333
1 0.460372 0.442262 0.039009 0.217857
2 0.433127 0.411905 0.034056 0.226190
3 0.413313 0.447024 0.043963 0.189286
5 0.351393 0.432738 0.048916 0.198810
6 0.314241 0.394643 0.053870 0.198810
7 0.296904 0.327976 0.048916 0.122619
8 0.514861 0.447024 0.039009 0.208333
9 0.539628 0.432738 0.039009 0.217857
10 0.569350 0.405357 0.039009 0.244048
11 0.591641 0.432738 0.034056 0.217857
12 0.618885 0.433929 0.039009 0.220238
13 0.653560 0.432738 0.058824 0.217857
14 0.688235 0.394643 0.058824 0.198810
15 0.708050 0.323214 0.048916 0.113095
24 0.497523 0.661310 0.034056 0.198810
25 0.482663 0.661310 0.034056 0.198810
26 0.462848 0.685119 0.034056 0.246429
27 0.433127 0.685119 0.034056 0.208333
28 0.400929 0.675595 0.048916 0.208333
29 0.356347 0.661310 0.078638 0.198810
30 0.319195 0.604167 0.063777 0.179762
31 0.274613 0.575595 0.053870 0.122619
16 0.512384 0.655357 0.024149 0.191667
17 0.529721 0.666071 0.019195 0.189286
18 0.552012 0.675595 0.034056 0.227381
19 0.581734 0.689881 0.034056 0.236905
20 0.607740 0.680357 0.051393 0.198810
21 0.658514 0.668452 0.078638 0.222619
22 0.695666 0.618452 0.053870 0.189286
23 0.730341 0.592262 0.053870 0.127381