0 0.490093 0.523214 0.039009 0.208333
1 0.457895 0.508929 0.034056 0.198810
2 0.428173 0.494643 0.043963 0.208333
4 0.398452 0.475595 0.043963 0.208333
5 0.361300 0.470833 0.058824 0.179762
6 0.316718 0.442262 0.068731 0.198810
7 0.272446 0.423214 0.068111 0.198810
8 0.524768 0.523214 0.039009 0.208333
9 0.554489 0.519643 0.029102 0.196429
10 0.586687 0.499405 0.043963 0.217857
12 0.616409 0.494643 0.034056 0.208333
13 0.653560 0.485119 0.048916 0.189286
14 0.690712 0.462500 0.043963 0.196429
15 0.730341 0.447024 0.053870 0.189286
24 0.500000 0.713690 0.029102 0.151190
25 0.472755 0.708929 0.034056 0.160714
26 0.447988 0.704167 0.034056 0.151190
28 0.420743 0.694643 0.039009 0.170238
29 0.378638 0.680357 0.083591 0.179762
30 0.331579 0.651786 0.078638 0.160714
31 0.272136 0.618452 0.068731 0.151190
16 0.516409 0.708929 0.026006 0.160714
17 0.539628 0.708929 0.029102 0.160714
18 0.569350 0.704167 0.039009 0.170238
20 0.599071 0.697619 0.039009 0.164286
21 0.637461 0.685119 0.076161 0.170238
22 0.681734 0.661310 0.071827 0.179762
23 0.727864 0.627976 0.068731 0.151190