0 0.498142 0.470833 0.032817 0.179762
1 0.475232 0.466071 0.029102 0.189286
2 0.455418 0.456548 0.029102 0.208333
3 0.430650 0.451786 0.039009 0.179762
4 0.410836 0.442262 0.039009 0.160714
5 0.374303 0.437500 0.052632 0.151190
6 0.343963 0.416071 0.063777 0.146429
7 0.329102 0.339286 0.053870 0.080952
8 0.527245 0.475595 0.034056 0.189286
9 0.554489 0.475595 0.029102 0.170238
10 0.574303 0.461310 0.029102 0.198810
11 0.599071 0.462500 0.029102 0.182143
12 0.621362 0.456548 0.034056 0.170238
13 0.651084 0.456548 0.043963 0.151190
14 0.680805 0.432738 0.053870 0.160714
15 0.695666 0.375595 0.043963 0.084524
24 0.504954 0.656548 0.019195 0.151190
25 0.487616 0.657738 0.024149 0.167857
26 0.467802 0.666071 0.024149 0.189286
27 0.443034 0.647024 0.034056 0.170238
28 0.413313 0.642262 0.043963 0.179762
29 0.381115 0.613690 0.078638 0.179762
30 0.334056 0.585119 0.073684 0.160714
31 0.286997 0.551786 0.048916 0.113095
16 0.522291 0.656548 0.024149 0.151190
17 0.537152 0.664881 0.024149 0.153571
18 0.560372 0.670833 0.030960 0.198810
19 0.584211 0.663690 0.029102 0.184524
20 0.611455 0.658929 0.043963 0.165476
21 0.647988 0.647024 0.057585 0.170238
22 0.688235 0.608929 0.068731 0.151190
23 0.730650 0.580357 0.053251 0.094048