0 0.497523 0.527976 0.034056 0.179762
1 0.467802 0.542262 0.034056 0.151190
2 0.447988 0.450000 0.043963 0.138095
3 0.423220 0.504167 0.043963 0.132143
4 0.393498 0.504167 0.034056 0.113095
5 0.351393 0.537500 0.068731 0.179762
6 0.329102 0.475595 0.053870 0.113095
8 0.527245 0.527976 0.034056 0.160714
9 0.552012 0.547024 0.034056 0.179762
10 0.579257 0.448214 0.058824 0.153571
11 0.601548 0.532738 0.043963 0.151190
12 0.628793 0.508929 0.039009 0.122619
13 0.658514 0.551786 0.058824 0.170238
14 0.698142 0.499405 0.048916 0.122619
24 0.502477 0.705952 0.024149 0.166667
25 0.482663 0.705952 0.034056 0.166667
26 0.470279 0.785119 0.029102 0.160714
27 0.438700 0.770833 0.032817 0.132143
28 0.403406 0.775000 0.034056 0.121429
29 0.366254 0.718452 0.068731 0.160714
30 0.309288 0.694643 0.053870 0.113095
16 0.519814 0.704167 0.019195 0.151190
17 0.539628 0.713690 0.029102 0.170238
18 0.552012 0.770833 0.034056 0.151190
19 0.586687 0.770833 0.034056 0.132143
20 0.621362 0.780357 0.034056 0.113095
21 0.665944 0.718452 0.063777 0.179762
22 0.716099 0.727976 0.055108 0.103571
32 0.388545 0.585119 0.053870 0.103571
33 0.423220 0.599405 0.034056 0.094048
34 0.445511 0.561310 0.029102 0.132143
