0 0.487616 0.542262 0.034056 0.189286
1 0.455418 0.532738 0.029102 0.189286
2 0.425697 0.510119 0.039009 0.220238
3 0.395975 0.513690 0.029102 0.208333
4 0.370279 0.532738 0.027245 0.055952
5 0.336533 0.527976 0.048916 0.179762
6 0.299381 0.523214 0.043963 0.189286
7 0.262229 0.508929 0.039009 0.160714
8 0.522291 0.545833 0.043963 0.182143
9 0.554489 0.532738 0.029102 0.189286
10 0.586687 0.518452 0.034056 0.217857
11 0.608978 0.527976 0.039009 0.179762
12 0.638080 0.502976 0.027864 0.091667
13 0.668421 0.513690 0.048916 0.189286
14 0.705573 0.504167 0.043963 0.189286
24 0.495046 0.725595 0.019195 0.146429
25 0.472755 0.727976 0.024149 0.160714
26 0.445511 0.737500 0.039009 0.198810
27 0.419505 0.733929 0.031579 0.172619
28 0.388545 0.737500 0.034056 0.179762
30 0.274613 0.680357 0.073684 0.141667
16 0.512384 0.732738 0.024149 0.151190
17 0.534056 0.732738 0.027864 0.170238
18 0.559443 0.747024 0.039009 0.217857
19 0.584211 0.723810 0.029102 0.188095
20 0.613932 0.718452 0.029102 0.179762
21 0.656037 0.717262 0.063777 0.163095
22 0.698142 0.699405 0.068731 0.179762
23 0.737771 0.653571 0.068731 0.138095