0 0.493498 0.413690 0.032198 0.236905
1 0.467802 0.418452 0.034056 0.189286
2 0.443034 0.394643 0.034056 0.236905
3 0.418266 0.399405 0.034056 0.208333
4 0.391022 0.399405 0.039009 0.208333
5 0.358824 0.399405 0.053870 0.189286
6 0.309288 0.385119 0.053870 0.198810
8 0.524768 0.418452 0.039009 0.246429
9 0.552012 0.432738 0.034056 0.198810
10 0.579257 0.413690 0.039009 0.255952
11 0.604025 0.494643 0.029102 0.075000
12 0.628793 0.413690 0.039009 0.217857
13 0.658514 0.477976 0.039009 0.070238
14 0.693189 0.389881 0.058824 0.208333
15 0.732817 0.369643 0.048916 0.225000
24 0.480186 0.623214 0.039009 0.122619
25 0.460372 0.627976 0.029102 0.113095
26 0.430650 0.627976 0.058824 0.170238
27 0.410836 0.613690 0.068731 0.179762
28 0.382972 0.604167 0.072446 0.179762
29 0.351393 0.594643 0.088545 0.198810
30 0.311765 0.580357 0.068731 0.189286
16 0.495046 0.624405 0.029102 0.125000
17 0.517337 0.632143 0.024149 0.121429
18 0.539628 0.632738 0.039009 0.141667
19 0.564396 0.623214 0.039009 0.141667
20 0.594118 0.623214 0.048916 0.179762
21 0.633746 0.618452 0.088545 0.208333
22 0.678328 0.604167 0.078638 0.198810
23 0.739628 0.557143 0.092260 0.159524