0 0.495046 0.537500 0.039009 0.179762
1 0.462848 0.537500 0.043963 0.179762
2 0.420743 0.527976 0.048916 0.217857
8 0.534675 0.530357 0.039009 0.194048
9 0.571827 0.570833 0.034056 0.094048
10 0.604644 0.513690 0.037771 0.227381
11 0.638700 0.537500 0.039009 0.179762
12 0.670898 0.542262 0.034056 0.170238
24 0.512384 0.656548 0.034056 0.075000
25 0.482663 0.694643 0.034056 0.151190
26 0.452941 0.718452 0.043963 0.217857
16 0.539628 0.656548 0.029102 0.075000
17 0.564396 0.694643 0.029102 0.151190
18 0.606502 0.708929 0.043963 0.179762
19 0.636223 0.718452 0.043963 0.179762
20 0.668421 0.716071 0.029102 0.165476