0 0.480186 0.399405 0.039009 0.246429
1 0.447988 0.380357 0.034056 0.208333
2 0.420433 0.388095 0.038390 0.250000
4 0.368731 0.399405 0.034056 0.227381
5 0.334056 0.401786 0.053870 0.194048
8 0.509907 0.394643 0.039009 0.255952
9 0.539628 0.393452 0.039009 0.220238
10 0.569350 0.385119 0.039009 0.275000
11 0.596594 0.389881 0.034056 0.227381
12 0.621362 0.399405 0.034056 0.208333
13 0.654489 0.389881 0.047059 0.227381
14 0.698142 0.394643 0.048916 0.198810
24 0.494737 0.610119 0.038390 0.167857
25 0.465325 0.618452 0.039009 0.170238
26 0.440557 0.680357 0.048916 0.275000
27 0.409598 0.641071 0.036533 0.220238
16 0.517337 0.608929 0.034056 0.170238
17 0.547059 0.637500 0.043963 0.227381
18 0.571827 0.647024 0.043963 0.227381
19 0.594118 0.627976 0.039009 0.208333
20 0.633437 0.627976 0.048297 0.208333