0 0.487616 0.561310 0.034056 0.208333
1 0.460372 0.527976 0.039009 0.236905
2 0.440557 0.451786 0.039009 0.160714
3 0.420743 0.504167 0.048916 0.132143
4 0.391022 0.485119 0.048916 0.113095
5 0.348916 0.523214 0.053870 0.189286
6 0.329102 0.447024 0.063777 0.113095
8 0.517337 0.547024 0.034056 0.217857
9 0.544582 0.551786 0.029102 0.189286
10 0.564396 0.461310 0.039009 0.160714
11 0.589164 0.513690 0.039009 0.113095
12 0.618885 0.494643 0.039009 0.094048
13 0.658514 0.527976 0.048916 0.179762
14 0.670898 0.447024 0.053870 0.113095
24 0.487616 0.737500 0.024149 0.160714
25 0.470279 0.742262 0.029102 0.170238
26 0.445511 0.818452 0.039009 0.151190
27 0.425697 0.785119 0.039009 0.122619
28 0.388545 0.770833 0.043963 0.113095
29 0.348916 0.698214 0.083591 0.177381
30 0.291950 0.694643 0.058824 0.113095
31 0.267183 0.604167 0.048916 0.103571
16 0.509288 0.747024 0.027864 0.160714
17 0.527245 0.747024 0.024149 0.179762
18 0.549536 0.842262 0.039009 0.160714
19 0.571827 0.785119 0.034056 0.122619
20 0.611765 0.776786 0.043344 0.101190
21 0.647678 0.712500 0.076780 0.186905
22 0.695666 0.708929 0.053870 0.122619
23 0.719814 0.618452 0.042724 0.113095
32 0.386068 0.575595 0.048916 0.122619
33 0.418266 0.585119 0.034056 0.103571
34 0.435604 0.584524 0.029102 0.140476
