0 0.455418 0.504167 0.029102 0.189286
1 0.433127 0.499405 0.034056 0.179762
2 0.410836 0.475595 0.029102 0.208333
3 0.386068 0.489881 0.039009 0.160714
4 0.361300 0.480357 0.039009 0.160714
5 0.329102 0.456548 0.053870 0.189286
6 0.294427 0.426190 0.043963 0.128571
7 0.269659 0.370833 0.034056 0.055952
8 0.483591 0.508929 0.032198 0.179762
9 0.504954 0.504167 0.029102 0.189286
10 0.529721 0.499405 0.029102 0.179762
11 0.551084 0.499405 0.035913 0.160714
12 0.576780 0.494643 0.034056 0.151190
13 0.608978 0.470833 0.048916 0.179762
14 0.638700 0.433333 0.048916 0.140476
24 0.452941 0.670833 0.024149 0.141667
25 0.435604 0.675595 0.029102 0.151190
26 0.413313 0.680357 0.034056 0.198810
27 0.383591 0.661310 0.034056 0.179762
28 0.358824 0.697024 0.043963 0.117857
29 0.331579 0.637500 0.088545 0.170238
30 0.282043 0.608929 0.078638 0.132143
16 0.472755 0.680357 0.024149 0.141667
17 0.492570 0.675000 0.024149 0.157143
18 0.514861 0.685119 0.029102 0.189286
19 0.534675 0.675595 0.029102 0.170238
20 0.566873 0.704167 0.043963 0.151190
21 0.604025 0.651786 0.078638 0.160714
22 0.648607 0.618452 0.068731 0.132143