0 0.465325 0.437500 0.048916 0.265476
1 0.425697 0.437500 0.039009 0.189286
2 0.391331 0.442262 0.048297 0.255952
3 0.361300 0.452976 0.039009 0.196429
4 0.329102 0.456548 0.043963 0.208333
5 0.291950 0.456548 0.058824 0.208333
6 0.244892 0.456548 0.053870 0.189286
7 0.215170 0.375595 0.053870 0.141667
8 0.513313 0.451786 0.049536 0.236905
9 0.561920 0.432738 0.053870 0.236905
10 0.599071 0.437500 0.048916 0.265476
11 0.633746 0.451786 0.039009 0.217857
12 0.659443 0.466071 0.037152 0.208333
13 0.703096 0.470833 0.058824 0.198810
14 0.755108 0.462500 0.053870 0.196429
15 0.782353 0.389881 0.058824 0.170238
24 0.472755 0.675595 0.034056 0.189286
25 0.447368 0.682143 0.032817 0.195238
26 0.415789 0.699405 0.048916 0.236905
27 0.388545 0.689881 0.043963 0.217857
28 0.353870 0.694643 0.043963 0.208333
29 0.306811 0.704167 0.068731 0.208333
30 0.259752 0.670833 0.063777 0.198810
31 0.210217 0.623214 0.063777 0.160714
16 0.502477 0.675595 0.034056 0.189286
17 0.532198 0.675595 0.034056 0.189286
18 0.564396 0.699405 0.039009 0.236905
19 0.594118 0.689881 0.039009 0.217857
20 0.631269 0.699405 0.043963 0.217857
21 0.680805 0.704167 0.073684 0.189286
22 0.732817 0.689881 0.068731 0.198810
23 0.789783 0.656548 0.073684 0.170238