0 0.476161 0.451786 0.047059 0.236905
2 0.438080 0.456548 0.043963 0.246429
3 0.415789 0.470833 0.039009 0.236905
4 0.386068 0.480357 0.039009 0.217857
5 0.351393 0.489881 0.048916 0.179762
6 0.304334 0.489881 0.043963 0.179762
8 0.512384 0.456548 0.043963 0.246429
9 0.542105 0.470833 0.043963 0.236905
10 0.576780 0.460119 0.053870 0.258333
11 0.600929 0.485119 0.042724 0.227381
12 0.628793 0.499405 0.039009 0.198810
13 0.663467 0.489881 0.048916 0.198810
14 0.703096 0.489881 0.048916 0.217857
24 0.482663 0.670833 0.024149 0.198810
25 0.462848 0.670833 0.034056 0.198810
26 0.435604 0.694643 0.039009 0.265476
27 0.401548 0.689881 0.040248 0.236905
28 0.373684 0.680357 0.043963 0.217857
29 0.331579 0.685119 0.058824 0.227381
30 0.289474 0.685119 0.053870 0.227381
16 0.504954 0.670833 0.029102 0.198810
17 0.524458 0.680357 0.038390 0.217857
18 0.552012 0.708929 0.034056 0.255952
19 0.581734 0.688095 0.034056 0.183333
20 0.609598 0.689881 0.040248 0.179762
21 0.653560 0.701786 0.068731 0.222619
22 0.703096 0.694643 0.058824 0.208333