0 0.487616 0.475595 0.034056 0.208333
1 0.462848 0.470833 0.034056 0.217857
2 0.428173 0.456548 0.043963 0.246429
3 0.400929 0.461310 0.039009 0.236905
4 0.371827 0.463095 0.045201 0.214286
5 0.336223 0.456548 0.049536 0.208333
6 0.294427 0.461310 0.043963 0.217857
7 0.254799 0.451786 0.043963 0.217857
8 0.517337 0.475595 0.034056 0.208333
9 0.547059 0.475595 0.034056 0.189286
10 0.579257 0.456548 0.039009 0.265476
11 0.604025 0.466071 0.039009 0.227381
12 0.633746 0.466071 0.039009 0.227381
13 0.663467 0.470833 0.048916 0.217857
14 0.703096 0.466071 0.048916 0.208333
15 0.747678 0.456548 0.048916 0.208333
24 0.487616 0.656548 0.024149 0.151190
25 0.467802 0.652976 0.024149 0.144048
26 0.440557 0.675595 0.029102 0.189286
27 0.410836 0.675595 0.039009 0.208333
28 0.383591 0.680357 0.043963 0.217857
29 0.339009 0.666071 0.063777 0.208333
30 0.289474 0.652381 0.073684 0.197619
31 0.242415 0.627976 0.078638 0.170238
16 0.502477 0.654762 0.024149 0.147619
17 0.529721 0.651786 0.029102 0.160714
18 0.561920 0.680357 0.034056 0.198810
19 0.591641 0.670833 0.034056 0.198810
20 0.617647 0.685119 0.036533 0.208333
21 0.660991 0.670833 0.073684 0.217857
22 0.713003 0.661310 0.078638 0.198810
23 0.760062 0.627976 0.083591 0.170238