0 0.487616 0.533929 0.034056 0.172619
1 0.462848 0.532738 0.034056 0.132143
2 0.447988 0.447024 0.034056 0.151190
3 0.423529 0.513690 0.033437 0.113095
4 0.402786 0.494643 0.030341 0.094048
5 0.368731 0.499405 0.053870 0.141667
6 0.346440 0.423214 0.048916 0.103571
8 0.524768 0.532738 0.039009 0.189286
9 0.548916 0.542262 0.037771 0.132143
10 0.567492 0.461310 0.035294 0.141667
11 0.584211 0.532738 0.039009 0.113095
12 0.609907 0.518452 0.037152 0.084524
13 0.646130 0.532738 0.053870 0.113095
14 0.665944 0.446429 0.053870 0.111905
24 0.485139 0.775595 0.029102 0.160714
25 0.455418 0.804167 0.039009 0.122619
26 0.428173 0.870833 0.034056 0.122619
27 0.408359 0.817262 0.034056 0.091667
28 0.373684 0.785119 0.034056 0.065476
29 0.351393 0.685119 0.078638 0.170238
30 0.299381 0.651786 0.043963 0.103571
16 0.507430 0.780357 0.024149 0.151190
17 0.527245 0.813690 0.034056 0.122619
18 0.556966 0.870833 0.043963 0.122619
19 0.584211 0.832738 0.039009 0.084524
20 0.625387 0.797024 0.035913 0.070238
21 0.653560 0.713690 0.068731 0.151190
22 0.708050 0.680357 0.048916 0.103571
32 0.391022 0.580357 0.039009 0.113095
33 0.418266 0.599405 0.034056 0.132143
34 0.440557 0.594643 0.029102 0.141667
