0 0.492570 0.526786 0.034056 0.158333
1 0.465325 0.513690 0.029102 0.170238
2 0.443034 0.504167 0.024149 0.189286
3 0.423220 0.508929 0.034056 0.179762
4 0.395975 0.527976 0.039009 0.160714
5 0.366254 0.523214 0.048916 0.170238
6 0.326625 0.523214 0.039009 0.189286
8 0.514861 0.527976 0.029102 0.141667
9 0.539628 0.527976 0.029102 0.160714
10 0.571827 0.518452 0.043963 0.198810
11 0.587616 0.532738 0.032198 0.189286
12 0.611455 0.557738 0.034056 0.155952
13 0.638700 0.551786 0.048916 0.189286
14 0.680805 0.561310 0.043963 0.170238
24 0.485139 0.699405 0.019195 0.179762
25 0.470279 0.699405 0.019195 0.179762
26 0.452941 0.699405 0.024149 0.198810
27 0.430650 0.699405 0.029102 0.198810
28 0.408359 0.704167 0.034056 0.189286
29 0.376161 0.704167 0.048916 0.189286
30 0.334056 0.711310 0.043963 0.194048
16 0.502477 0.694643 0.024149 0.170238
17 0.519814 0.705357 0.019195 0.186905
18 0.534675 0.710119 0.029102 0.182143
19 0.556347 0.713690 0.032817 0.189286
20 0.576780 0.722024 0.034056 0.191667
21 0.611455 0.723214 0.053870 0.189286
22 0.658514 0.739881 0.048916 0.194048