0 0.502477 0.442262 0.034056 0.217857
1 0.475232 0.423214 0.039009 0.217857
2 0.438080 0.394643 0.043963 0.275000
3 0.401548 0.423214 0.047678 0.217857
4 0.368731 0.414286 0.053870 0.216667
5 0.326625 0.404167 0.068731 0.198810
6 0.277090 0.361310 0.058824 0.227381
8 0.537152 0.451786 0.043963 0.217857
9 0.571827 0.447024 0.034056 0.189286
10 0.601548 0.427976 0.034056 0.246429
11 0.631269 0.437500 0.043963 0.208333
12 0.653560 0.430357 0.048916 0.194048
13 0.693189 0.418452 0.048916 0.208333
14 0.732817 0.385119 0.048916 0.217857
24 0.514861 0.647024 0.039009 0.151190
25 0.495046 0.642262 0.048916 0.160714
26 0.460372 0.651786 0.039009 0.198810
27 0.425697 0.637500 0.039009 0.189286
28 0.391022 0.632738 0.048916 0.179762
29 0.339009 0.623214 0.093498 0.217857
30 0.284520 0.585119 0.083591 0.217857
16 0.534365 0.644643 0.038390 0.146429
17 0.559443 0.651786 0.048916 0.160714
18 0.584211 0.656548 0.048916 0.208333
19 0.613932 0.647024 0.048916 0.189286
20 0.643653 0.651786 0.048916 0.198810
21 0.683282 0.627976 0.078638 0.208333
22 0.725387 0.594643 0.063777 0.179762