0 0.485139 0.551786 0.029102 0.170238
1 0.465325 0.547024 0.029102 0.179762
2 0.438080 0.527976 0.024149 0.198810
3 0.420743 0.542262 0.039009 0.189286
4 0.395975 0.513690 0.039009 0.151190
5 0.358824 0.513690 0.043963 0.189286
6 0.321672 0.494643 0.048916 0.151190
7 0.309288 0.385119 0.043963 0.084524
8 0.512384 0.547024 0.034056 0.179762
9 0.534675 0.550000 0.029102 0.173810
10 0.559443 0.532738 0.029102 0.208333
11 0.584211 0.551786 0.029102 0.170238
12 0.611455 0.532738 0.034056 0.170238
13 0.641176 0.527976 0.053870 0.179762
14 0.675851 0.504167 0.053870 0.170238
15 0.690712 0.404167 0.034056 0.084524
24 0.487616 0.708929 0.024149 0.141667
25 0.472755 0.701786 0.024149 0.155952
26 0.450464 0.732738 0.029102 0.189286
27 0.425697 0.727976 0.029102 0.160714
28 0.400929 0.723214 0.039009 0.170238
29 0.358824 0.704167 0.073684 0.189286
30 0.311765 0.661310 0.058824 0.160714
31 0.262229 0.642262 0.048916 0.103571
16 0.502477 0.713690 0.024149 0.132143
17 0.524768 0.718452 0.029102 0.160714
18 0.547059 0.727976 0.034056 0.179762
19 0.568111 0.718452 0.036533 0.160714
20 0.599071 0.723214 0.039009 0.170238
21 0.646130 0.708929 0.073684 0.179762
22 0.695666 0.675595 0.063777 0.170238
23 0.740248 0.651786 0.053870 0.103571