0 0.497523 0.485119 0.034056 0.189286
1 0.467802 0.485119 0.034056 0.189286
2 0.440557 0.470833 0.029102 0.217857
3 0.418266 0.473810 0.034056 0.204762
4 0.393498 0.475595 0.034056 0.208333
5 0.361920 0.466071 0.050155 0.189286
6 0.326625 0.454167 0.058824 0.146429
7 0.309288 0.380357 0.043963 0.113095
8 0.534675 0.475595 0.039009 0.208333
10 0.566873 0.472024 0.034056 0.201190
11 0.584211 0.499405 0.039009 0.179762
12 0.608978 0.485119 0.029102 0.189286
13 0.641176 0.470833 0.043963 0.179762
14 0.678328 0.442262 0.048916 0.198810
15 0.695666 0.389881 0.043963 0.113095
24 0.487616 0.675595 0.024149 0.151190
25 0.467802 0.680357 0.024149 0.160714
26 0.447988 0.694643 0.034056 0.189286
27 0.425697 0.675595 0.029102 0.170238
28 0.400929 0.670833 0.039009 0.160714
29 0.356656 0.651786 0.068111 0.179762
30 0.316099 0.618452 0.067492 0.170238
31 0.268111 0.594643 0.060681 0.122619
16 0.502477 0.680357 0.024149 0.160714
17 0.524768 0.680357 0.029102 0.160714
18 0.544582 0.704167 0.029102 0.189286
19 0.566873 0.675595 0.034056 0.151190
20 0.596594 0.675595 0.043963 0.170238
21 0.634056 0.656548 0.058204 0.170238
22 0.680805 0.627976 0.063777 0.170238
23 0.725387 0.613690 0.053870 0.122619