0 0.487616 0.523214 0.034056 0.189286
1 0.462848 0.518452 0.034056 0.179762
2 0.435604 0.499405 0.029102 0.198810
4 0.413313 0.504762 0.034056 0.188095
5 0.374613 0.513690 0.052012 0.170238
6 0.331579 0.508929 0.048916 0.179762
7 0.291950 0.499405 0.039009 0.179762
8 0.517957 0.523214 0.035294 0.170238
9 0.544582 0.527976 0.029102 0.160714
10 0.569350 0.504167 0.039009 0.208333
11 0.596594 0.504167 0.034056 0.208333
13 0.638700 0.508929 0.058824 0.179762
14 0.673375 0.504167 0.048916 0.208333
15 0.710526 0.499405 0.043963 0.179762
24 0.495046 0.694643 0.029102 0.151190
25 0.477709 0.718452 0.024149 0.179762
26 0.449845 0.727976 0.037771 0.198810
27 0.428173 0.727976 0.034056 0.198810
28 0.398452 0.727976 0.043963 0.198810
29 0.358824 0.707738 0.063777 0.182143
30 0.309288 0.685119 0.073684 0.189286
16 0.509907 0.695238 0.019195 0.150000
17 0.527245 0.704167 0.024149 0.170238
18 0.547059 0.718452 0.034056 0.198810
19 0.574303 0.713690 0.029102 0.189286
20 0.599071 0.723214 0.029102 0.208333
21 0.646130 0.716667 0.073684 0.195238
22 0.690712 0.695833 0.073684 0.186905