0 0.490093 0.567857 0.029102 0.202381
1 0.462848 0.527976 0.034056 0.141667
2 0.445511 0.437500 0.039009 0.132143
3 0.430650 0.504167 0.039009 0.113095
4 0.405882 0.480357 0.039009 0.103571
5 0.361300 0.518452 0.048916 0.160714
6 0.336533 0.451786 0.048916 0.103571
8 0.522291 0.576190 0.034056 0.188095
9 0.552012 0.566667 0.034056 0.159524
10 0.576780 0.466071 0.034056 0.151190
11 0.594118 0.537500 0.039009 0.122619
12 0.618266 0.513690 0.040248 0.113095
13 0.660991 0.542262 0.053870 0.189286
14 0.685759 0.494643 0.053870 0.113095
24 0.487616 0.747024 0.024149 0.141667
25 0.467802 0.737500 0.024149 0.141667
26 0.443034 0.827976 0.034056 0.113095
27 0.420743 0.770833 0.039009 0.113095
28 0.386068 0.761310 0.039009 0.094048
29 0.353870 0.683333 0.073684 0.185714
30 0.304334 0.661310 0.053870 0.103571
16 0.507430 0.747024 0.024149 0.141667
17 0.527245 0.751786 0.024149 0.132143
18 0.542105 0.842262 0.034056 0.122619
19 0.569350 0.785119 0.039009 0.103571
20 0.611455 0.788690 0.043963 0.091667
21 0.651084 0.726190 0.073684 0.176190
22 0.703096 0.723214 0.058824 0.113095
32 0.393498 0.564881 0.043963 0.105952
33 0.420743 0.582738 0.029102 0.108333
34 0.442105 0.585119 0.026006 0.122619
