0 0.476161 0.434524 0.037152 0.214286
1 0.450464 0.427976 0.029102 0.170238
2 0.423220 0.413690 0.034056 0.236905
3 0.395975 0.423214 0.039009 0.198810
4 0.373684 0.494643 0.024149 0.094048
5 0.341486 0.413690 0.048916 0.198810
8 0.509907 0.437500 0.039009 0.208333
9 0.542105 0.437500 0.034056 0.189286
10 0.566873 0.413690 0.034056 0.236905
11 0.598452 0.504167 0.027864 0.094048
12 0.618885 0.485119 0.029102 0.094048
13 0.651703 0.404167 0.062539 0.198810
24 0.485139 0.635119 0.029102 0.136905
25 0.457895 0.651786 0.034056 0.179762
26 0.425697 0.675595 0.039009 0.189286
27 0.400929 0.654762 0.039009 0.185714
28 0.368731 0.642262 0.043963 0.179762
29 0.326625 0.623214 0.078638 0.179762
16 0.509907 0.637500 0.029102 0.151190
17 0.537152 0.639286 0.034056 0.173810
18 0.566873 0.654762 0.034056 0.204762
19 0.597523 0.647024 0.042105 0.170238
20 0.626316 0.632738 0.034056 0.160714
22 0.720433 0.575595 0.083591 0.179762