0 0.487616 0.537500 0.043963 0.217857
1 0.460062 0.537500 0.028483 0.198810
2 0.438080 0.504167 0.034056 0.246429
3 0.415789 0.513690 0.039009 0.227381
4 0.391022 0.513690 0.039009 0.227381
5 0.358824 0.504167 0.063777 0.227381
6 0.326625 0.447024 0.068731 0.170238
7 0.296904 0.385119 0.048916 0.103571
8 0.519814 0.537500 0.039009 0.217857
9 0.549536 0.542262 0.029102 0.189286
10 0.574303 0.513690 0.029102 0.246429
11 0.598452 0.523214 0.030341 0.208333
12 0.621362 0.513690 0.043963 0.189286
13 0.656037 0.508929 0.053870 0.236905
14 0.693189 0.475595 0.058824 0.189286
15 0.715480 0.413690 0.043963 0.084524
24 0.522291 0.732738 0.034056 0.151190
25 0.502786 0.737500 0.043344 0.141667
26 0.477709 0.761310 0.043963 0.208333
27 0.445511 0.747024 0.039009 0.179762
28 0.405882 0.756548 0.039009 0.179762
30 0.334056 0.702976 0.083591 0.167857
31 0.284520 0.661310 0.063777 0.122619
16 0.544272 0.736310 0.028483 0.139286
17 0.561920 0.747024 0.024149 0.141667
18 0.589164 0.775595 0.039009 0.198810
19 0.606502 0.751786 0.043963 0.170238
20 0.648607 0.770833 0.048916 0.170238
22 0.708050 0.704167 0.068731 0.170238
23 0.755108 0.670833 0.053870 0.122619