0 0.491950 0.461310 0.032817 0.198810
1 0.465325 0.442262 0.029102 0.198810
2 0.444272 0.427976 0.031579 0.227381
3 0.420743 0.447024 0.048916 0.189286
4 0.390712 0.499405 0.018576 0.065476
5 0.358824 0.423214 0.053870 0.198810
8 0.519814 0.456548 0.039009 0.208333
9 0.547059 0.456548 0.034056 0.189286
10 0.571827 0.427976 0.034056 0.227381
11 0.599071 0.437500 0.039009 0.208333
12 0.636223 0.489881 0.043963 0.084524
24 0.502477 0.656548 0.024149 0.151190
25 0.482663 0.647024 0.024149 0.151190
26 0.457895 0.669643 0.024149 0.215476
27 0.428173 0.647024 0.043963 0.151190
28 0.405882 0.608929 0.029102 0.075000
29 0.368731 0.623214 0.073684 0.160714
16 0.517337 0.651786 0.034056 0.141667
17 0.539628 0.651786 0.029102 0.160714
18 0.566873 0.666071 0.043963 0.208333
19 0.596594 0.651786 0.053870 0.179762
20 0.618885 0.642262 0.048916 0.160714
21 0.648607 0.608929 0.068731 0.170238
22 0.689474 0.566071 0.071207 0.160714