0 0.490093 0.513690 0.039009 0.208333
1 0.457895 0.508929 0.034056 0.198810
2 0.430650 0.504167 0.039009 0.208333
3 0.400929 0.508929 0.039009 0.198810
4 0.371207 0.499405 0.039009 0.198810
6 0.318266 0.480357 0.052012 0.198810
7 0.282043 0.442262 0.048916 0.179762
8 0.524768 0.513690 0.039009 0.227381
9 0.556966 0.518452 0.034056 0.198810
10 0.589164 0.514881 0.039009 0.225000
11 0.616409 0.518452 0.034056 0.198810
12 0.643653 0.513690 0.039009 0.189286
14 0.685759 0.499405 0.053870 0.198810
15 0.730341 0.456548 0.053870 0.170238
24 0.492570 0.699405 0.024149 0.141667
25 0.475232 0.711905 0.029102 0.159524
26 0.443034 0.718452 0.034056 0.179762
27 0.418266 0.717262 0.034056 0.182143
28 0.388545 0.723214 0.034056 0.189286
29 0.353870 0.711310 0.063777 0.203571
30 0.309288 0.699405 0.053870 0.217857
31 0.254799 0.651786 0.073684 0.122619
16 0.514861 0.708929 0.029102 0.160714
17 0.539628 0.708929 0.029102 0.160714
18 0.566873 0.727976 0.034056 0.198810
19 0.594118 0.723214 0.029102 0.170238
20 0.621362 0.732738 0.043963 0.189286
21 0.660991 0.723214 0.053870 0.208333