0 0.492570 0.508929 0.034056 0.217857
1 0.465325 0.504167 0.029102 0.189286
2 0.440557 0.480357 0.029102 0.217857
3 0.420743 0.461310 0.039009 0.217857
4 0.398452 0.470833 0.034056 0.179762
5 0.364396 0.449405 0.052632 0.203571
6 0.331579 0.423214 0.058824 0.179762
7 0.314241 0.366071 0.053870 0.103571
8 0.522291 0.508929 0.034056 0.217857
9 0.547059 0.503571 0.034056 0.188095
10 0.569350 0.478571 0.029102 0.221429
11 0.594118 0.475595 0.029102 0.189286
12 0.616409 0.472024 0.034056 0.163095
13 0.646130 0.479762 0.043963 0.161905
14 0.675851 0.442262 0.053870 0.179762
15 0.693189 0.375595 0.048916 0.103571
24 0.502477 0.697024 0.024149 0.141667
25 0.480186 0.696429 0.029102 0.147619
26 0.457895 0.704167 0.024149 0.170238
27 0.435604 0.695833 0.029102 0.167857
28 0.413003 0.689881 0.053251 0.179762
29 0.373684 0.666071 0.083591 0.189286
30 0.326625 0.616667 0.088545 0.154762
31 0.280186 0.589881 0.055108 0.113095
16 0.517337 0.699405 0.024149 0.141667
17 0.534675 0.704167 0.029102 0.151190
18 0.559443 0.708929 0.029102 0.179762
19 0.579257 0.702976 0.029102 0.172619
20 0.606502 0.685119 0.043963 0.170238
21 0.636223 0.652976 0.083591 0.158333
22 0.688235 0.623214 0.088545 0.160714
23 0.725387 0.585119 0.053870 0.122619