0 0.477709 0.494643 0.034056 0.189286
1 0.451084 0.499405 0.027864 0.160714
2 0.425697 0.470833 0.039009 0.236905
8 0.507430 0.489881 0.034056 0.179762
9 0.532198 0.470833 0.024149 0.179762
10 0.561920 0.466071 0.034056 0.227381
12 0.614241 0.468452 0.038390 0.203571
14 0.665944 0.466071 0.053870 0.094048
24 0.487616 0.670833 0.024149 0.141667
25 0.470279 0.675595 0.029102 0.170238
26 0.450464 0.699405 0.029102 0.217857
28 0.398452 0.685119 0.053870 0.208333
30 0.329102 0.647024 0.083591 0.189286
16 0.507430 0.675595 0.024149 0.151190
17 0.521672 0.670833 0.022910 0.160714
18 0.542105 0.685119 0.024149 0.208333
19 0.569040 0.677381 0.038390 0.192857
20 0.594118 0.685119 0.048916 0.208333
22 0.665944 0.642262 0.083591 0.179762