0 0.482663 0.380357 0.043963 0.208333
1 0.452941 0.380357 0.034056 0.208333
2 0.420743 0.356548 0.039009 0.236905
3 0.391022 0.370833 0.039009 0.208333
7 0.289474 0.363095 0.053870 0.166667
8 0.517337 0.385119 0.043963 0.217857
9 0.552012 0.375595 0.034056 0.217857
10 0.584211 0.361310 0.039009 0.246429
11 0.614241 0.380357 0.038390 0.227381
24 0.490093 0.675595 0.039009 0.208333
25 0.457895 0.666071 0.034056 0.189286
26 0.420743 0.661310 0.039009 0.198810
27 0.387616 0.647024 0.042105 0.189286
28 0.356347 0.632738 0.048916 0.160714
30 0.239938 0.542262 0.083591 0.132143
16 0.522291 0.661310 0.043963 0.179762
17 0.559443 0.670833 0.039009 0.198810
18 0.591641 0.661310 0.043963 0.217857
19 0.626316 0.647024 0.043963 0.208333
20 0.665944 0.632738 0.053870 0.198810
21 0.708669 0.605357 0.079876 0.177381
22 0.758514 0.561310 0.086687 0.151190