0 0.495046 0.461310 0.039009 0.217857
1 0.460372 0.447024 0.039009 0.208333
2 0.428173 0.437500 0.034056 0.227381
3 0.400929 0.437500 0.039009 0.208333
4 0.373684 0.427976 0.043963 0.208333
5 0.336533 0.423214 0.048916 0.179762
6 0.299381 0.404167 0.053870 0.179762
7 0.274613 0.356548 0.053870 0.141667
8 0.529721 0.470833 0.039009 0.198810
9 0.559443 0.464881 0.029102 0.205952
10 0.586687 0.447024 0.034056 0.227381
11 0.611455 0.451786 0.034056 0.198810
12 0.637461 0.437500 0.036533 0.189286
13 0.668421 0.423214 0.048916 0.198810
14 0.705573 0.394643 0.043963 0.198810
15 0.740248 0.385119 0.043963 0.179762
24 0.502477 0.656548 0.024149 0.151190
25 0.480186 0.670833 0.029102 0.179762
26 0.451393 0.675595 0.037152 0.208333
27 0.420743 0.670833 0.039009 0.179762
28 0.391022 0.666071 0.048916 0.189286
29 0.348916 0.637500 0.073684 0.189286
30 0.299071 0.589881 0.082972 0.170238
31 0.254799 0.566071 0.063777 0.160714
16 0.522291 0.666071 0.024149 0.170238
17 0.544582 0.666071 0.029102 0.170238
18 0.569350 0.666071 0.039009 0.189286
19 0.594118 0.666071 0.029102 0.170238
20 0.627864 0.656548 0.047059 0.170238
21 0.663467 0.637500 0.068731 0.189286
22 0.715480 0.585119 0.073684 0.160714
23 0.755108 0.563690 0.063777 0.132143