0 0.500000 0.451786 0.029102 0.198810
1 0.475232 0.439881 0.029102 0.194048
2 0.447988 0.413690 0.034056 0.236905
3 0.423220 0.408929 0.053870 0.208333
4 0.393498 0.394643 0.043963 0.198810
5 0.358824 0.375595 0.053870 0.198810
6 0.321672 0.351786 0.058824 0.189286
7 0.296904 0.270833 0.048916 0.179762
8 0.524768 0.451786 0.029102 0.217857
9 0.549536 0.456548 0.029102 0.189286
10 0.574303 0.447024 0.029102 0.208333
11 0.601548 0.437500 0.034056 0.189286
12 0.623839 0.427976 0.039009 0.189286
13 0.657895 0.413690 0.047678 0.179762
14 0.695666 0.389881 0.043963 0.170238
15 0.715480 0.313690 0.043963 0.151190
24 0.497523 0.632738 0.024149 0.141667
25 0.480186 0.626786 0.029102 0.153571
26 0.455418 0.632738 0.039009 0.198810
27 0.433127 0.613690 0.043963 0.198810
28 0.403406 0.589881 0.043963 0.170238
29 0.363777 0.570833 0.083591 0.189286
30 0.324149 0.527976 0.063777 0.160714
16 0.512384 0.632738 0.024149 0.141667
17 0.530960 0.637500 0.021672 0.151190
18 0.552012 0.647024 0.034056 0.189286
19 0.579257 0.627976 0.039009 0.170238
20 0.606502 0.618452 0.053870 0.170238
21 0.646130 0.604167 0.073684 0.198810
22 0.685759 0.556548 0.063777 0.160714
23 0.735294 0.518452 0.063777 0.103571