0 0.463467 0.537500 0.042724 0.198810
1 0.432817 0.532738 0.043344 0.189286
2 0.405882 0.527976 0.039009 0.217857
3 0.378638 0.527976 0.043963 0.198810
4 0.356347 0.530357 0.039009 0.203571
5 0.322910 0.527976 0.046440 0.198810
6 0.284520 0.513690 0.043963 0.189286
7 0.262229 0.448214 0.048916 0.167857
8 0.495046 0.537500 0.039009 0.198810
9 0.519814 0.532738 0.048916 0.189286
10 0.549536 0.510714 0.048916 0.233333
11 0.584211 0.508929 0.058824 0.217857
12 0.611455 0.499405 0.053870 0.217857
13 0.651084 0.499405 0.063777 0.217857
14 0.690712 0.494643 0.073684 0.208333
15 0.715480 0.404167 0.073684 0.179762
24 0.477709 0.727976 0.024149 0.160714
25 0.455418 0.727976 0.029102 0.141667
26 0.427245 0.737500 0.032198 0.179762
27 0.400929 0.718452 0.039009 0.179762
28 0.373684 0.718452 0.043963 0.198810
29 0.329102 0.718452 0.073684 0.198810
30 0.282043 0.699405 0.068731 0.198810
31 0.232508 0.689881 0.068731 0.141667
16 0.497523 0.732738 0.024149 0.189286
17 0.522291 0.726786 0.034056 0.177381
18 0.552012 0.727976 0.043963 0.198810
19 0.584211 0.718452 0.048916 0.198810
20 0.618885 0.718452 0.078638 0.217857
21 0.665944 0.704167 0.093498 0.208333
22 0.717957 0.680357 0.098452 0.198810
23 0.786687 0.661310 0.107121 0.141667