0 0.500000 0.470833 0.039009 0.217857
1 0.480186 0.442262 0.029102 0.141667
2 0.443034 0.437500 0.043963 0.246429
3 0.415789 0.442262 0.058824 0.179762
4 0.386068 0.467857 0.058824 0.204762
5 0.336533 0.475595 0.068731 0.189286
6 0.269659 0.466071 0.063777 0.189286
7 0.225077 0.466071 0.043963 0.075000
8 0.534675 0.470833 0.039009 0.236905
9 0.559443 0.456548 0.029102 0.170238
10 0.591641 0.456548 0.034056 0.208333
11 0.621362 0.469643 0.043963 0.182143
12 0.646130 0.476786 0.034056 0.205952
13 0.683282 0.485119 0.048916 0.189286
24 0.495046 0.670833 0.019195 0.160714
25 0.472755 0.675595 0.034056 0.189286
26 0.445511 0.689881 0.039009 0.217857
27 0.410836 0.689881 0.048916 0.198810
16 0.512384 0.670833 0.024149 0.160714
17 0.532198 0.675595 0.024149 0.170238
18 0.561920 0.685119 0.034056 0.208333
19 0.594118 0.694048 0.039009 0.188095