0 0.495046 0.504167 0.039009 0.227381
1 0.470279 0.504167 0.029102 0.189286
2 0.445511 0.480357 0.029102 0.236905
3 0.418266 0.485119 0.034056 0.189286
4 0.391022 0.466071 0.039009 0.208333
5 0.358204 0.451786 0.055108 0.198810
6 0.311765 0.447024 0.058824 0.189286
8 0.524768 0.508929 0.039009 0.217857
9 0.552012 0.513690 0.034056 0.189286
10 0.579876 0.485119 0.037771 0.227381
11 0.601548 0.485119 0.034056 0.189286
12 0.628793 0.470833 0.039009 0.198810
13 0.660991 0.457738 0.053870 0.186905
14 0.693189 0.442262 0.068731 0.179762
24 0.492570 0.694643 0.024149 0.132143
25 0.472755 0.694643 0.024149 0.151190
26 0.445511 0.708929 0.039009 0.179762
27 0.423220 0.699405 0.034056 0.179762
28 0.395975 0.689881 0.039009 0.198810
29 0.358824 0.661310 0.053870 0.179762
30 0.306811 0.632738 0.068731 0.179762
16 0.509907 0.685119 0.019195 0.132143
17 0.532198 0.694643 0.024149 0.151190
18 0.556966 0.701190 0.034056 0.183333
19 0.581734 0.689286 0.034056 0.178571
20 0.608978 0.685119 0.048916 0.189286
21 0.648607 0.661310 0.068731 0.198810
22 0.698142 0.619643 0.068731 0.172619