0 0.494118 0.523214 0.037152 0.208333
1 0.470279 0.523214 0.029102 0.208333
2 0.443034 0.504167 0.034056 0.227381
3 0.415789 0.504167 0.039009 0.208333
4 0.388545 0.475595 0.034056 0.132143
6 0.306811 0.485119 0.068731 0.189286
8 0.527245 0.523214 0.034056 0.208333
9 0.554489 0.522024 0.029102 0.191667
10 0.579876 0.518452 0.037771 0.217857
11 0.606502 0.513690 0.034056 0.208333
12 0.628793 0.494643 0.029102 0.151190
14 0.692260 0.487500 0.040867 0.175000
24 0.495046 0.713690 0.029102 0.151190
25 0.475232 0.718452 0.029102 0.160714
26 0.452941 0.732738 0.034056 0.227381
27 0.423220 0.715476 0.043963 0.204762
28 0.391022 0.704167 0.048916 0.208333
29 0.341486 0.680357 0.078638 0.179762
16 0.518576 0.718452 0.031579 0.141667
17 0.542105 0.718452 0.034056 0.160714
18 0.564396 0.723214 0.039009 0.189286
19 0.591641 0.723214 0.043963 0.189286
20 0.616409 0.713690 0.043963 0.189286
21 0.653560 0.689881 0.068731 0.198810