0 0.492570 0.499405 0.043963 0.217857
1 0.455418 0.499405 0.039009 0.179762
2 0.437461 0.385119 0.042724 0.141667
3 0.417647 0.394643 0.055108 0.084524
4 0.383591 0.452976 0.034056 0.101190
5 0.351393 0.451786 0.058824 0.179762
6 0.311765 0.366071 0.058824 0.122619
8 0.527245 0.499405 0.043963 0.236905
9 0.561920 0.489881 0.034056 0.179762
10 0.581734 0.398810 0.034056 0.130952
11 0.596904 0.470833 0.043344 0.122619
12 0.623839 0.451190 0.039009 0.102381
13 0.663467 0.471429 0.058824 0.197619
14 0.688235 0.389881 0.048916 0.132143
24 0.490093 0.714286 0.029102 0.188095
25 0.467802 0.723214 0.024149 0.170238
26 0.445511 0.799405 0.048916 0.132143
27 0.415789 0.762500 0.039009 0.110714
28 0.378638 0.727976 0.034056 0.103571
29 0.344582 0.666667 0.062539 0.188095
31 0.294427 0.632738 0.053870 0.103571
16 0.512384 0.708929 0.024149 0.179762
17 0.534675 0.714881 0.029102 0.172619
18 0.564396 0.794643 0.039009 0.122619
19 0.589164 0.759524 0.039009 0.109524
20 0.633746 0.747024 0.039009 0.103571
21 0.663467 0.666071 0.068731 0.189286
22 0.703096 0.632738 0.048916 0.122619
32 0.420433 0.461310 0.039628 0.065476
33 0.403406 0.526190 0.043963 0.080952
34 0.428173 0.532738 0.034056 0.113095
