0 0.482663 0.461310 0.034056 0.141667
1 0.455418 0.461310 0.029102 0.141667
2 0.425697 0.408929 0.039009 0.284524
3 0.388545 0.442262 0.053870 0.217857
4 0.359752 0.442262 0.050774 0.236905
5 0.326625 0.513690 0.048916 0.113095
6 0.289474 0.480357 0.043963 0.198810
8 0.514861 0.461310 0.039009 0.141667
9 0.542105 0.456548 0.034056 0.132143
10 0.569350 0.399405 0.039009 0.265476
11 0.608978 0.399405 0.048916 0.284524
12 0.646130 0.408333 0.043963 0.264286
13 0.675851 0.427976 0.043963 0.227381
14 0.710526 0.418452 0.043963 0.246429
24 0.495046 0.698214 0.039009 0.258333
25 0.467802 0.637500 0.034056 0.132143
26 0.438080 0.699405 0.043963 0.255952
27 0.405882 0.654167 0.039009 0.146429
28 0.371207 0.689286 0.039009 0.216667
29 0.334056 0.689881 0.043963 0.198810
16 0.517337 0.632738 0.034056 0.141667
17 0.542105 0.680357 0.034056 0.255952
18 0.573684 0.675595 0.037771 0.246429
19 0.604025 0.670833 0.039009 0.217857
20 0.643653 0.666071 0.048916 0.208333