0 0.467802 0.361310 0.043963 0.246429
1 0.440557 0.370833 0.039009 0.208333
2 0.405882 0.336905 0.048916 0.276190
3 0.376161 0.356548 0.048916 0.236905
4 0.343963 0.337500 0.043963 0.275000
7 0.242415 0.341667 0.039009 0.188095
8 0.504954 0.363095 0.039009 0.242857
9 0.534675 0.375595 0.039009 0.198810
10 0.579257 0.289881 0.039009 0.198810
11 0.604025 0.356548 0.068731 0.255952
12 0.643653 0.351786 0.048916 0.265476
14 0.756347 0.366071 0.066254 0.198810
24 0.477709 0.584524 0.024149 0.178571
25 0.455418 0.589881 0.029102 0.189286
26 0.425697 0.602381 0.039009 0.252381
27 0.398452 0.575595 0.034056 0.217857
28 0.366254 0.585119 0.039009 0.217857
31 0.234985 0.508929 0.083591 0.160714
16 0.500000 0.589881 0.029102 0.189286
17 0.522291 0.589881 0.034056 0.189286
18 0.552012 0.604167 0.043963 0.236905
19 0.584211 0.580357 0.048916 0.208333
20 0.621362 0.587500 0.043963 0.222619