0 0.500000 0.542262 0.029102 0.170238
1 0.475232 0.537500 0.029102 0.179762
2 0.450464 0.504167 0.029102 0.208333
3 0.435604 0.508929 0.029102 0.160714
4 0.408359 0.510714 0.043963 0.164286
5 0.376161 0.499405 0.058824 0.160714
8 0.522291 0.532738 0.024149 0.189286
9 0.544582 0.532738 0.029102 0.151190
10 0.569350 0.513690 0.029102 0.189286
11 0.589164 0.499405 0.029102 0.179762
12 0.608978 0.508929 0.029102 0.179762
13 0.636223 0.499405 0.043963 0.179762
14 0.668421 0.485119 0.048916 0.170238
24 0.497523 0.699405 0.024149 0.122619
25 0.477709 0.708929 0.024149 0.141667
26 0.455418 0.704167 0.029102 0.170238
27 0.430650 0.704167 0.029102 0.170238
28 0.405882 0.694643 0.039009 0.170238
30 0.339009 0.642262 0.083591 0.141667
16 0.514861 0.694643 0.019195 0.113095
17 0.532198 0.704167 0.024149 0.113095
18 0.554489 0.704167 0.029102 0.151190
19 0.579876 0.699405 0.030341 0.160714
20 0.608978 0.694643 0.039009 0.170238
21 0.658514 0.669048 0.068731 0.157143
22 0.703096 0.613690 0.078638 0.141667