0 0.483901 0.466071 0.041486 0.170238
1 0.450464 0.423214 0.029102 0.122619
2 0.420743 0.408929 0.029102 0.132143
5 0.352012 0.442262 0.057585 0.122619
6 0.341486 0.475595 0.039009 0.151190
8 0.517337 0.463690 0.034056 0.175000
9 0.542105 0.466071 0.034056 0.170238
10 0.576780 0.427976 0.034056 0.151190
11 0.616409 0.427976 0.034056 0.151190
12 0.643653 0.442262 0.029102 0.160714
13 0.673375 0.475595 0.029102 0.151190
24 0.495046 0.661310 0.029102 0.179762
25 0.475232 0.656548 0.029102 0.189286
26 0.457895 0.675595 0.034056 0.208333
27 0.435604 0.668452 0.029102 0.175000
16 0.509907 0.656548 0.029102 0.170238
17 0.524768 0.675595 0.039009 0.208333
18 0.549536 0.689881 0.039009 0.217857
19 0.571827 0.711310 0.043963 0.203571