0 0.492570 0.556548 0.024149 0.160714
1 0.470279 0.594643 0.019195 0.084524
2 0.457895 0.589881 0.024149 0.094048
5 0.415170 0.547024 0.040248 0.141667
6 0.379876 0.542262 0.041486 0.151190
8 0.522291 0.551786 0.043963 0.163095
9 0.542105 0.594643 0.024149 0.084524
10 0.556966 0.589881 0.024149 0.094048
11 0.573994 0.589881 0.028483 0.094048
14 0.626316 0.561310 0.043963 0.132143
24 0.502477 0.742262 0.024149 0.094048
25 0.485139 0.732738 0.019195 0.094048
26 0.467802 0.727976 0.024149 0.103571
27 0.447988 0.718452 0.024149 0.084524
28 0.423220 0.718452 0.043963 0.103571
29 0.383591 0.723214 0.063777 0.170238
16 0.514861 0.737500 0.019195 0.084524
17 0.529721 0.732738 0.019195 0.094048
18 0.547059 0.737500 0.024149 0.084524
20 0.564396 0.751786 0.029102 0.036905
21 0.584211 0.732738 0.048916 0.113095
22 0.622601 0.737500 0.061300 0.160714