0 0.504954 0.447024 0.029102 0.170238
1 0.482043 0.413690 0.032817 0.217857
2 0.457895 0.404167 0.034056 0.236905
3 0.438080 0.423214 0.043963 0.179762
4 0.410836 0.404167 0.029102 0.160714
5 0.378638 0.404167 0.053870 0.198810
6 0.334056 0.404167 0.043963 0.179762
7 0.304334 0.389881 0.063777 0.170238
8 0.529721 0.442262 0.039009 0.179762
9 0.556966 0.447024 0.024149 0.189286
10 0.579257 0.423214 0.029102 0.217857
11 0.604025 0.447024 0.029102 0.170238
12 0.628793 0.442262 0.029102 0.179762
13 0.653560 0.423810 0.039009 0.197619
14 0.688235 0.423214 0.039009 0.179762
24 0.519814 0.627976 0.029102 0.170238
25 0.500000 0.618452 0.029102 0.170238
26 0.485139 0.627976 0.029102 0.189286
27 0.457895 0.627976 0.034056 0.189286
28 0.423220 0.627976 0.063777 0.189286
29 0.383591 0.604167 0.093498 0.179762
16 0.539628 0.642262 0.029102 0.160714
17 0.557276 0.642262 0.033437 0.160714
18 0.579257 0.645833 0.039009 0.186905
19 0.606502 0.642262 0.043963 0.179762
20 0.630650 0.637500 0.042724 0.170238
21 0.658514 0.625595 0.068731 0.175000