0 0.485139 0.504167 0.039009 0.208333
1 0.452941 0.508929 0.034056 0.198810
2 0.420743 0.489881 0.039009 0.236905
3 0.393498 0.508929 0.043963 0.198810
4 0.358514 0.499405 0.043344 0.217857
5 0.319195 0.494643 0.053870 0.227381
6 0.274613 0.485119 0.053870 0.227381
7 0.236533 0.408929 0.056966 0.189286
8 0.522291 0.499405 0.043963 0.217857
9 0.556966 0.513690 0.034056 0.189286
10 0.588854 0.499405 0.038390 0.236905
11 0.616409 0.499405 0.034056 0.217857
12 0.646130 0.486310 0.034056 0.225000
13 0.680805 0.489881 0.053870 0.217857
14 0.720124 0.470833 0.053251 0.217857
15 0.754489 0.404167 0.052632 0.179762
24 0.492570 0.699405 0.034056 0.160714
25 0.475232 0.704167 0.039009 0.170238
26 0.447988 0.732738 0.043963 0.208333
27 0.415789 0.727976 0.039009 0.198810
28 0.383591 0.737500 0.034056 0.217857
29 0.339009 0.723214 0.083591 0.208333
30 0.275851 0.704167 0.091022 0.208333
16 0.512384 0.704167 0.034056 0.170238
17 0.533746 0.713690 0.027245 0.189286
18 0.556966 0.718452 0.034056 0.217857
19 0.589164 0.723214 0.039009 0.208333
20 0.621362 0.723214 0.034056 0.208333
21 0.663467 0.713690 0.078638 0.208333
22 0.717957 0.699405 0.088545 0.198810