0 0.486687 0.451786 0.042105 0.198810
1 0.450464 0.466071 0.048916 0.170238
2 0.415789 0.451786 0.048916 0.198810
3 0.381115 0.475595 0.048916 0.170238
4 0.348607 0.494643 0.043344 0.170238
5 0.304334 0.504167 0.063777 0.170238
7 0.242415 0.485119 0.068731 0.151190
8 0.527245 0.461310 0.043963 0.179762
9 0.564396 0.456548 0.039009 0.170238
10 0.599071 0.442262 0.048916 0.198810
11 0.631269 0.461310 0.034056 0.179762
12 0.662229 0.466071 0.036533 0.151190
15 0.747678 0.456548 0.068731 0.151190
24 0.487616 0.637500 0.024149 0.132143
25 0.465325 0.647024 0.029102 0.151190
26 0.433746 0.675595 0.042724 0.208333
27 0.403406 0.670833 0.043963 0.179762
28 0.366254 0.675595 0.039009 0.151190
29 0.331579 0.637500 0.048916 0.055952
30 0.297833 0.627976 0.047059 0.075000
31 0.239938 0.642262 0.083591 0.141667
16 0.512384 0.637500 0.034056 0.151190
17 0.537152 0.632738 0.034056 0.141667
18 0.566873 0.651786 0.043963 0.198810
19 0.596594 0.639881 0.043963 0.155952
20 0.628793 0.645238 0.039009 0.166667
21 0.663777 0.604167 0.048297 0.084524
22 0.715480 0.632738 0.073684 0.160714