0 0.487616 0.456548 0.024149 0.189286
1 0.467802 0.461310 0.024149 0.160714
2 0.447988 0.427976 0.024149 0.189286
3 0.427864 0.427976 0.033437 0.189286
4 0.405882 0.418452 0.029102 0.189286
5 0.376161 0.408929 0.048916 0.170238
6 0.341486 0.394643 0.048916 0.160714
7 0.329102 0.305952 0.043963 0.090476
8 0.509907 0.456548 0.029102 0.189286
9 0.529721 0.461310 0.029102 0.160714
10 0.546440 0.422619 0.032817 0.197619
11 0.566873 0.408929 0.034056 0.208333
12 0.589783 0.418452 0.030341 0.189286
13 0.618885 0.410119 0.048916 0.172619
14 0.653560 0.380357 0.058824 0.170238
15 0.665944 0.308929 0.053870 0.103571
24 0.490093 0.656548 0.019195 0.151190
25 0.472755 0.651786 0.014241 0.160714
26 0.451393 0.656548 0.030960 0.189286
27 0.428173 0.638690 0.034056 0.172619
28 0.400929 0.632143 0.039009 0.178571
29 0.362848 0.608929 0.065635 0.170238
30 0.324149 0.575595 0.053870 0.160714
31 0.286997 0.527976 0.039009 0.103571
16 0.504954 0.656548 0.019195 0.151190
17 0.522291 0.651786 0.024149 0.160714
18 0.544582 0.651786 0.029102 0.198810
19 0.566873 0.642262 0.034056 0.179762
20 0.596285 0.632738 0.053251 0.179762
21 0.633746 0.613690 0.078638 0.179762
22 0.682353 0.585119 0.070588 0.160714
23 0.727864 0.537500 0.048916 0.103571