0 0.492570 0.523214 0.034056 0.208333
1 0.467802 0.518452 0.034056 0.198810
2 0.445511 0.494643 0.039009 0.246429
3 0.420743 0.485119 0.048916 0.246429
4 0.393498 0.508929 0.043963 0.179762
5 0.361300 0.499405 0.058824 0.198810
6 0.312384 0.489881 0.055108 0.179762
7 0.272136 0.461310 0.058824 0.179762
8 0.522291 0.523214 0.034056 0.208333
9 0.551393 0.504167 0.032817 0.208333
10 0.579876 0.489881 0.037771 0.236905
11 0.606502 0.515476 0.034056 0.173810
12 0.628173 0.513690 0.027864 0.170238
13 0.656037 0.516071 0.043963 0.175000
14 0.695666 0.499405 0.043963 0.179762
15 0.730341 0.485119 0.043963 0.170238
24 0.512384 0.708929 0.024149 0.160714
25 0.495046 0.705952 0.029102 0.135714
26 0.477709 0.708929 0.034056 0.179762
27 0.452941 0.713690 0.034056 0.189286
28 0.421672 0.717262 0.040867 0.177381
30 0.329102 0.694643 0.093498 0.189286
31 0.269659 0.661310 0.093498 0.160714
16 0.527245 0.708929 0.024149 0.141667
17 0.544582 0.708929 0.029102 0.141667
18 0.566873 0.732738 0.034056 0.208333
19 0.589164 0.721429 0.039009 0.185714
20 0.611455 0.714286 0.034056 0.171429
21 0.648607 0.713690 0.068731 0.170238
22 0.693189 0.699405 0.068731 0.179762
23 0.737771 0.662500 0.078638 0.158333