0 0.490093 0.456548 0.039009 0.227381
1 0.457895 0.456548 0.034056 0.208333
2 0.425697 0.437500 0.039009 0.265476
3 0.398452 0.456548 0.043963 0.208333
4 0.366254 0.451786 0.039009 0.198810
5 0.324149 0.441071 0.053870 0.196429
6 0.279567 0.413690 0.053870 0.217857
8 0.524768 0.451786 0.039009 0.236905
9 0.552012 0.456548 0.034056 0.208333
10 0.581734 0.447024 0.034056 0.246429
11 0.613932 0.461310 0.039009 0.198810
12 0.638700 0.448810 0.029102 0.204762
13 0.673375 0.432738 0.058824 0.217857
14 0.715480 0.423214 0.043963 0.198810
24 0.492570 0.658929 0.024149 0.165476
25 0.467802 0.666071 0.034056 0.189286
26 0.443034 0.689881 0.034056 0.198810
27 0.410836 0.672024 0.048916 0.201190
28 0.380186 0.670833 0.060681 0.217857
29 0.339009 0.661310 0.073684 0.217857
30 0.284520 0.627976 0.073684 0.189286
16 0.512384 0.663690 0.024149 0.165476
17 0.534675 0.675595 0.029102 0.189286
18 0.564396 0.689881 0.039009 0.217857
19 0.589164 0.670833 0.039009 0.217857
20 0.618885 0.661310 0.048916 0.217857
21 0.656037 0.651786 0.073684 0.198810
22 0.710526 0.632738 0.073684 0.198810