0 0.462848 0.432738 0.034056 0.198810
1 0.440557 0.447024 0.029102 0.170238
2 0.418266 0.413690 0.034056 0.236905
3 0.393498 0.432738 0.034056 0.198810
5 0.339009 0.427976 0.034056 0.132143
6 0.314241 0.442262 0.034056 0.179762
8 0.487616 0.437500 0.034056 0.170238
9 0.507430 0.442262 0.034056 0.160714
10 0.532198 0.418452 0.043963 0.208333
11 0.556966 0.433333 0.034056 0.178571
12 0.586687 0.418452 0.034056 0.208333
13 0.623839 0.437500 0.058824 0.170238
15 0.680805 0.413690 0.053870 0.179762
24 0.465325 0.613690 0.019195 0.160714
25 0.452941 0.632738 0.024149 0.160714
26 0.428173 0.642262 0.034056 0.179762
27 0.410836 0.623214 0.039009 0.160714
28 0.393498 0.623214 0.034056 0.179762
29 0.356347 0.623214 0.058824 0.179762
30 0.314241 0.618452 0.053870 0.170238
31 0.272136 0.599405 0.048916 0.170238
16 0.482663 0.606548 0.024149 0.165476
17 0.500000 0.621429 0.029102 0.164286
18 0.524768 0.637500 0.039009 0.189286
19 0.549226 0.625595 0.048297 0.184524
20 0.571827 0.623214 0.043963 0.198810
21 0.611455 0.613690 0.083591 0.198810
22 0.665944 0.608929 0.073684 0.189286