0 0.487616 0.527976 0.043963 0.217857
1 0.455418 0.508929 0.039009 0.217857
2 0.425697 0.489881 0.039009 0.255952
4 0.391022 0.494643 0.039009 0.208333
5 0.351393 0.489881 0.058824 0.198810
6 0.301858 0.456548 0.058824 0.208333
8 0.524768 0.527976 0.039009 0.217857
9 0.554489 0.527976 0.048916 0.179762
10 0.584211 0.489881 0.048916 0.236905
11 0.616409 0.499405 0.034056 0.179762
13 0.653560 0.475595 0.058824 0.189286
14 0.698142 0.442262 0.058824 0.198810
24 0.491331 0.708929 0.026625 0.122619
25 0.465325 0.708929 0.029102 0.141667
26 0.438080 0.723214 0.034056 0.208333
28 0.400929 0.704167 0.068731 0.189286
29 0.356347 0.680357 0.078638 0.198810
30 0.304334 0.647024 0.083591 0.189286
16 0.512384 0.713690 0.024149 0.132143
17 0.539628 0.713690 0.029102 0.151190
18 0.566873 0.718452 0.034056 0.198810
20 0.604025 0.689881 0.078638 0.179762
21 0.646130 0.671429 0.093498 0.197619
22 0.695666 0.647024 0.093498 0.189286