0 0.490093 0.523214 0.029102 0.208333
1 0.467802 0.508929 0.024149 0.198810
2 0.445511 0.489881 0.029102 0.217857
3 0.420743 0.504167 0.029102 0.189286
4 0.393498 0.475595 0.034056 0.189286
5 0.351393 0.504167 0.048916 0.208333
6 0.311765 0.499405 0.048916 0.179762
7 0.291950 0.408929 0.048916 0.094048
8 0.517337 0.537500 0.034056 0.179762
9 0.532198 0.499405 0.043963 0.217857
10 0.561920 0.480357 0.034056 0.198810
11 0.582972 0.492857 0.041486 0.204762
12 0.613932 0.489881 0.039009 0.217857
13 0.648607 0.497619 0.048916 0.195238
14 0.695666 0.485119 0.053870 0.208333
24 0.495046 0.723214 0.019195 0.170238
25 0.475851 0.727976 0.027864 0.179762
26 0.457895 0.737500 0.034056 0.198810
27 0.425697 0.747024 0.029102 0.217857
28 0.395975 0.756548 0.039009 0.217857
29 0.353870 0.727976 0.073684 0.198810
30 0.309288 0.689881 0.073684 0.179762
16 0.514861 0.719048 0.019195 0.178571
17 0.532198 0.723810 0.034056 0.188095
18 0.554489 0.732738 0.029102 0.208333
19 0.581734 0.747024 0.034056 0.236905
20 0.606502 0.746429 0.043963 0.216667
21 0.653560 0.723214 0.088545 0.208333
22 0.705573 0.685119 0.083591 0.189286
23 0.730341 0.418452 0.043963 0.094048
32 0.389164 0.575595 0.042724 0.065476