0 0.495046 0.518452 0.029102 0.198810
1 0.472755 0.518452 0.024149 0.198810
2 0.450464 0.494643 0.029102 0.208333
3 0.428173 0.489881 0.043963 0.198810
4 0.403406 0.480357 0.043963 0.198810
5 0.373684 0.470833 0.053870 0.198810
6 0.339009 0.447024 0.063777 0.189286
7 0.311765 0.404167 0.078638 0.179762
8 0.517337 0.513690 0.034056 0.208333
9 0.544582 0.499405 0.029102 0.198810
10 0.569350 0.485119 0.029102 0.227381
11 0.591641 0.485119 0.034056 0.208333
12 0.612384 0.480357 0.032198 0.198810
13 0.641176 0.475595 0.043963 0.189286
14 0.675851 0.456548 0.043963 0.170238
24 0.502477 0.723214 0.024149 0.170238
25 0.485139 0.719643 0.029102 0.177381
26 0.464706 0.737500 0.027864 0.217857
27 0.443034 0.720238 0.034056 0.214286
28 0.405263 0.704167 0.057585 0.189286
29 0.358824 0.689881 0.103406 0.198810
30 0.318266 0.632738 0.091641 0.179762
31 0.277399 0.572024 0.087926 0.134524
16 0.517337 0.723214 0.024149 0.170238
17 0.539628 0.727976 0.029102 0.198810
18 0.566873 0.727976 0.034056 0.217857
19 0.588545 0.704167 0.040248 0.189286
20 0.618576 0.708929 0.058204 0.198810
21 0.653560 0.675595 0.078638 0.189286
22 0.695666 0.623214 0.083591 0.160714
23 0.727864 0.575595 0.078638 0.141667