0 0.485139 0.508929 0.039009 0.217857
2 0.423220 0.470833 0.043963 0.275000
8 0.519814 0.504167 0.039009 0.208333
9 0.549536 0.499405 0.029102 0.122619
10 0.581734 0.495238 0.043963 0.245238
11 0.613932 0.479167 0.029102 0.148810
12 0.641176 0.480357 0.043963 0.122619
13 0.675851 0.442262 0.043963 0.103571
24 0.498142 0.685119 0.025387 0.132143
25 0.472755 0.689881 0.034056 0.141667
26 0.447988 0.713690 0.043963 0.208333
27 0.408359 0.694643 0.043963 0.151190
29 0.361300 0.689881 0.078638 0.160714
30 0.300619 0.661310 0.076161 0.122619
16 0.524768 0.689881 0.029102 0.141667
17 0.549536 0.680357 0.029102 0.141667
18 0.579257 0.689881 0.039009 0.198810
22 0.700619 0.647024 0.083591 0.189286