0 0.492570 0.520238 0.034056 0.183333
1 0.462848 0.475595 0.034056 0.132143
2 0.446130 0.408929 0.037771 0.151190
3 0.428173 0.470833 0.034056 0.141667
4 0.405882 0.463690 0.039009 0.108333
5 0.366873 0.504167 0.047678 0.170238
6 0.341486 0.435714 0.048916 0.128571
8 0.524768 0.523214 0.039009 0.189286
9 0.554489 0.494643 0.029102 0.094048
10 0.566873 0.414881 0.034056 0.144048
11 0.591641 0.456548 0.034056 0.151190
12 0.616409 0.447024 0.034056 0.132143
13 0.651084 0.489881 0.043963 0.179762
14 0.675232 0.432738 0.042724 0.103571
24 0.504954 0.713690 0.029102 0.170238
25 0.485139 0.727976 0.029102 0.160714
26 0.457895 0.837500 0.043963 0.132143
27 0.433127 0.785119 0.034056 0.122619
28 0.393498 0.786310 0.034056 0.115476
29 0.361300 0.694643 0.068731 0.170238
30 0.314241 0.704167 0.053870 0.113095
16 0.522291 0.716071 0.024149 0.175000
17 0.544582 0.751786 0.029102 0.170238
18 0.576780 0.835119 0.043963 0.127381
19 0.596594 0.775595 0.034056 0.122619
20 0.631269 0.770833 0.034056 0.113095
21 0.663467 0.680357 0.068731 0.179762
22 0.710836 0.675595 0.053251 0.113095
32 0.400929 0.549405 0.039009 0.117857
33 0.428173 0.566071 0.034056 0.103571
34 0.450464 0.542262 0.029102 0.132143
