0 0.480186 0.532738 0.039009 0.208333
1 0.447988 0.527976 0.034056 0.198810
2 0.415789 0.527976 0.039009 0.217857
3 0.391022 0.527976 0.039009 0.198810
4 0.361300 0.536310 0.039009 0.182143
5 0.321672 0.532738 0.058824 0.189286
6 0.272136 0.504167 0.058824 0.208333
8 0.509907 0.532738 0.039009 0.208333
9 0.539628 0.527976 0.029102 0.198810
10 0.566873 0.515476 0.034056 0.230952
11 0.596594 0.518452 0.043963 0.217857
12 0.626316 0.542262 0.034056 0.189286
13 0.665944 0.532738 0.053870 0.189286
14 0.710526 0.513690 0.053870 0.208333
15 0.725387 0.466071 0.034056 0.094048
24 0.485139 0.723214 0.029102 0.151190
25 0.462848 0.723214 0.034056 0.151190
26 0.438080 0.751786 0.034056 0.227381
27 0.405882 0.746429 0.039009 0.197619
28 0.372136 0.751786 0.047059 0.208333
29 0.321672 0.737500 0.078638 0.198810
30 0.264706 0.718452 0.083591 0.198810
16 0.507430 0.718452 0.024149 0.160714
17 0.524768 0.726190 0.029102 0.157143
18 0.552012 0.742262 0.034056 0.208333
19 0.584211 0.747024 0.039009 0.198810
20 0.616409 0.751786 0.043963 0.208333
21 0.663467 0.747024 0.078638 0.198810
22 0.718266 0.713690 0.087926 0.189286