0 0.490093 0.451786 0.029102 0.217857
1 0.463467 0.461310 0.032817 0.179762
2 0.435604 0.451786 0.039009 0.217857
3 0.408359 0.466071 0.043963 0.208333
4 0.378638 0.470833 0.034056 0.198810
5 0.341486 0.470833 0.048916 0.198810
6 0.301238 0.470833 0.040248 0.198810
8 0.514861 0.447024 0.039009 0.227381
9 0.539628 0.485119 0.029102 0.132143
10 0.564396 0.466071 0.039009 0.227381
11 0.592260 0.470833 0.035294 0.217857
14 0.651084 0.485119 0.053870 0.189286
15 0.695666 0.475595 0.053870 0.208333
24 0.487616 0.656548 0.024149 0.170238
25 0.475542 0.666071 0.028483 0.189286
26 0.445511 0.694643 0.048916 0.227381
27 0.428173 0.680357 0.034056 0.198810
28 0.398452 0.675595 0.043963 0.189286
29 0.353870 0.670833 0.063777 0.198810
30 0.304334 0.656548 0.063777 0.189286
16 0.507430 0.661310 0.024149 0.179762
17 0.527245 0.666071 0.034056 0.189286
18 0.548916 0.708929 0.047678 0.217857
19 0.571827 0.689881 0.053870 0.217857
20 0.599071 0.685119 0.058824 0.208333
21 0.640867 0.694643 0.082972 0.208333
22 0.695666 0.670833 0.083591 0.198810