0 0.490093 0.466071 0.039009 0.170238
1 0.460372 0.466071 0.029102 0.170238
2 0.435604 0.461310 0.029102 0.217857
3 0.408359 0.475595 0.034056 0.170238
5 0.356347 0.504167 0.058824 0.151190
6 0.316718 0.523214 0.048916 0.151190
7 0.277090 0.518452 0.048916 0.179762
8 0.527245 0.466071 0.034056 0.170238
9 0.556966 0.475595 0.034056 0.170238
10 0.581734 0.475595 0.034056 0.189286
11 0.608978 0.485119 0.039009 0.170238
12 0.633746 0.489881 0.039009 0.179762
13 0.668421 0.518452 0.058824 0.160714
14 0.703096 0.532738 0.048916 0.170238
15 0.742724 0.523214 0.039009 0.170238
24 0.502477 0.637500 0.024149 0.132143
25 0.482663 0.642857 0.024149 0.159524
26 0.460372 0.651786 0.029102 0.179762
27 0.435604 0.661310 0.029102 0.179762
28 0.411765 0.661310 0.030960 0.179762
29 0.381115 0.661310 0.048916 0.160714
30 0.334056 0.689881 0.053870 0.160714
31 0.286997 0.685119 0.058824 0.151190
16 0.519814 0.637500 0.019195 0.151190
17 0.542105 0.644048 0.024149 0.145238
18 0.561920 0.670833 0.024149 0.179762
19 0.584211 0.670833 0.029102 0.160714
20 0.608978 0.689881 0.029102 0.198810
21 0.641176 0.682143 0.053870 0.164286
22 0.685759 0.708929 0.063777 0.179762
23 0.727864 0.689881 0.058824 0.160714