0 0.487307 0.523214 0.033437 0.075000
1 0.460372 0.489881 0.029102 0.160714
2 0.438080 0.469643 0.034056 0.239286
3 0.420743 0.489881 0.039009 0.198810
4 0.391022 0.494643 0.029102 0.132143
5 0.361300 0.508929 0.048916 0.179762
8 0.512384 0.470833 0.034056 0.179762
9 0.539628 0.475595 0.029102 0.170238
10 0.566873 0.470833 0.034056 0.217857
11 0.586687 0.485119 0.034056 0.189286
12 0.608978 0.494643 0.029102 0.189286
13 0.641176 0.489881 0.043963 0.179762
14 0.675851 0.475595 0.043963 0.189286
24 0.492570 0.674405 0.024149 0.153571
25 0.472755 0.675595 0.024149 0.151190
26 0.455418 0.699405 0.029102 0.198810
27 0.428173 0.697024 0.034056 0.175000
28 0.403406 0.713690 0.034056 0.189286
29 0.373684 0.713095 0.034056 0.188095
30 0.339009 0.708929 0.043963 0.198810
16 0.512384 0.675595 0.024149 0.151190
17 0.529721 0.680357 0.019195 0.160714
18 0.556966 0.699405 0.034056 0.198810
20 0.599071 0.685119 0.048916 0.170238
21 0.633746 0.680357 0.068731 0.160714