0 0.472755 0.394643 0.053870 0.217857
1 0.428173 0.456548 0.043963 0.075000
2 0.388235 0.423214 0.053251 0.179762
3 0.358824 0.480357 0.043963 0.103571
4 0.321672 0.475595 0.058824 0.151190
8 0.537152 0.423214 0.083591 0.198810
9 0.584211 0.437500 0.068731 0.189286
10 0.623839 0.482143 0.068731 0.157143
11 0.648607 0.542262 0.048916 0.094048
13 0.685759 0.542262 0.073684 0.170238
14 0.735294 0.561310 0.063777 0.151190
24 0.472755 0.623214 0.043963 0.103571
25 0.436533 0.647619 0.037152 0.169048
26 0.404025 0.666071 0.035294 0.208333
27 0.372446 0.670833 0.041486 0.198810
28 0.329102 0.632738 0.063777 0.084524
29 0.269659 0.680357 0.073684 0.179762
16 0.512384 0.651786 0.043963 0.160714
17 0.546749 0.656548 0.043344 0.151190
18 0.576780 0.667857 0.043963 0.166667
19 0.606502 0.694643 0.043963 0.208333