0 0.485139 0.490476 0.048916 0.216667
1 0.443034 0.494643 0.043963 0.208333
2 0.395975 0.499405 0.058824 0.236905
3 0.366254 0.523214 0.058824 0.189286
4 0.332198 0.523214 0.057585 0.189286
5 0.286997 0.513690 0.078638 0.208333
6 0.237461 0.522024 0.058824 0.205952
7 0.182972 0.532738 0.058824 0.170238
8 0.534675 0.497024 0.058824 0.203571
9 0.566873 0.504167 0.043963 0.189286
10 0.601858 0.489881 0.043344 0.217857
11 0.633746 0.505357 0.039009 0.172619
12 0.663467 0.516071 0.039009 0.175000
13 0.695666 0.508929 0.053870 0.198810
14 0.737771 0.513690 0.048916 0.208333
15 0.779876 0.532738 0.053870 0.170238
24 0.497523 0.675595 0.034056 0.170238
25 0.471517 0.680357 0.046440 0.179762
26 0.439628 0.708929 0.056966 0.236905
27 0.395975 0.708929 0.039009 0.217857
28 0.361300 0.718452 0.048916 0.217857
29 0.311765 0.708929 0.068731 0.198810
30 0.252322 0.708929 0.078638 0.198810
31 0.195356 0.699405 0.063777 0.160714
16 0.524768 0.680357 0.029102 0.179762
17 0.552012 0.685119 0.034056 0.189286
18 0.581734 0.704167 0.034056 0.246429
19 0.611455 0.689881 0.034056 0.217857
20 0.643653 0.694643 0.039009 0.208333
21 0.685759 0.699405 0.063777 0.198810
22 0.735294 0.694048 0.063777 0.169048