0 0.460372 0.561310 0.048916 0.208333
1 0.415789 0.561310 0.048916 0.189286
2 0.376161 0.551786 0.039009 0.208333
3 0.346440 0.547024 0.039009 0.198810
4 0.316718 0.542262 0.029102 0.189286
5 0.282043 0.547024 0.048916 0.160714
7 0.237461 0.518452 0.058824 0.179762
8 0.509907 0.547024 0.048916 0.198810
9 0.559443 0.544643 0.048916 0.203571
10 0.604025 0.528571 0.048916 0.216667
11 0.636223 0.542262 0.043963 0.189286
12 0.665944 0.535119 0.043963 0.184524
13 0.703096 0.532738 0.048916 0.189286
14 0.747678 0.518452 0.048916 0.179762
24 0.497523 0.766071 0.053870 0.179762
25 0.460372 0.775595 0.039009 0.198810
26 0.413313 0.770833 0.053870 0.208333
27 0.376161 0.756548 0.039009 0.179762
28 0.343963 0.756548 0.043963 0.198810
29 0.291950 0.727976 0.078638 0.179762
30 0.239938 0.713690 0.073684 0.170238
16 0.537152 0.756548 0.063777 0.160714
17 0.569350 0.765476 0.058824 0.178571
18 0.608978 0.761310 0.058824 0.170238
19 0.636223 0.751786 0.053870 0.189286
20 0.670898 0.747024 0.053870 0.198810
21 0.710526 0.732738 0.073684 0.189286
22 0.757585 0.693452 0.068731 0.167857