0 0.487616 0.418452 0.034056 0.227381
1 0.457895 0.416071 0.034056 0.222619
2 0.433127 0.404167 0.034056 0.255952
3 0.408359 0.432738 0.043963 0.217857
4 0.381115 0.442262 0.039009 0.179762
5 0.348916 0.413690 0.053870 0.236905
6 0.301858 0.426190 0.048916 0.185714
7 0.279567 0.351786 0.043963 0.113095
8 0.517337 0.418452 0.034056 0.227381
9 0.547059 0.423214 0.034056 0.217857
10 0.576161 0.408929 0.032817 0.265476
11 0.601548 0.427976 0.034056 0.227381
12 0.631269 0.442262 0.043963 0.179762
13 0.668421 0.408929 0.048916 0.227381
14 0.715480 0.408929 0.053870 0.189286
15 0.742724 0.340476 0.048916 0.126190
24 0.492570 0.623214 0.024149 0.160714
25 0.480186 0.627976 0.029102 0.189286
26 0.455418 0.651786 0.029102 0.236905
27 0.428173 0.647619 0.034056 0.207143
28 0.398452 0.647024 0.034056 0.208333
29 0.349226 0.637500 0.082972 0.208333
30 0.302477 0.602381 0.079876 0.202381
31 0.257276 0.575595 0.068731 0.122619
16 0.512384 0.623214 0.024149 0.160714
17 0.532198 0.627976 0.024149 0.170238
18 0.556966 0.656548 0.034056 0.227381
19 0.584211 0.647024 0.039009 0.208333
20 0.613932 0.645238 0.039009 0.204762
21 0.658514 0.642262 0.068731 0.198810
22 0.710526 0.613690 0.073684 0.198810
23 0.757585 0.589881 0.068731 0.132143