0 0.469659 0.513690 0.040248 0.227381
1 0.435604 0.523214 0.039009 0.189286
2 0.405882 0.470833 0.039009 0.313095
3 0.379257 0.494643 0.042724 0.246429
4 0.348916 0.494643 0.043963 0.227381
5 0.309288 0.499405 0.053870 0.198810
6 0.272136 0.475595 0.068731 0.208333
8 0.500619 0.496429 0.047678 0.242857
9 0.537152 0.508929 0.043963 0.198810
10 0.566873 0.451786 0.043963 0.294048
11 0.596594 0.470833 0.053870 0.236905
12 0.631269 0.494643 0.043963 0.170238
13 0.663467 0.447024 0.058824 0.227381
14 0.710526 0.427976 0.053870 0.227381
24 0.490093 0.704167 0.029102 0.170238
25 0.465325 0.704167 0.029102 0.189286
26 0.437461 0.727976 0.032817 0.217857
27 0.407121 0.723214 0.041486 0.208333
28 0.378638 0.732738 0.043963 0.227381
29 0.336533 0.718452 0.078638 0.217857
30 0.286997 0.694643 0.068731 0.208333
16 0.507430 0.704167 0.024149 0.170238
17 0.527554 0.697024 0.033437 0.184524
18 0.556966 0.713690 0.043963 0.227381
19 0.586687 0.704167 0.043963 0.208333
20 0.616409 0.700595 0.053870 0.215476
21 0.656656 0.685119 0.065015 0.189286
22 0.703096 0.657143 0.058824 0.207143