0 0.487616 0.509524 0.034056 0.216667
1 0.462848 0.504167 0.024149 0.227381
2 0.438080 0.475595 0.034056 0.265476
3 0.420743 0.518452 0.039009 0.198810
4 0.393498 0.461310 0.034056 0.160714
5 0.356347 0.480357 0.058824 0.198810
6 0.329102 0.394643 0.053870 0.179762
7 0.304334 0.327976 0.043963 0.084524
8 0.514861 0.513690 0.039009 0.227381
9 0.534675 0.498810 0.039009 0.235714
10 0.556966 0.430357 0.034056 0.251190
11 0.571827 0.508929 0.034056 0.198810
12 0.601548 0.423214 0.034056 0.198810
13 0.638700 0.466071 0.058824 0.208333
14 0.663467 0.394643 0.058824 0.179762
15 0.695666 0.332738 0.053870 0.094048
24 0.497523 0.708929 0.024149 0.141667
25 0.480186 0.718452 0.029102 0.179762
26 0.457895 0.727976 0.034056 0.217857
27 0.428173 0.725000 0.034056 0.204762
28 0.398452 0.704167 0.053870 0.189286
29 0.351393 0.675595 0.088545 0.208333
30 0.301858 0.632738 0.078638 0.179762
31 0.262229 0.613690 0.048916 0.103571
16 0.509907 0.712500 0.019195 0.148810
17 0.529721 0.723214 0.029102 0.189286
18 0.554489 0.732738 0.039009 0.227381
19 0.575851 0.708929 0.035913 0.198810
20 0.607740 0.699405 0.046440 0.198810
21 0.651084 0.671429 0.083591 0.216667
22 0.705573 0.650595 0.083591 0.163095
23 0.742724 0.599405 0.048916 0.113095
32 0.388545 0.556548 0.034056 0.084524
