0 0.490093 0.451786 0.048916 0.160714
1 0.457895 0.470833 0.043963 0.141667
2 0.423220 0.389881 0.043963 0.151190
3 0.405882 0.461310 0.048916 0.122619
4 0.378638 0.434524 0.043963 0.100000
5 0.339009 0.470833 0.063777 0.160714
6 0.311765 0.380357 0.058824 0.113095
8 0.537152 0.461310 0.053870 0.179762
9 0.571517 0.475595 0.040867 0.151190
10 0.594118 0.394643 0.039009 0.160714
11 0.608978 0.466071 0.039009 0.132143
12 0.638700 0.456548 0.039009 0.113095
13 0.675851 0.475595 0.063777 0.189286
14 0.700619 0.408929 0.043963 0.113095
24 0.497523 0.770238 0.034056 0.169048
25 0.472755 0.799405 0.043963 0.113095
26 0.435604 0.867857 0.048916 0.128571
27 0.405882 0.810119 0.048916 0.115476
28 0.366254 0.780357 0.048916 0.094048
29 0.326625 0.689881 0.078638 0.198810
30 0.269659 0.656548 0.053870 0.113095
16 0.532198 0.775000 0.034056 0.159524
17 0.561920 0.813690 0.034056 0.141667
18 0.591641 0.870833 0.043963 0.122619
19 0.618885 0.813690 0.039009 0.122619
20 0.654489 0.793452 0.037152 0.101190
21 0.683282 0.699405 0.058824 0.179762
22 0.735294 0.670833 0.053870 0.122619
32 0.368731 0.542262 0.053870 0.113095
33 0.400929 0.561310 0.048916 0.113095
34 0.430031 0.556548 0.037771 0.141667
