0 0.483901 0.542262 0.031579 0.170238
1 0.457895 0.542262 0.034056 0.170238
2 0.432817 0.532738 0.033437 0.189286
3 0.405882 0.532738 0.039009 0.170238
4 0.378638 0.527976 0.034056 0.179762
5 0.341486 0.523214 0.048916 0.170238
6 0.299381 0.522024 0.043963 0.172619
8 0.512384 0.537500 0.034056 0.160714
9 0.537152 0.532738 0.034056 0.151190
10 0.566873 0.518452 0.034056 0.198810
11 0.596594 0.523214 0.034056 0.170238
12 0.621362 0.513690 0.034056 0.170238
13 0.656037 0.511905 0.043963 0.173810
14 0.695666 0.508929 0.043963 0.160714
24 0.482663 0.713690 0.024149 0.151190
25 0.462848 0.714881 0.024149 0.153571
26 0.438080 0.727976 0.034056 0.179762
27 0.413313 0.718452 0.034056 0.179762
28 0.386068 0.708929 0.039009 0.179762
29 0.345201 0.708929 0.061300 0.179762
30 0.301858 0.687500 0.048916 0.165476
16 0.500000 0.713690 0.029102 0.151190
17 0.519814 0.715476 0.029102 0.154762
18 0.547059 0.718452 0.034056 0.198810
19 0.574303 0.713690 0.039009 0.189286
20 0.601548 0.699405 0.034056 0.179762
21 0.641176 0.704167 0.063777 0.170238
22 0.688235 0.685119 0.058824 0.170238