0 0.480186 0.537500 0.029102 0.179762
1 0.457895 0.542262 0.024149 0.170238
2 0.435604 0.537500 0.029102 0.179762
4 0.405882 0.537500 0.039009 0.179762
5 0.373684 0.551786 0.053870 0.170238
6 0.333437 0.537500 0.052632 0.198810
8 0.510217 0.542262 0.038390 0.189286
9 0.534675 0.548214 0.019195 0.144048
10 0.559133 0.518452 0.028483 0.217857
11 0.584520 0.537500 0.038390 0.179762
13 0.618885 0.556548 0.048916 0.179762
14 0.663467 0.556548 0.048916 0.179762
24 0.485139 0.719048 0.019195 0.159524
25 0.470279 0.723214 0.019195 0.151190
26 0.450464 0.737500 0.019195 0.179762
27 0.428173 0.737500 0.034056 0.179762
28 0.403406 0.751786 0.034056 0.189286
29 0.363777 0.761310 0.063777 0.189286
30 0.316718 0.742262 0.068731 0.189286
16 0.500000 0.723214 0.019195 0.151190
17 0.517337 0.727976 0.024149 0.160714
18 0.534675 0.739881 0.029102 0.194048
19 0.554489 0.747024 0.029102 0.179762
20 0.579257 0.763690 0.039009 0.203571
21 0.623839 0.775595 0.068731 0.198810
22 0.668421 0.747024 0.068731 0.179762