0 0.492570 0.475595 0.034056 0.189286
1 0.470279 0.485119 0.029102 0.170238
2 0.445511 0.461310 0.029102 0.217857
3 0.423220 0.466071 0.034056 0.189286
4 0.394427 0.461310 0.032198 0.198810
5 0.358824 0.456548 0.053870 0.189286
6 0.314241 0.451786 0.043963 0.198810
8 0.517337 0.475595 0.034056 0.189286
9 0.539628 0.470833 0.029102 0.198810
10 0.563158 0.456548 0.036533 0.227381
11 0.589164 0.461310 0.029102 0.217857
12 0.616409 0.464881 0.034056 0.191667
14 0.673375 0.437500 0.048916 0.208333
24 0.495046 0.675595 0.039009 0.170238
25 0.475232 0.661310 0.029102 0.160714
26 0.452941 0.699405 0.034056 0.217857
27 0.428173 0.681548 0.034056 0.201190
28 0.403406 0.685119 0.034056 0.208333
29 0.353870 0.676190 0.063777 0.207143
30 0.306811 0.651786 0.068731 0.198810
16 0.509907 0.673810 0.029102 0.166667
17 0.534675 0.680357 0.029102 0.179762
18 0.554489 0.694643 0.039009 0.208333
19 0.574303 0.680357 0.039009 0.198810
20 0.601548 0.689881 0.043963 0.198810
21 0.646130 0.666071 0.073684 0.189286
22 0.695666 0.642262 0.073684 0.179762