0 0.475232 0.504167 0.039009 0.227381
1 0.447059 0.507738 0.035913 0.215476
2 0.415789 0.480357 0.039009 0.275000
3 0.388545 0.504167 0.034056 0.208333
4 0.356347 0.504167 0.039009 0.189286
5 0.324149 0.480357 0.053870 0.198810
6 0.279567 0.475595 0.053870 0.170238
7 0.249845 0.427976 0.063777 0.151190
8 0.507430 0.513690 0.043963 0.208333
9 0.539628 0.508929 0.039009 0.217857
10 0.569350 0.489881 0.039009 0.275000
11 0.599071 0.506548 0.039009 0.222619
12 0.626316 0.504167 0.043963 0.208333
13 0.663467 0.494643 0.058824 0.189286
14 0.705573 0.471429 0.063777 0.197619
15 0.730341 0.432738 0.073684 0.141667
24 0.487616 0.708929 0.024149 0.160714
25 0.465325 0.716071 0.029102 0.175000
26 0.435604 0.723214 0.039009 0.208333
27 0.405882 0.708929 0.039009 0.198810
28 0.376161 0.699405 0.048916 0.198810
29 0.331579 0.680357 0.078638 0.198810
30 0.277090 0.652976 0.078638 0.182143
31 0.227554 0.619643 0.068731 0.167857
16 0.507430 0.718452 0.024149 0.160714
17 0.529102 0.718452 0.027864 0.179762
18 0.561920 0.726786 0.043963 0.220238
19 0.589164 0.705952 0.048916 0.185714
20 0.621362 0.704167 0.053870 0.189286
21 0.665944 0.685714 0.083591 0.207143
22 0.717957 0.650000 0.088545 0.188095
23 0.765015 0.618452 0.073684 0.170238