0 0.490093 0.499405 0.039009 0.179762
1 0.462848 0.485119 0.034056 0.189286
2 0.428173 0.475595 0.043963 0.227381
3 0.403406 0.494643 0.043963 0.208333
4 0.371207 0.494643 0.039009 0.208333
5 0.333437 0.494643 0.055108 0.208333
6 0.284520 0.489881 0.053870 0.198810
7 0.247368 0.475595 0.058824 0.189286
8 0.534675 0.502381 0.048916 0.185714
9 0.561920 0.507143 0.034056 0.164286
10 0.589164 0.499405 0.039009 0.217857
11 0.616409 0.504167 0.034056 0.208333
12 0.643653 0.504167 0.029102 0.208333
13 0.678328 0.508929 0.048916 0.198810
14 0.725387 0.494643 0.053870 0.189286
15 0.760062 0.456548 0.053870 0.189286
24 0.495046 0.680357 0.029102 0.141667
25 0.470279 0.680357 0.029102 0.160714
26 0.447988 0.713690 0.034056 0.208333
27 0.418266 0.705357 0.034056 0.191667
28 0.388545 0.713690 0.034056 0.189286
29 0.339009 0.704167 0.073684 0.189286
30 0.289474 0.694643 0.073684 0.208333
31 0.237461 0.670833 0.078638 0.179762
16 0.517337 0.680357 0.024149 0.141667
17 0.539628 0.691071 0.029102 0.163095
18 0.564396 0.708929 0.029102 0.198810
19 0.594118 0.718452 0.029102 0.198810
20 0.626316 0.713690 0.043963 0.170238
21 0.673375 0.713690 0.078638 0.189286
22 0.720433 0.689881 0.083591 0.179762
23 0.757585 0.661310 0.058824 0.141667