0 0.485759 0.399405 0.027864 0.208333
1 0.462848 0.408929 0.034056 0.208333
2 0.433127 0.380357 0.043963 0.265476
3 0.410836 0.404167 0.048916 0.217857
4 0.381115 0.404167 0.039009 0.217857
5 0.346440 0.408929 0.048916 0.208333
6 0.302167 0.395833 0.049536 0.239286
8 0.509907 0.407143 0.029102 0.204762
9 0.534675 0.407738 0.029102 0.186905
10 0.576780 0.380357 0.034056 0.246429
11 0.601548 0.399405 0.034056 0.208333
12 0.626316 0.404167 0.034056 0.198810
13 0.660991 0.385119 0.043963 0.217857
14 0.703096 0.370833 0.048916 0.227381
24 0.497523 0.604167 0.024149 0.160714
25 0.485139 0.608929 0.029102 0.170238
26 0.460372 0.632738 0.029102 0.217857
27 0.433127 0.637500 0.034056 0.208333
28 0.400929 0.651786 0.039009 0.217857
29 0.353870 0.661310 0.073684 0.236905
30 0.311765 0.642262 0.058824 0.217857
16 0.512384 0.606548 0.024149 0.165476
17 0.532198 0.608929 0.024149 0.170238
18 0.554489 0.644643 0.029102 0.222619
19 0.581734 0.651786 0.034056 0.217857
20 0.609288 0.649405 0.038390 0.213095
21 0.658514 0.642262 0.078638 0.236905
22 0.703096 0.617262 0.068731 0.225000