0 0.487926 0.556548 0.043344 0.198810
1 0.455418 0.551786 0.029102 0.189286
2 0.425697 0.537500 0.039009 0.236905
3 0.398452 0.561310 0.043963 0.189286
4 0.366254 0.556548 0.039009 0.198810
5 0.326625 0.566071 0.058824 0.179762
6 0.275542 0.556548 0.055728 0.179762
8 0.527245 0.566071 0.053870 0.179762
9 0.554489 0.569643 0.029102 0.148810
10 0.589164 0.542262 0.039009 0.208333
11 0.618885 0.552976 0.039009 0.172619
12 0.646130 0.556548 0.043963 0.160714
13 0.680805 0.552976 0.053870 0.191667
14 0.722910 0.551786 0.048916 0.189286
24 0.502477 0.717857 0.034056 0.159524
25 0.475232 0.712500 0.039009 0.153571
26 0.443034 0.747024 0.043963 0.217857
27 0.405263 0.737500 0.040248 0.198810
28 0.373684 0.742262 0.034056 0.189286
29 0.329102 0.732738 0.073684 0.170238
30 0.271517 0.726786 0.077399 0.182143
16 0.529721 0.708929 0.029102 0.141667
17 0.556966 0.704167 0.034056 0.189286
18 0.586687 0.716667 0.034056 0.183333
19 0.613932 0.723214 0.039009 0.189286
20 0.649226 0.720833 0.047678 0.175000
21 0.727864 0.704167 0.078638 0.151190