0 0.485139 0.551786 0.039009 0.132143
1 0.452941 0.532738 0.034056 0.094048
2 0.425697 0.470833 0.039009 0.122619
3 0.413313 0.545833 0.034056 0.101190
4 0.388545 0.552976 0.034056 0.091667
5 0.358824 0.608929 0.043963 0.151190
6 0.321672 0.547024 0.048916 0.103571
8 0.519814 0.556548 0.039009 0.122619
9 0.552012 0.551786 0.034056 0.113095
10 0.581734 0.494643 0.043963 0.113095
11 0.593808 0.566071 0.048297 0.103571
12 0.601548 0.637500 0.043963 0.132143
13 0.641176 0.632738 0.063777 0.141667
14 0.683282 0.570833 0.058824 0.132143
24 0.512384 0.723214 0.024149 0.151190
25 0.490093 0.785119 0.029102 0.141667
26 0.472755 0.847619 0.034056 0.130952
27 0.447988 0.813690 0.034056 0.122619
28 0.415789 0.827976 0.039009 0.113095
29 0.376161 0.766071 0.048916 0.160714
30 0.334056 0.775595 0.043963 0.103571
16 0.532198 0.727976 0.024149 0.160714
17 0.544582 0.794643 0.029102 0.141667
18 0.556966 0.866071 0.034056 0.132143
19 0.584211 0.837500 0.029102 0.113095
20 0.615480 0.861310 0.042105 0.103571
21 0.656037 0.800595 0.053870 0.167857
22 0.703715 0.827976 0.050155 0.094048
32 0.393498 0.613690 0.043963 0.103571
33 0.420743 0.608929 0.029102 0.094048
34 0.440557 0.594643 0.029102 0.122619
