0 0.504954 0.542262 0.039009 0.189286
1 0.481115 0.480357 0.037152 0.141667
2 0.452941 0.399405 0.043963 0.132143
3 0.435604 0.480357 0.039009 0.103571
4 0.410836 0.447024 0.039009 0.113095
5 0.371207 0.510119 0.048916 0.158333
6 0.346440 0.418452 0.048916 0.094048
8 0.544582 0.539881 0.039009 0.194048
9 0.561920 0.480357 0.034056 0.141667
10 0.589164 0.404167 0.039009 0.141667
11 0.606502 0.480357 0.034056 0.122619
12 0.633746 0.461310 0.029102 0.122619
13 0.668421 0.518452 0.048916 0.160714
14 0.690712 0.432738 0.053870 0.103571
24 0.509907 0.737500 0.029102 0.141667
26 0.485139 0.825000 0.039009 0.126190
27 0.447988 0.808929 0.043963 0.113095
28 0.400929 0.794643 0.039009 0.084524
29 0.371207 0.699405 0.068731 0.160714
30 0.319195 0.699405 0.053870 0.103571
16 0.544582 0.737500 0.029102 0.141667
18 0.569350 0.842262 0.039009 0.122619
19 0.604025 0.813690 0.039009 0.103571
20 0.645820 0.813690 0.037152 0.103571
21 0.673375 0.718452 0.068731 0.179762
22 0.732817 0.708929 0.048916 0.103571
32 0.410836 0.542262 0.039009 0.113095
33 0.436842 0.556548 0.031579 0.103571
34 0.456966 0.547024 0.026006 0.160714
