0 0.490093 0.461310 0.039009 0.217857
1 0.462848 0.461310 0.034056 0.217857
2 0.433127 0.427976 0.053870 0.265476
3 0.408359 0.427976 0.043963 0.265476
4 0.378638 0.427976 0.053870 0.265476
5 0.343963 0.437500 0.063777 0.227381
6 0.291950 0.418452 0.058824 0.227381
8 0.522291 0.461310 0.043963 0.217857
9 0.556966 0.461310 0.034056 0.217857
10 0.584211 0.447024 0.039009 0.265476
11 0.608978 0.456548 0.029102 0.227381
12 0.638700 0.447024 0.039009 0.246429
13 0.673375 0.451786 0.048916 0.217857
14 0.708050 0.427976 0.039009 0.227381
24 0.482663 0.666071 0.024149 0.151190
25 0.467802 0.661310 0.024149 0.179762
26 0.443034 0.680357 0.034056 0.217857
27 0.415789 0.680357 0.039009 0.217857
28 0.391022 0.685119 0.048916 0.227381
29 0.341486 0.677381 0.088545 0.230952
30 0.286997 0.637500 0.108359 0.208333
31 0.239938 0.580357 0.093498 0.189286
16 0.500619 0.666071 0.020433 0.170238
17 0.519814 0.670833 0.029102 0.179762
18 0.542105 0.689881 0.034056 0.217857
19 0.571827 0.694643 0.034056 0.208333
20 0.606502 0.689881 0.053870 0.236905
21 0.651084 0.672024 0.073684 0.201190
22 0.695666 0.642262 0.083591 0.217857