0 0.488854 0.423214 0.031579 0.198810
1 0.461610 0.418452 0.026625 0.208333
2 0.433127 0.423214 0.034056 0.217857
3 0.403406 0.427976 0.034056 0.208333
4 0.373684 0.432738 0.034056 0.217857
5 0.336533 0.432738 0.058824 0.217857
6 0.296904 0.432738 0.048916 0.198810
8 0.522291 0.423214 0.034056 0.217857
9 0.551393 0.418452 0.032817 0.208333
10 0.581734 0.416071 0.034056 0.232143
11 0.608978 0.423214 0.039009 0.217857
12 0.630650 0.427976 0.032817 0.208333
13 0.672755 0.427976 0.060062 0.208333
14 0.708050 0.423214 0.048916 0.198810
24 0.492570 0.618452 0.024149 0.208333
25 0.472755 0.644048 0.024149 0.202381
26 0.450464 0.666071 0.029102 0.246429
27 0.423220 0.661310 0.034056 0.217857
28 0.393808 0.656548 0.033437 0.208333
29 0.351393 0.656548 0.068731 0.208333
30 0.311765 0.642262 0.068731 0.217857
16 0.512384 0.627976 0.024149 0.208333
18 0.552012 0.661905 0.043963 0.254762
19 0.581734 0.661310 0.034056 0.217857
20 0.608978 0.656548 0.039009 0.208333
21 0.648607 0.647024 0.068731 0.208333
22 0.698142 0.632738 0.078638 0.198810