0 0.487616 0.527976 0.034056 0.217857
1 0.462848 0.513690 0.034056 0.227381
2 0.434056 0.499405 0.032198 0.236905
3 0.410836 0.513690 0.039009 0.208333
4 0.383591 0.518452 0.043963 0.198810
5 0.348916 0.512500 0.063777 0.186905
6 0.299381 0.499405 0.053870 0.198810
7 0.257276 0.497024 0.058824 0.184524
8 0.519814 0.537500 0.039009 0.198810
9 0.552012 0.532738 0.034056 0.189286
10 0.572755 0.537500 0.032198 0.198810
11 0.596594 0.544643 0.034056 0.175000
12 0.621362 0.542262 0.034056 0.189286
13 0.656037 0.532738 0.053870 0.189286
14 0.695666 0.532738 0.043963 0.189286
15 0.727864 0.523214 0.039009 0.170238
24 0.507430 0.732738 0.034056 0.189286
25 0.485139 0.727976 0.029102 0.160714
26 0.462848 0.742262 0.034056 0.189286
27 0.435604 0.727976 0.039009 0.179762
28 0.405882 0.732738 0.039009 0.189286
29 0.358824 0.718452 0.083591 0.198810
30 0.299381 0.708929 0.093498 0.198810
31 0.242415 0.670833 0.098452 0.160714
16 0.527245 0.737500 0.034056 0.160714
17 0.546130 0.735714 0.032198 0.157143
18 0.569350 0.747024 0.029102 0.198810
19 0.594118 0.737500 0.029102 0.179762
20 0.621362 0.742262 0.034056 0.189286
21 0.653560 0.727976 0.058824 0.179762
22 0.703096 0.718452 0.058824 0.179762
23 0.747678 0.689881 0.068731 0.160714