0 0.490093 0.537500 0.039009 0.179762
1 0.460372 0.523214 0.029102 0.151190
2 0.433127 0.489881 0.034056 0.198810
3 0.403406 0.489881 0.043963 0.198810
4 0.373684 0.494643 0.042724 0.189286
8 0.522291 0.537500 0.034056 0.179762
9 0.552012 0.547024 0.034056 0.141667
10 0.584211 0.541071 0.039009 0.191667
11 0.618885 0.527976 0.039009 0.179762
12 0.644272 0.527976 0.037771 0.179762
14 0.698142 0.480357 0.048916 0.179762
24 0.492570 0.694643 0.024149 0.151190
25 0.470279 0.689881 0.029102 0.122619
26 0.448916 0.699405 0.035913 0.160714
27 0.416099 0.694643 0.048297 0.170238
28 0.386068 0.680357 0.058824 0.160714
30 0.313003 0.602976 0.086068 0.158333
31 0.270898 0.561310 0.081115 0.151190
16 0.512384 0.694643 0.024149 0.151190
17 0.529721 0.694643 0.029102 0.132143
18 0.556966 0.710119 0.034056 0.182143
19 0.582663 0.713690 0.035913 0.170238
20 0.611455 0.689881 0.043963 0.160714
21 0.653560 0.669643 0.068731 0.158333
22 0.700619 0.639286 0.073684 0.147619
23 0.737771 0.604167 0.068731 0.160714