0 0.487307 0.489881 0.043344 0.198810
1 0.460991 0.494643 0.030341 0.170238
2 0.433127 0.480357 0.034056 0.217857
3 0.405882 0.485119 0.039009 0.189286
4 0.376161 0.475595 0.039009 0.189286
5 0.346440 0.470833 0.048916 0.179762
8 0.521053 0.494643 0.036533 0.189286
9 0.549536 0.504167 0.029102 0.170238
10 0.576780 0.489881 0.034056 0.217857
11 0.604025 0.551786 0.029102 0.094048
12 0.623839 0.494643 0.039009 0.189286
13 0.656037 0.499405 0.043963 0.179762
24 0.495046 0.661310 0.019195 0.122619
25 0.475232 0.675595 0.019195 0.132143
26 0.450464 0.689881 0.029102 0.160714
27 0.420743 0.680357 0.039009 0.160714
29 0.358824 0.656548 0.063777 0.151190
30 0.301858 0.604167 0.078638 0.141667
16 0.514861 0.675000 0.029102 0.150000
17 0.534675 0.675595 0.029102 0.132143
18 0.556966 0.689881 0.024149 0.141667
19 0.579257 0.689881 0.029102 0.160714
21 0.646130 0.666071 0.073684 0.170238
22 0.688235 0.644643 0.078638 0.184524