0 0.477709 0.470833 0.043963 0.198810
1 0.450464 0.471429 0.029102 0.197619
2 0.423220 0.480357 0.034056 0.198810
3 0.398452 0.457143 0.034056 0.245238
4 0.373684 0.473810 0.034056 0.192857
5 0.338700 0.461310 0.053251 0.198810
6 0.299381 0.452976 0.043963 0.201190
7 0.267183 0.432738 0.048916 0.217857
8 0.509907 0.466071 0.039009 0.208333
9 0.539628 0.470833 0.029102 0.198810
10 0.571827 0.475595 0.043963 0.208333
11 0.596594 0.480357 0.034056 0.198810
12 0.621362 0.470833 0.034056 0.198810
13 0.660991 0.475595 0.063777 0.189286
14 0.700000 0.451786 0.052632 0.198810
15 0.732817 0.458929 0.048916 0.203571
24 0.490093 0.685119 0.029102 0.170238
25 0.472755 0.680357 0.024149 0.160714
26 0.445511 0.689881 0.039009 0.198810
27 0.423220 0.675595 0.034056 0.170238
28 0.395666 0.680357 0.048297 0.198810
29 0.353870 0.670833 0.073684 0.198810
30 0.316099 0.652381 0.057585 0.178571
31 0.265325 0.618452 0.074923 0.170238
16 0.509907 0.689881 0.029102 0.160714
17 0.527864 0.694643 0.025387 0.170238
18 0.547059 0.689881 0.034056 0.198810
19 0.574303 0.689881 0.039009 0.179762
20 0.601548 0.694643 0.043963 0.189286
22 0.678328 0.661310 0.058824 0.179762
23 0.730341 0.642262 0.073684 0.160714