0 0.495046 0.526190 0.029102 0.176190
1 0.470279 0.518452 0.029102 0.160714
2 0.447988 0.504167 0.034056 0.189286
3 0.425697 0.523214 0.039009 0.170238
4 0.395975 0.518452 0.039009 0.179762
5 0.363158 0.513690 0.055108 0.189286
6 0.314241 0.504167 0.053870 0.189286
7 0.279567 0.489881 0.063777 0.179762
8 0.519814 0.520238 0.029102 0.176190
9 0.544582 0.527976 0.029102 0.160714
10 0.571517 0.518452 0.033437 0.198810
11 0.596594 0.532738 0.034056 0.189286
12 0.626316 0.527976 0.034056 0.179762
13 0.656037 0.532738 0.043963 0.170238
14 0.688235 0.527976 0.048916 0.160714
15 0.725387 0.514881 0.053870 0.167857
24 0.500000 0.727976 0.019195 0.179762
25 0.482663 0.713690 0.024149 0.151190
26 0.459443 0.713690 0.027245 0.170238
27 0.435604 0.711310 0.029102 0.165476
28 0.408359 0.713690 0.034056 0.170238
29 0.363777 0.704167 0.073684 0.170238
30 0.319195 0.676786 0.063777 0.167857
31 0.254799 0.656548 0.073684 0.113095
16 0.514861 0.723214 0.029102 0.170238
17 0.534675 0.713690 0.019195 0.151190
18 0.554489 0.725595 0.029102 0.175000
19 0.581734 0.727976 0.034056 0.179762
20 0.608978 0.732738 0.039009 0.189286
21 0.651084 0.713690 0.063777 0.170238
22 0.693808 0.689881 0.060062 0.179762
23 0.737771 0.670833 0.048916 0.160714