0 0.482663 0.480357 0.034056 0.217857
1 0.457895 0.486905 0.024149 0.204762
2 0.433127 0.475595 0.034056 0.227381
3 0.408359 0.475595 0.034056 0.189286
4 0.376161 0.461310 0.039009 0.217857
6 0.296904 0.461310 0.048916 0.179762
8 0.507430 0.480357 0.034056 0.217857
9 0.537771 0.482738 0.032817 0.203571
10 0.559443 0.470833 0.039009 0.255952
11 0.589164 0.482738 0.029102 0.184524
12 0.618885 0.457738 0.048916 0.205952
13 0.653560 0.494643 0.058824 0.189286
14 0.703096 0.489881 0.048916 0.198810
24 0.500000 0.685119 0.029102 0.151190
25 0.477709 0.689881 0.024149 0.141667
26 0.457895 0.718452 0.034056 0.198810
27 0.433127 0.713690 0.043963 0.208333
28 0.415789 0.695238 0.039009 0.188095
29 0.371207 0.694643 0.068731 0.189286
30 0.314241 0.670833 0.083591 0.179762
16 0.512074 0.694048 0.023529 0.150000
17 0.522291 0.699405 0.024149 0.141667
18 0.539628 0.708929 0.029102 0.198810
19 0.566873 0.713690 0.034056 0.189286
20 0.596594 0.708929 0.043963 0.198810