0 0.482663 0.485119 0.034056 0.208333
1 0.455418 0.475595 0.029102 0.189286
2 0.433127 0.468452 0.034056 0.194048
3 0.408359 0.466071 0.043963 0.189286
4 0.378638 0.461310 0.043963 0.198810
5 0.341486 0.461310 0.048916 0.179762
6 0.294427 0.451786 0.053870 0.179762
7 0.257276 0.447024 0.048916 0.151190
8 0.517337 0.485119 0.034056 0.208333
9 0.544582 0.475595 0.039009 0.189286
10 0.573994 0.480357 0.038390 0.179762
11 0.599071 0.470833 0.029102 0.198810
12 0.623839 0.470833 0.029102 0.179762
13 0.658514 0.451786 0.048916 0.198810
14 0.703096 0.437500 0.048916 0.189286
15 0.742724 0.433333 0.048916 0.178571
24 0.460372 0.694643 0.039009 0.151190
25 0.445511 0.694643 0.039009 0.170238
26 0.415789 0.704167 0.048916 0.170238
27 0.386068 0.708929 0.048916 0.198810
28 0.361300 0.689881 0.058824 0.179762
29 0.320743 0.680357 0.080495 0.198810
30 0.277090 0.661310 0.078638 0.198810
31 0.237461 0.618452 0.058824 0.151190
16 0.482663 0.684524 0.034056 0.150000
17 0.497523 0.694643 0.034056 0.151190
18 0.522910 0.694643 0.035294 0.189286
19 0.554489 0.689881 0.048916 0.179762
20 0.589164 0.694643 0.048916 0.208333
21 0.641176 0.680357 0.093498 0.217857
22 0.687926 0.656548 0.078019 0.189286
23 0.752632 0.613690 0.088545 0.122619