0 0.477709 0.527381 0.043963 0.178571
1 0.435604 0.532738 0.048916 0.151190
2 0.400929 0.523214 0.048916 0.132143
8 0.512693 0.527976 0.043344 0.179762
9 0.554489 0.532738 0.048916 0.170238
10 0.594118 0.547024 0.068731 0.179762
11 0.610526 0.599405 0.040867 0.075000
12 0.646130 0.556548 0.043963 0.179762
13 0.670898 0.618452 0.053870 0.094048
14 0.722910 0.599405 0.068731 0.170238
24 0.470588 0.688690 0.038390 0.177381
25 0.424458 0.675595 0.041486 0.170238
26 0.395046 0.666071 0.047059 0.189286
27 0.356347 0.666071 0.039009 0.170238
29 0.314241 0.698214 0.063777 0.163095
30 0.266254 0.685119 0.060681 0.151190
16 0.509907 0.685119 0.039009 0.170238
17 0.539628 0.670833 0.029102 0.160714
18 0.564087 0.677381 0.038390 0.166667