0 0.487616 0.480357 0.034056 0.198810
1 0.470279 0.482738 0.029102 0.165476
2 0.446440 0.447024 0.030960 0.227381
3 0.425697 0.456548 0.039009 0.227381
4 0.400929 0.456548 0.039009 0.208333
5 0.365635 0.453571 0.050155 0.195238
6 0.321672 0.427976 0.048916 0.208333
8 0.509907 0.480357 0.029102 0.198810
9 0.534675 0.466071 0.029102 0.189286
10 0.564396 0.451786 0.039009 0.236905
12 0.586687 0.475595 0.034056 0.208333
13 0.616409 0.485119 0.043963 0.189286
14 0.653560 0.467857 0.048916 0.204762
15 0.690712 0.442262 0.043963 0.160714
24 0.502477 0.656548 0.024149 0.151190
25 0.482663 0.675595 0.024149 0.151190
26 0.457895 0.689881 0.034056 0.179762
27 0.438080 0.675595 0.034056 0.170238
28 0.400929 0.699405 0.048916 0.217857
29 0.363777 0.661310 0.083591 0.198810
30 0.311765 0.633333 0.078638 0.197619
31 0.252322 0.546429 0.088545 0.140476
16 0.517337 0.675595 0.024149 0.151190
17 0.539628 0.666071 0.029102 0.170238
18 0.559443 0.713690 0.029102 0.208333
20 0.589164 0.694643 0.048916 0.189286
21 0.621362 0.685119 0.073684 0.208333
22 0.678328 0.666071 0.078638 0.208333
23 0.722910 0.605952 0.068731 0.157143