9 0.544582 0.418452 0.029102 0.189286
10 0.571827 0.404167 0.034056 0.236905
11 0.599071 0.414286 0.029102 0.197619
12 0.621362 0.408929 0.034056 0.170238
13 0.657895 0.394643 0.047678 0.179762
14 0.697833 0.375595 0.048297 0.179762
24 0.495046 0.618452 0.029102 0.151190
25 0.472755 0.618452 0.034056 0.151190
26 0.447988 0.627976 0.034056 0.189286
27 0.423529 0.605952 0.033437 0.176190
28 0.395975 0.599405 0.039009 0.189286
29 0.353870 0.575595 0.063777 0.179762
30 0.311765 0.547024 0.058824 0.179762
16 0.514861 0.613690 0.029102 0.141667
17 0.535604 0.613690 0.037152 0.141667
18 0.561920 0.618452 0.043963 0.170238
19 0.581734 0.608929 0.034056 0.189286
20 0.608978 0.599405 0.039009 0.189286
21 0.646130 0.570833 0.063777 0.170238
22 0.692570 0.542262 0.067492 0.170238