0 0.475232 0.460119 0.048916 0.182143
1 0.443034 0.466071 0.043963 0.170238
2 0.415789 0.456548 0.048916 0.227381
3 0.391022 0.485119 0.039009 0.189286
4 0.363777 0.492857 0.034056 0.185714
5 0.326625 0.485119 0.058824 0.208333
6 0.294427 0.450595 0.043963 0.163095
7 0.261610 0.399405 0.050155 0.075000
8 0.512384 0.454762 0.034056 0.173810
9 0.545201 0.458333 0.037771 0.185714
10 0.578019 0.461310 0.041486 0.217857
11 0.608978 0.475595 0.039009 0.189286
12 0.643034 0.480357 0.037771 0.179762
13 0.683282 0.475595 0.058824 0.208333
14 0.717957 0.427976 0.048916 0.151190
15 0.750155 0.361310 0.053870 0.075000
24 0.487616 0.642262 0.024149 0.179762
25 0.467802 0.651786 0.024149 0.179762
26 0.443034 0.666071 0.034056 0.208333
27 0.410836 0.670833 0.037771 0.198810
28 0.381115 0.670833 0.039009 0.179762
29 0.343963 0.679762 0.053870 0.197619
30 0.294427 0.675595 0.053870 0.151190
31 0.256037 0.651786 0.041486 0.103571
16 0.509907 0.647024 0.029102 0.170238
17 0.529721 0.642262 0.029102 0.179762
18 0.556966 0.661310 0.034056 0.217857
19 0.589164 0.656548 0.039009 0.189286
20 0.621362 0.653571 0.034056 0.176190
21 0.663467 0.670833 0.058824 0.198810
22 0.715480 0.659524 0.053870 0.176190
23 0.757585 0.637500 0.048916 0.094048