0 0.500000 0.489881 0.039009 0.217857
1 0.470279 0.475595 0.039009 0.208333
2 0.440557 0.456548 0.039009 0.246429
4 0.410836 0.451786 0.039009 0.217857
5 0.368731 0.451786 0.053870 0.198810
6 0.324149 0.432738 0.053870 0.217857
7 0.286997 0.399405 0.058824 0.208333
8 0.534675 0.486310 0.039009 0.225000
9 0.566873 0.485119 0.034056 0.208333
10 0.594118 0.461310 0.029102 0.255952
12 0.621362 0.469643 0.034056 0.201190
13 0.653560 0.466071 0.048916 0.189286
14 0.690712 0.437500 0.053870 0.208333
15 0.722910 0.408929 0.058824 0.189286
24 0.500000 0.689881 0.029102 0.179762
25 0.477709 0.689881 0.034056 0.198810
26 0.447988 0.689881 0.043963 0.198810
28 0.423220 0.680357 0.043963 0.179762
29 0.373684 0.670833 0.073684 0.198810
30 0.319195 0.637500 0.073684 0.189286
31 0.259752 0.604167 0.083591 0.141667
16 0.524768 0.685119 0.029102 0.170238
17 0.544582 0.699405 0.029102 0.179762
18 0.579257 0.704167 0.039009 0.208333
20 0.605263 0.685119 0.051393 0.170238
21 0.646130 0.675595 0.073684 0.189286
22 0.690712 0.642262 0.073684 0.179762
23 0.732817 0.608929 0.058824 0.170238