0 0.498142 0.551786 0.032817 0.208333
1 0.470279 0.548214 0.029102 0.201190
2 0.443034 0.542262 0.043963 0.208333
3 0.408359 0.527976 0.043963 0.160714
4 0.388545 0.518452 0.043963 0.160714
5 0.351393 0.518452 0.058824 0.160714
6 0.304334 0.489881 0.053870 0.198810
8 0.529721 0.551786 0.039009 0.208333
9 0.554489 0.561310 0.029102 0.189286
10 0.586687 0.547024 0.034056 0.217857
11 0.611455 0.527976 0.034056 0.179762
12 0.636223 0.518452 0.034056 0.179762
13 0.665944 0.504167 0.043963 0.189286
24 0.507430 0.713690 0.024149 0.132143
25 0.487307 0.694643 0.033437 0.170238
26 0.460372 0.704167 0.029102 0.189286
27 0.430650 0.699405 0.039009 0.198810
28 0.398452 0.689881 0.043963 0.198810
29 0.343963 0.675595 0.083591 0.208333
30 0.296904 0.651786 0.068731 0.179762
16 0.527245 0.699405 0.024149 0.103571
17 0.546130 0.708929 0.032198 0.141667
18 0.569969 0.699405 0.037771 0.217857
19 0.596594 0.699405 0.034056 0.198810
20 0.626316 0.694643 0.043963 0.189286
21 0.665944 0.672024 0.073684 0.182143
22 0.714551 0.647024 0.071827 0.189286