0 0.497523 0.523214 0.034056 0.189286
1 0.470279 0.504167 0.039009 0.208333
2 0.443034 0.475595 0.034056 0.208333
3 0.420743 0.485119 0.039009 0.170238
4 0.395975 0.447024 0.048916 0.151190
5 0.356347 0.480357 0.058824 0.198810
6 0.324149 0.432738 0.053870 0.160714
7 0.289474 0.388095 0.043963 0.090476
8 0.529721 0.518452 0.039009 0.198810
9 0.556966 0.508929 0.043963 0.198810
10 0.581734 0.423214 0.043963 0.198810
11 0.601548 0.508929 0.034056 0.179762
12 0.628483 0.456548 0.038390 0.151190
13 0.670898 0.499405 0.053870 0.198810
14 0.700619 0.447024 0.053870 0.151190
15 0.725387 0.405357 0.034056 0.067857
24 0.504954 0.711905 0.029102 0.173810
25 0.487616 0.723214 0.043963 0.208333
26 0.462848 0.727976 0.034056 0.217857
27 0.435604 0.718452 0.029102 0.198810
28 0.393498 0.767262 0.063777 0.139286
29 0.356347 0.694643 0.088545 0.208333
30 0.299381 0.680357 0.073684 0.160714
31 0.259752 0.618452 0.043963 0.094048
16 0.524768 0.713690 0.029102 0.189286
17 0.544582 0.727976 0.029102 0.198810
18 0.571827 0.732738 0.034056 0.208333
19 0.591641 0.718452 0.034056 0.179762
20 0.633746 0.770833 0.039009 0.132143
21 0.668421 0.704167 0.068731 0.189286
22 0.713003 0.685119 0.068731 0.151190
23 0.742724 0.613690 0.048916 0.103571
32 0.395975 0.547024 0.048916 0.084524
