0 0.485139 0.523214 0.029102 0.170238
1 0.462848 0.513690 0.024149 0.170238
2 0.440557 0.485119 0.029102 0.208333
3 0.415789 0.499405 0.039009 0.179762
4 0.388545 0.485714 0.034056 0.169048
5 0.356347 0.475595 0.048916 0.151190
6 0.316718 0.423214 0.048916 0.141667
8 0.512384 0.523214 0.034056 0.170238
9 0.537152 0.508929 0.024149 0.179762
10 0.556966 0.489881 0.034056 0.198810
11 0.581734 0.499405 0.034056 0.179762
12 0.608978 0.470833 0.039009 0.179762
13 0.651084 0.470238 0.053870 0.159524
14 0.693189 0.408929 0.058824 0.151190
24 0.492570 0.694643 0.024149 0.151190
25 0.477709 0.685119 0.024149 0.151190
26 0.457895 0.708929 0.024149 0.179762
27 0.435604 0.713690 0.039009 0.170238
28 0.408359 0.699405 0.043963 0.160714
29 0.366254 0.680357 0.068731 0.179762
30 0.326625 0.623214 0.048916 0.141667
16 0.509907 0.694643 0.019195 0.151190
17 0.524768 0.699405 0.029102 0.160714
18 0.544582 0.726786 0.039009 0.196429
19 0.569350 0.713690 0.039009 0.170238
20 0.596594 0.699405 0.053870 0.160714
21 0.638700 0.675595 0.078638 0.189286
22 0.688235 0.618452 0.058824 0.170238