0 0.477709 0.499405 0.043963 0.275000
1 0.453251 0.561310 0.033437 0.132143
2 0.425697 0.556548 0.039009 0.141667
3 0.392879 0.480357 0.042724 0.275000
4 0.353870 0.494643 0.053870 0.246429
5 0.309288 0.547024 0.043963 0.103571
8 0.517337 0.504167 0.043963 0.284524
9 0.549536 0.556548 0.039009 0.160714
10 0.576780 0.470833 0.043963 0.313095
11 0.607430 0.537500 0.032198 0.141667
12 0.631269 0.537500 0.034056 0.141667
13 0.665944 0.480357 0.053870 0.255952
26 0.450464 0.727976 0.029102 0.160714
27 0.418266 0.723214 0.034056 0.151190
30 0.343963 0.699405 0.034056 0.141667
18 0.552012 0.732738 0.034056 0.189286
19 0.586687 0.727976 0.034056 0.141667
21 0.648607 0.713690 0.029102 0.151190