2 0.438080 0.532738 0.034056 0.246429
3 0.415789 0.527976 0.039009 0.217857
4 0.384830 0.551786 0.040248 0.189286
5 0.363777 0.542262 0.034056 0.094048
6 0.341486 0.547024 0.029102 0.122619
10 0.564396 0.527976 0.039009 0.236905
11 0.591641 0.532738 0.043963 0.208333
12 0.608978 0.516667 0.029102 0.119048
24 0.487616 0.680357 0.024149 0.179762
25 0.477709 0.680357 0.034056 0.198810
26 0.456656 0.727976 0.046440 0.255952
27 0.425697 0.708929 0.039009 0.179762
16 0.500619 0.661310 0.020433 0.179762
17 0.517337 0.676190 0.024149 0.169048
18 0.544582 0.706548 0.039009 0.241667
19 0.566873 0.699405 0.034056 0.179762
21 0.631269 0.689881 0.063777 0.141667
22 0.673375 0.642262 0.048916 0.046429