0 0.482663 0.537500 0.034056 0.198810
1 0.455418 0.527976 0.039009 0.217857
2 0.425697 0.499405 0.039009 0.236905
3 0.398452 0.496429 0.043963 0.211905
4 0.371207 0.485119 0.039009 0.208333
5 0.334056 0.480357 0.053870 0.198810
6 0.294427 0.480357 0.043963 0.160714
8 0.512384 0.537500 0.034056 0.198810
9 0.539628 0.532143 0.039009 0.207143
10 0.569350 0.512500 0.039009 0.229762
11 0.601548 0.518452 0.043963 0.198810
12 0.633746 0.504167 0.039009 0.189286
13 0.663467 0.480357 0.048916 0.198810
14 0.703096 0.464286 0.048916 0.192857
24 0.492570 0.720238 0.024149 0.145238
25 0.470279 0.718452 0.029102 0.160714
26 0.445511 0.720833 0.029102 0.184524
27 0.419505 0.708929 0.036533 0.179762
28 0.383901 0.704167 0.053251 0.208333
29 0.343963 0.675595 0.083591 0.189286
30 0.286997 0.637500 0.088545 0.170238
16 0.509907 0.723214 0.029102 0.151190
17 0.532198 0.727976 0.024149 0.160714
18 0.554489 0.731548 0.029102 0.186905
19 0.589164 0.727976 0.039009 0.198810
20 0.618885 0.713690 0.048916 0.189286
21 0.660991 0.689881 0.083591 0.198810
22 0.703096 0.647024 0.068731 0.170238