0 0.492879 0.441667 0.033437 0.235714
1 0.472755 0.456548 0.034056 0.189286
2 0.443034 0.445238 0.043963 0.223810
3 0.410836 0.458929 0.058824 0.203571
4 0.383591 0.470833 0.053870 0.198810
5 0.348916 0.532738 0.053870 0.094048
6 0.303715 0.494643 0.045201 0.189286
7 0.262229 0.499405 0.048916 0.179762
8 0.524768 0.456548 0.039009 0.208333
9 0.554489 0.456548 0.029102 0.189286
10 0.581734 0.447024 0.043963 0.227381
11 0.611455 0.460714 0.043963 0.216667
12 0.628793 0.485119 0.039009 0.189286
13 0.663777 0.504167 0.058204 0.189286
14 0.705573 0.492262 0.043963 0.194048
15 0.742105 0.499405 0.047678 0.160714
24 0.490093 0.656548 0.029102 0.170238
25 0.472755 0.675595 0.034056 0.208333
26 0.447988 0.679762 0.034056 0.216667
27 0.418266 0.670833 0.034056 0.198810
28 0.388545 0.680357 0.034056 0.198810
29 0.352941 0.670833 0.055728 0.179762
30 0.299381 0.675000 0.063777 0.169048
16 0.504954 0.651786 0.029102 0.160714
17 0.524768 0.656548 0.029102 0.170238
18 0.544582 0.670833 0.039009 0.217857
19 0.571827 0.657143 0.043963 0.188095
20 0.591641 0.661310 0.043963 0.179762
21 0.629412 0.680357 0.060062 0.179762
22 0.678328 0.685119 0.068731 0.170238
23 0.725387 0.670833 0.073684 0.160714