0 0.492570 0.537500 0.034056 0.198810
1 0.467802 0.527976 0.034056 0.198810
2 0.438390 0.489881 0.043344 0.217857
3 0.419505 0.527976 0.041486 0.179762
4 0.387307 0.523214 0.041486 0.170238
5 0.351393 0.499405 0.058824 0.179762
6 0.324149 0.437500 0.063777 0.151190
8 0.522291 0.542262 0.034056 0.189286
9 0.547059 0.532738 0.034056 0.189286
10 0.574303 0.494643 0.039009 0.227381
11 0.599071 0.527976 0.039009 0.179762
12 0.628793 0.532738 0.039009 0.151190
13 0.663467 0.493452 0.048916 0.191667
14 0.685759 0.437500 0.063777 0.151190
24 0.500000 0.720238 0.029102 0.145238
25 0.485139 0.727976 0.039009 0.160714
26 0.457895 0.738690 0.034056 0.182143
27 0.435604 0.718452 0.029102 0.179762
28 0.413313 0.727976 0.034056 0.179762
29 0.373684 0.689881 0.073684 0.179762
30 0.321672 0.661310 0.068731 0.160714
31 0.277090 0.632738 0.048916 0.122619
16 0.519814 0.718452 0.029102 0.141667
17 0.540557 0.727976 0.027245 0.160714
18 0.564396 0.727976 0.029102 0.198810
19 0.586687 0.713690 0.034056 0.170238
20 0.606502 0.761310 0.043963 0.170238
21 0.636223 0.685119 0.073684 0.170238
22 0.688854 0.638690 0.077399 0.148810
23 0.730341 0.613690 0.053870 0.122619