0 0.487616 0.447024 0.034056 0.208333
2 0.455418 0.413690 0.039009 0.236905
3 0.433127 0.437500 0.034056 0.208333
4 0.408359 0.425595 0.034056 0.194048
5 0.376161 0.413690 0.048916 0.217857
6 0.331579 0.389881 0.048916 0.227381
8 0.517337 0.461310 0.034056 0.179762
9 0.544582 0.461310 0.029102 0.179762
10 0.566873 0.432738 0.034056 0.236905
11 0.591641 0.445238 0.034056 0.204762
12 0.613932 0.445833 0.039009 0.186905
13 0.648607 0.432738 0.048916 0.198810
14 0.690402 0.408929 0.043344 0.208333
24 0.490093 0.656548 0.029102 0.170238
25 0.475232 0.664881 0.029102 0.191667
26 0.451703 0.654762 0.026625 0.185714
27 0.430650 0.661310 0.029102 0.217857
28 0.405882 0.656548 0.039009 0.208333
29 0.361300 0.651786 0.068731 0.198810
30 0.316718 0.599405 0.068731 0.189286
16 0.509907 0.661310 0.029102 0.179762
17 0.527245 0.661310 0.024149 0.179762
18 0.549536 0.651786 0.029102 0.179762
19 0.571827 0.670833 0.034056 0.217857
20 0.599071 0.666071 0.039009 0.208333
21 0.633746 0.656548 0.058824 0.189286
22 0.677399 0.642262 0.050774 0.198810