0 0.490093 0.556548 0.039009 0.198810
1 0.460372 0.547024 0.029102 0.198810
2 0.433127 0.542262 0.034056 0.189286
3 0.410836 0.547024 0.039009 0.179762
4 0.381115 0.532738 0.039009 0.170238
5 0.348916 0.513690 0.063777 0.189286
6 0.306811 0.485119 0.068731 0.189286
8 0.522291 0.561310 0.034056 0.189286
9 0.552012 0.556548 0.034056 0.179762
10 0.579257 0.537500 0.039009 0.198810
11 0.606502 0.546429 0.034056 0.178571
12 0.629721 0.537500 0.030960 0.179762
13 0.658514 0.513690 0.048916 0.189286
14 0.703096 0.489881 0.048916 0.179762
24 0.500000 0.723214 0.019195 0.132143
25 0.480186 0.727976 0.029102 0.141667
26 0.455418 0.739286 0.029102 0.164286
27 0.428173 0.732738 0.034056 0.170238
28 0.398452 0.727976 0.043963 0.179762
29 0.353870 0.718452 0.083591 0.198810
30 0.306811 0.683333 0.078638 0.185714
16 0.517337 0.731548 0.024149 0.134524
17 0.540557 0.727976 0.027245 0.141667
18 0.569350 0.747024 0.039009 0.179762
19 0.590402 0.732738 0.031579 0.170238
20 0.621362 0.732738 0.043963 0.189286
21 0.658514 0.723214 0.078638 0.208333
22 0.700619 0.689881 0.073684 0.179762