0 0.487616 0.551786 0.034056 0.208333
1 0.462848 0.532143 0.034056 0.169048
2 0.435604 0.499405 0.039009 0.236905
3 0.408669 0.494643 0.043344 0.189286
4 0.381115 0.470833 0.039009 0.198810
5 0.351393 0.456548 0.058824 0.208333
6 0.311765 0.442262 0.068731 0.179762
7 0.279567 0.411905 0.073684 0.176190
8 0.519814 0.556548 0.039009 0.198810
9 0.547059 0.548810 0.034056 0.176190
10 0.576780 0.532738 0.034056 0.208333
11 0.604025 0.527976 0.039009 0.179762
12 0.626625 0.508929 0.033437 0.179762
13 0.658514 0.494643 0.048916 0.189286
14 0.695666 0.467262 0.053870 0.191667
15 0.727864 0.447024 0.058824 0.151190
24 0.487616 0.718452 0.024149 0.122619
25 0.460372 0.718452 0.029102 0.122619
26 0.428173 0.718452 0.043963 0.160714
27 0.403406 0.687500 0.053870 0.146429
28 0.381115 0.666071 0.058824 0.170238
29 0.343963 0.632738 0.093498 0.179762
30 0.296904 0.613690 0.078638 0.179762
31 0.239938 0.561310 0.083591 0.113095
16 0.507430 0.723214 0.024149 0.113095
17 0.529721 0.718452 0.029102 0.122619
18 0.566563 0.723214 0.053251 0.151190
19 0.589164 0.699405 0.048916 0.141667
20 0.613932 0.689881 0.048916 0.160714
21 0.658514 0.666071 0.078638 0.170238
22 0.703096 0.632738 0.078638 0.179762
23 0.737771 0.618452 0.048916 0.132143