0 0.487616 0.485119 0.034056 0.246429
1 0.457895 0.485119 0.034056 0.227381
2 0.428173 0.461310 0.034056 0.275000
3 0.391022 0.451786 0.039009 0.236905
4 0.363777 0.442262 0.034056 0.217857
5 0.329102 0.423214 0.053870 0.217857
6 0.289474 0.408929 0.063777 0.208333
7 0.267183 0.323214 0.058824 0.151190
8 0.519814 0.499405 0.039009 0.236905
9 0.549536 0.494643 0.029102 0.227381
10 0.577399 0.475595 0.032817 0.265476
11 0.606502 0.474405 0.034056 0.229762
12 0.636223 0.466071 0.034056 0.227381
13 0.668421 0.456548 0.048916 0.208333
14 0.708050 0.437500 0.058824 0.208333
15 0.731889 0.370833 0.047059 0.170238
24 0.490093 0.713690 0.029102 0.151190
25 0.465325 0.718452 0.029102 0.160714
26 0.425697 0.712500 0.058824 0.153571
27 0.392879 0.701190 0.065015 0.164286
28 0.361610 0.685119 0.068111 0.189286
29 0.324149 0.651786 0.083591 0.217857
30 0.277090 0.613690 0.068731 0.179762
31 0.222601 0.547024 0.088545 0.122619
16 0.519814 0.710714 0.039009 0.157143
17 0.542105 0.718452 0.034056 0.160714
18 0.581734 0.723214 0.063777 0.208333
19 0.607740 0.711905 0.056347 0.185714
20 0.643653 0.699405 0.068731 0.198810
21 0.683282 0.670833 0.078638 0.198810
22 0.722910 0.630357 0.058824 0.184524
23 0.779876 0.592262 0.073684 0.165476