0 0.465325 0.461310 0.048916 0.217857
1 0.428173 0.466071 0.043963 0.189286
2 0.388545 0.470833 0.053870 0.198810
3 0.361300 0.499405 0.039009 0.160714
4 0.329412 0.494643 0.033437 0.189286
5 0.294427 0.513690 0.063777 0.189286
6 0.252322 0.518452 0.058824 0.179762
8 0.514861 0.475595 0.058824 0.189286
9 0.555418 0.494643 0.047059 0.170238
10 0.591641 0.485119 0.043963 0.189286
11 0.621362 0.499405 0.043963 0.179762
12 0.652322 0.508929 0.041486 0.179762
13 0.686997 0.523214 0.056347 0.189286
14 0.725387 0.527976 0.053870 0.160714
24 0.470279 0.632738 0.029102 0.160714
25 0.445511 0.632738 0.029102 0.160714
26 0.415789 0.647024 0.039009 0.189286
27 0.386068 0.645238 0.039009 0.166667
28 0.353870 0.661310 0.034056 0.179762
29 0.311765 0.666071 0.058824 0.170238
30 0.259752 0.675595 0.063777 0.170238
16 0.500000 0.637500 0.029102 0.170238
17 0.532198 0.642262 0.034056 0.179762
18 0.560681 0.651786 0.036533 0.217857
19 0.591641 0.651786 0.034056 0.179762
20 0.623839 0.661310 0.039009 0.179762
21 0.665944 0.673214 0.053870 0.165476
22 0.713003 0.680357 0.058824 0.160714