0 0.497523 0.556548 0.034056 0.179762
2 0.447988 0.542262 0.034056 0.208333
8 0.527245 0.551786 0.034056 0.189286
9 0.547059 0.551786 0.034056 0.170238
10 0.571827 0.508929 0.034056 0.217857
11 0.592570 0.513690 0.032198 0.189286
24 0.502477 0.723214 0.043963 0.113095
25 0.475232 0.723214 0.048916 0.132143
26 0.447988 0.727976 0.063777 0.160714
30 0.294427 0.680357 0.083591 0.179762
16 0.529721 0.708929 0.039009 0.122619
17 0.556966 0.718452 0.043963 0.141667
18 0.586687 0.737500 0.043963 0.198810