0 0.482663 0.499405 0.034056 0.217857
1 0.455418 0.508929 0.029102 0.198810
2 0.425697 0.494643 0.039009 0.227381
3 0.405882 0.502976 0.039009 0.191667
4 0.376161 0.516071 0.039009 0.175000
5 0.346440 0.517262 0.048916 0.177381
6 0.301858 0.508929 0.048916 0.179762
7 0.267183 0.513690 0.048916 0.170238
8 0.512384 0.504167 0.034056 0.227381
9 0.539628 0.499405 0.029102 0.198810
10 0.564396 0.485119 0.039009 0.246429
11 0.596594 0.488690 0.034056 0.220238
12 0.621362 0.485119 0.034056 0.227381
13 0.651084 0.494643 0.043963 0.208333
14 0.690712 0.489881 0.053870 0.198810
15 0.725387 0.466071 0.063777 0.170238
24 0.480186 0.694643 0.029102 0.151190
25 0.460372 0.699405 0.029102 0.179762
26 0.438080 0.713690 0.034056 0.227381
27 0.408359 0.713690 0.034056 0.208333
28 0.381115 0.710714 0.039009 0.195238
29 0.348916 0.704167 0.043963 0.170238
30 0.304025 0.685119 0.063158 0.170238
16 0.500000 0.699405 0.029102 0.179762
17 0.519814 0.704167 0.029102 0.189286
18 0.544582 0.713690 0.039009 0.208333
19 0.574303 0.727976 0.048916 0.217857
20 0.599071 0.704167 0.058824 0.170238
21 0.643653 0.704167 0.078638 0.189286
22 0.690402 0.680357 0.082972 0.160714
23 0.727864 0.642262 0.068731 0.141667